inputs/Middelgrunden/Resource grid 1   Sector 7   Height 64m   Weibull-A.grd
DSAA
 111           201 
 728800        731000
 6176000       6180000
 7.268925      8.795155
[rows 112 to 139 of 201, columns 0 to 62 of 111]
8.003599 8.011979 8.015191 8.02142 8.033623 8.074557 8.101773 8.118988 8.133543 8.143145 8.155604 8.181129 8.208432 8.2182 8.225149 8.23169 8.246833 8.260068 8.269382 8.273076 8.27517 8.285407 8.29828 8.305008 8.313677 8.322947 8.323967 8.336643 8.34919 8.361553 8.366721 8.398543 8.423671 8.433132 8.445836 8.458652 8.467823 8.477817 8.486526 8.494616 8.50257 8.506531 8.50948 8.516479 8.529586 8.533592 8.536915 8.541044 8.545418 8.550589 8.554735 8.560293 8.561718 8.567446 8.562792 8.563472 8.567371 8.570015 8.576738 8.579312 8.578214 8.581676 8.584352
8.005888 8.014286 8.017225 8.024027 8.03429 8.078858 8.103727 8.120563 8.134803 8.14756 8.155773 8.182185 8.210135 8.219889 8.227229 8.23131 8.243039 8.262835 8.272777 8.27532 8.277884 8.288075 8.29617 8.307693 8.316397 8.325351 8.326411 8.338264 8.350444 8.363478 8.36905 8.400676 8.423778 8.435289 8.44805 8.460512 8.469605 8.47963 8.48808 8.496464 8.504203 8.508554 8.511512 8.518438 8.531548 8.535213 8.538594 8.54267 8.546752 8.552434 8.556576 8.5621 8.563165 8.556958 8.564308 8.565115 8.568951 8.571367 8.574792 8.580777 8.579405 8.58303 8.585759
8.00827 8.016604 8.019282 8.026631 8.035463 8.079832 8.105066 8.122244 8.1359 8.149436 8.161438 8.196883 8.211915 8.221765 8.229205 8.232588 8.244079 8.265679 8.275823 8.278371 8.27986 8.290433 8.298448 8.310359 8.319631 8.327346 8.328887 8.338236 8.352214 8.364717 8.371397 8.402904 8.425872 8.437359 8.450109 8.462343 8.471428 8.48137 8.489278 8.497873 8.505921 8.510481 8.51406 8.520506 8.533329 8.536917 8.540303 8.544106 8.548332 8.554337 8.558099 8.563686 8.564722 8.558612 8.565902 8.566763 8.570531 8.572997 8.576189 8.582253 8.586505 8.584461 8.587152
8.010482 8.019138 8.021449 8.044604 8.036627 8.084783 8.106585 8.123963 8.13699 8.150553 8.162524 8.197867 8.212972 8.223581 8.226648 8.234133 8.245619 8.267405 8.276394 8.28146 8.281128 8.291916 8.300981 8.313062 8.32304 8.329754 8.339739 8.34017 8.353726 8.365699 8.373601 8.405052 8.43724 8.439393 8.451982 8.464129 8.473222 8.483183 8.490499 8.499295 8.507587 8.512292 8.51605 8.522424 8.535085 8.538638 8.542008 8.545785 8.550035 8.556125 8.55969 8.565457 8.566304 8.560105 8.56733 8.568468 8.572142 8.574522 8.577599 8.583724 8.587794 8.585863 8.588592
8.007902 8.021725 8.023555 8.031693 8.037786 8.085764 8.09548 8.125573 8.135683 8.152005 8.164695 8.198647 8.216253 8.225398 8.227755 8.235646 8.247456 8.26801 8.279304 8.284702 8.28243 8.292992 8.303475 8.315629 8.326144 8.332072 8.341927 8.342325 8.354884 8.367233 8.378167 8.384076 8.43936 8.441463 8.453795 8.465825 8.474937 8.485072 8.491732 8.500441 8.509239 8.514241 8.518136 8.527024 8.536778 8.540408 8.543574 8.547522 8.55185 8.557772 8.561399 8.567263 8.568038 8.561698 8.568661 8.570052 8.573739 8.576025 8.579076 8.585428 8.589189 8.587237 8.589983
8.010094 8.024322 8.025411 8.034291 8.0398 8.086782 8.101082 8.127282 8.137121 8.151757 8.166865 8.199637 8.216048 8.226578 8.229482 8.237284 8.249036 8.263078 8.282096 8.279037 8.284794 8.293033 8.305195 8.318152 8.329184 8.334441 8.344341 8.344666 8.35609 8.366669 8.381514 8.405375 8.441537 8.443436 8.455691 8.467463 8.476784 8.486962 8.493319 8.50155 8.510923 8.516022 8.52005 8.5288 8.538441 8.54201 8.545198 8.549161 8.553479 8.559032 8.56308 8.569052 8.569396 8.563337 8.570074 8.571687 8.575451 8.577594 8.580453 8.587006 8.590496 8.588607 8.591308
8.012307 8.026981 8.027317 8.036323 8.04258 8.088043 8.102279 8.129288 8.138783 8.15326 8.169083 8.199876 8.216435 8.228164 8.231173 8.238843 8.250064 8.263171 8.283969 8.282303 8.286653 8.293228 8.307268 8.318982 8.33179 8.336667 8.346565 8.347015 8.356804 8.368315 8.381615 8.407656 8.443556 8.445625 8.457563 8.469391 8.4786 8.487872 8.495066 8.502563 8.510727 8.517721 8.522125 8.530622 8.540155 8.543763 8.546942 8.550845 8.555016 8.560471 8.564725 8.57082 8.571089 8.564888 8.571434 8.573175 8.577032 8.579558 8.581988 8.588424 8.592027 8.589952 8.592518
8.014681 8.023389 8.029564 8.038334 8.05574 8.089392 8.107655 8.131285 8.140239 8.154585 8.171156 8.200395 8.216906 8.227535 8.233021 8.240438 8.251087 8.26456 8.285183 8.284887 8.28889 8.294252 8.308825 8.319607 8.334215 8.339531 8.349002 8.349386 8.358319 8.369794 8.382663 8.408878 8.445791 8.447759 8.459482 8.471182 8.480744 8.489617 8.496741 8.503602 8.511924 8.519477 8.524161 8.532306 8.541762 8.545475 8.548667 8.552627 8.556571 8.561937 8.566416 8.572584 8.572748 8.566361 8.57281 8.574753 8.578546 8.58111 8.583516 8.589754 8.593838 8.59129 8.593879
8.019973 8.025571 8.031591 8.040265 8.063452 8.090289 8.109212 8.139925 8.142226 8.151128 8.173019 8.198762 8.217559 8.22266 8.234816 8.242005 8.252161 8.266161 8.286029 8.287143 8.290219 8.295457 8.310421 8.318479 8.335551 8.34274 8.351551 8.351704 8.359753 8.371208 8.384186 8.412249 8.4209 8.457542 8.461412 8.47308 8.482395 8.491075 8.498388 8.504639 8.51311 8.521235 8.528755 8.534015 8.543575 8.54713 8.550311 8.55417 8.558069 8.563425 8.568022 8.574238 8.574423 8.567611 8.574167 8.576414 8.580054 8.58274 8.585064 8.591084 8.595552 8.59887 8.595232
8.021915 8.027932 8.034181 8.042211 8.071242 8.091146 8.110686 8.142043 8.141849 8.152686 8.174129 8.200459 8.215173 8.221817 8.236364 8.243585 8.253542 8.26715 8.286918 8.289262 8.292074 8.29669 8.31207 8.319219 8.336354 8.345898 8.354128 8.354039 8.361626 8.372485 8.383608 8.41737 8.423002 8.459739 8.463316 8.472034 8.484159 8.492417 8.499861 8.506035 8.514362 8.519069 8.529919 8.534303 8.54528 8.548895 8.552195 8.555758 8.559668 8.564899 8.56952 8.575879 8.576064 8.569106 8.575486 8.577971 8.581596 8.584186 8.586397 8.592399 8.596972 8.600356 8.59655
8.023888 8.030625 8.037951 8.045362 8.079008 8.092027 8.111971 8.143049 8.144045 8.159456 8.175667 8.202164 8.215561 8.21872 8.237521 8.245384 8.255154 8.267762 8.287748 8.291213 8.294024 8.300512 8.309194 8.326767 8.337089 8.348878 8.356688 8.35604 8.363461 8.373082 8.385111 8.417411 8.425189 8.46177 8.465142 8.473712 8.486057 8.493758 8.501282 8.507523 8.515481 8.521363 8.531525 8.536184 8.546933 8.550522 8.55378 8.557389 8.561228 8.566407 8.571084 8.577467 8.577636 8.570583 8.576817 8.57987 8.58314 8.585646 8.587637 8.593683 8.598356 8.601903 8.597962
8.026009 8.034636 8.042158 8.049548 8.084881 8.094538 8.11101 8.138624 8.146201 8.160932 8.176894 8.204082 8.215829 8.219224 8.239267 8.246952 8.256418 8.268285 8.288765 8.293229 8.29599 8.301491 8.308896 8.321499 8.337801 8.349935 8.359089 8.358428 8.365579 8.374504 8.404954 8.415275 8.427294 8.463865 8.467005 8.475531 8.48731 8.495049 8.502564 8.509006 8.516599 8.522521 8.531369 8.537855 8.548693 8.552105 8.555389 8.558984 8.562991 8.567966 8.572651 8.578968 8.579144 8.572068 8.577922 8.5815 8.584643 8.587234 8.588511 8.594861 8.59977 8.603266 8.599233
8.028193 8.038326 8.046422 8.053318 8.096744 8.096786 8.112188 8.142332 8.148367 8.162621 8.177919 8.204812 8.213117 8.219712 8.246017 8.248405 8.257668 8.268821 8.289519 8.294762 8.298037 8.302074 8.309604 8.323257 8.338627 8.350994 8.361496 8.368851 8.367539 8.375995 8.406249 8.416984 8.427896 8.438712 8.46885 8.477354 8.489231 8.496321 8.503941 8.510609 8.517827 8.528036 8.532944 8.539498 8.550323 8.553704 8.557005 8.560574 8.56462 8.569453 8.574172 8.580531 8.580626 8.573487 8.578827 8.585851 8.586091 8.58864 8.589969 8.599483 8.60113 8.604936 8.600561
8.030782 8.041875 8.050647 8.057387 8.095011 8.099513 8.11341 8.138136 8.150032 8.16464 8.178653 8.206764 8.219743 8.229445 8.247005 8.249853 8.258901 8.272919 8.28141 8.29614 8.300352 8.303748 8.310782 8.323487 8.339252 8.351972 8.364414 8.371317 8.369569 8.377568 8.407529 8.416597 8.434692 8.442636 8.469148 8.479136 8.490811 8.497512 8.505237 8.512151 8.519287 8.52899 8.534393 8.541024 8.551956 8.555294 8.558576 8.562056 8.566194 8.57086 8.575657 8.581925 8.582086 8.574987 8.580196 8.58713 8.587527 8.590108 8.591562 8.600697 8.602329 8.606429 8.607506
8.03429 8.045462 8.054838 8.061635 8.119248 8.102728 8.114466 8.132835 8.150406 8.166569 8.179325 8.207275 8.220099 8.224347 8.247713 8.251288 8.260093 8.273461 8.281808 8.297238 8.302464 8.305683 8.311913 8.325255 8.339819 8.352931 8.366298 8.373445 8.371304 8.379478 8.408788 8.418248 8.435849 8.444504 8.478931 8.480911 8.492283 8.498929 8.506547 8.513099 8.520795 8.527241 8.53596 8.542399 8.553577 8.556829 8.560134 8.563605 8.567589 8.57231 8.577171 8.583355 8.583567 8.576476 8.581299 8.588127 8.588947 8.591539 8.597748 8.597174 8.603609 8.606644 8.61409
8.037848 8.049025 8.058053 8.066085 8.121642 8.109385 8.115605 8.132489 8.1521 8.168523 8.179954 8.209236 8.219722 8.22334 8.248438 8.252996 8.261371 8.273959 8.282404 8.298328 8.304564 8.307761 8.313002 8.326999 8.33591 8.353793 8.367756 8.375279 8.373542 8.381475 8.410102 8.419595 8.433311 8.446332 8.480817 8.483098 8.492606 8.500727 8.507842 8.51454 8.520843 8.528104 8.537086 8.543786 8.555193 8.558443 8.561798 8.565145 8.569249 8.573763 8.578781 8.58489 8.585111 8.577935 8.582391 8.589349 8.590364 8.592923 8.599133 8.598472 8.603939 8.607953 8.615439
8.041687 8.052539 8.060778 8.076242 8.12448 8.112787 8.116964 8.133777 8.155703 8.170547 8.180565 8.210889 8.221898 8.229802 8.241437 8.255561 8.262497 8.274593 8.283395 8.299918 8.306534 8.309572 8.313875 8.328515 8.336349 8.354965 8.368958 8.376513 8.375329 8.401526 8.411288 8.420793 8.436827 8.447475 8.482664 8.482064 8.494066 8.50155 8.508417 8.516006 8.520839 8.529088 8.537241 8.545248 8.556856 8.559964 8.563395 8.566837 8.570891 8.575241 8.580405 8.586358 8.58656 8.579404 8.583699 8.590704 8.591782 8.594254 8.600481 8.59971 8.605281 8.609298 8.61665
8.04507 8.054742 8.064203 8.080109 8.127236 8.139372 8.119669 8.135268 8.172873 8.17336 8.182392 8.212742 8.224042 8.235389 8.239652 8.256982 8.263647 8.275393 8.28429 8.301571 8.308399 8.311485 8.315337 8.330275 8.334966 8.355993 8.369774 8.378078 8.3769 8.402931 8.41207 8.421525 8.435675 8.451423 8.458167 8.486205 8.495589 8.502983 8.509697 8.517289 8.526702 8.53021 8.538268 8.546768 8.558298 8.561515 8.565022 8.568405 8.572499 8.576581 8.58198 8.587735 8.587867 8.580904 8.585055 8.592003 8.592854 8.59561 8.601812 8.600998 8.606466 8.615411 8.617934
8.047986 8.057859 8.067743 8.078266 8.129709 8.141691 8.123333 8.136312 8.174313 8.176683 8.182059 8.217173 8.226439 8.237957 8.239403 8.258399 8.264852 8.278042 8.285142 8.302593 8.310069 8.313322 8.316545 8.331756 8.340484 8.357306 8.370812 8.380086 8.378524 8.404075 8.412935 8.421797 8.437572 8.452319 8.459344 8.487937 8.497109 8.504478 8.511154 8.518673 8.525179 8.531445 8.539205 8.548116 8.559635 8.563014 8.56656 8.569913 8.574128 8.578042 8.583552 8.589065 8.589231 8.582308 8.586473 8.592752 8.594163 8.596952 8.603152 8.605735 8.607697 8.616643 8.619365
8.051179 8.061086 8.071487 8.082253 8.132338 8.144763 8.127219 8.139166 8.167802 8.176822 8.185629 8.218611 8.228802 8.233603 8.237777 8.259494 8.266173 8.279029 8.286006 8.303695 8.311609 8.315254 8.31852 8.329951 8.346015 8.358315 8.371252 8.381474 8.380068 8.405489 8.413826 8.422036 8.438373 8.452975 8.461034 8.489406 8.498608 8.506001 8.512634 8.520039 8.526866 8.532642 8.540021 8.54915 8.561056 8.564578 8.568084 8.571381 8.575734 8.579477 8.585084 8.590391 8.579219 8.583763 8.587856 8.593947 8.595471 8.598321 8.604465 8.607051 8.608971 8.617845 8.620827
8.054291 8.064061 8.074935 8.086238 8.135306 8.147508 8.130957 8.142426 8.169017 8.178186 8.189232 8.218283 8.230541 8.235888 8.239669 8.253041 8.268748 8.27997 8.286842 8.304194 8.313202 8.317469 8.32053 8.329207 8.343488 8.359367 8.372394 8.387115 8.390033 8.4069 8.41272 8.423212 8.440716 8.453591 8.462255 8.490473 8.499961 8.507505 8.514258 8.52131 8.528197 8.533855 8.540834 8.550269 8.56235 8.566197 8.569619 8.572862 8.577423 8.580962 8.586555 8.587017 8.580629 8.585145 8.589187 8.595195 8.596849 8.6031 8.605852 8.608286 8.610187 8.619087 8.622235
8.056626 8.067318 8.078044 8.09015 8.138072 8.150498 8.134737 8.1456 8.171508 8.180036 8.192578 8.219594 8.232233 8.241607 8.24725 8.255564 8.269839 8.279343 8.287739 8.304683 8.31534 8.319245 8.322456 8.330151 8.345533 8.360647 8.373522 8.388147 8.391451 8.408233 8.414084 8.426058 8.440738 8.453406 8.466116 8.467196 8.498232 8.508984 8.515817 8.522553 8.52937 8.53502 8.54175 8.551213 8.563723 8.567636 8.570033 8.574489 8.57902 8.582417 8.587971 8.588408 8.582128 8.586493 8.590529 8.596362 8.597655 8.604348 8.607081 8.609516 8.611458 8.620251 8.623678
8.059627 8.070444 8.081306 8.093989 8.140876 8.153356 8.138488 8.14922 8.174403 8.191406 8.195831 8.220716 8.238724 8.243769 8.248074 8.254361 8.271362 8.274214 8.288601 8.304916 8.317085 8.321022 8.324386 8.331429 8.346564 8.361406 8.374573 8.388867 8.412147 8.409907 8.415261 8.426927 8.440793 8.453369 8.467644 8.474824 8.499496 8.510646 8.517365 8.52433 8.530467 8.536229 8.54289 8.552088 8.565077 8.568924 8.571641 8.576001 8.580473 8.583892 8.589413 8.589799 8.583505 8.587764 8.591867 8.59748 8.598952 8.605528 8.608275 8.610796 8.612653 8.62148 8.625054
8.062548 8.074379 8.084396 8.098145 8.143888 8.155974 8.142121 8.15313 8.176439 8.193023 8.199145 8.223583 8.240561 8.246058 8.249714 8.257249 8.272423 8.27508 8.289355 8.305135 8.318777 8.323072 8.32647 8.332239 8.345532 8.357953 8.376077 8.389319 8.41377 8.411567 8.416624 8.427826 8.440367 8.453878 8.468529 8.475713 8.500976 8.512267 8.518897 8.525726 8.531621 8.537403 8.544058 8.552916 8.566087 8.570242 8.5732 8.576587 8.581903 8.585327 8.590796 8.591167 8.584846 8.589187 8.593223 8.598646 8.600235 8.606718 8.609311 8.612239 8.613941 8.622589 8.626304
8.065678 8.083593 8.087524 8.102461 8.147356 8.158487 8.145766 8.157105 8.174314 8.194767 8.201655 8.227254 8.241937 8.248269 8.252131 8.257852 8.265284 8.276812 8.290102 8.30586 8.320022 8.325369 8.328456 8.333891 8.342884 8.358696 8.375148 8.390369 8.415406 8.413112 8.418136 8.428824 8.440623 8.454135 8.469335 8.476532 8.50273 8.513848 8.520329 8.527048 8.532742 8.538583 8.545208 8.553754 8.56707 8.571687 8.574714 8.578101 8.583375 8.586771 8.590373 8.592533 8.586182 8.590649 8.594595 8.599729 8.601434 8.607975 8.610556 8.613641 8.615202 8.623728 8.627585
8.069106 8.086349 8.090162 8.108803 8.150815 8.160954 8.149833 8.161933 8.176444 8.192689 8.203093 8.230838 8.243301 8.250314 8.253927 8.260412 8.265262 8.277416 8.290878 8.306752 8.321298 8.327536 8.330027 8.335604 8.343803 8.359259 8.375982 8.391205 8.417119 8.414685 8.419627 8.428897 8.441652 8.454221 8.470066 8.479066 8.480412 8.515417 8.522486 8.528307 8.533819 8.539625 8.546235 8.554658 8.567872 8.57298 8.576219 8.57955 8.584201 8.588311 8.591805 8.593902 8.587491 8.59211 8.595917 8.600859 8.602742 8.609233 8.611891 8.615015 8.620531 8.624859 8.62886
8.068494 8.088986 8.092807 8.115418 8.154227 8.163565 8.153762 8.165742 8.17848 8.192104 8.203967 8.234188 8.244611 8.252212 8.255972 8.263079 8.266295 8.273546 8.291308 8.307463 8.322554 8.32965 8.331545 8.337765 8.345342 8.359613 8.376707 8.392029 8.41874 8.41623 8.421081 8.433138 8.442763 8.454391 8.468037 8.481027 8.481688 8.516975 8.524326 8.52835 8.534874 8.540616 8.547324 8.555823 8.568639 8.573332 8.577521 8.581026 8.585571 8.589643 8.593184 8.595269 8.588856 8.593531 8.597043 8.602021 8.604049 8.606566 8.613214 8.616136 8.621647 8.626065 8.630079
8.071408 8.094145 8.095198 8.118607 8.157491 8.166141 8.157654 8.169582 8.180696 8.194591 8.205162 8.237431 8.246622 8.254069 8.258104 8.265823 8.26744 8.274017 8.29142 8.308254 8.323729 8.331491 8.333083 8.339801 8.34716 8.35955 8.377438 8.392842 8.418015 8.416775 8.424568 8.434489 8.44364 8.454175 8.468262 8.481372 8.482908 8.518472 8.525659 8.529811 8.536119 8.541647 8.548559 8.556039 8.568078 8.574606 8.578765 8.582393 8.587016 8.591246 8.591866 8.596658 8.590236 8.594785 8.598533 8.603203 8.605262 8.607898 8.614431 8.617333 8.622729 8.627212 8.631371
