inputs/Middelgrunden/Resource grid 1   Sector 11   Height 64m   Weibull-A.grd
DSAA
 111           201 
 728800        731000
 6176000       6180000
 6.474391      8.912449
[rows 140 to 167 of 201, columns 0 to 62 of 111]
8.05281 8.063059 8.070426 8.078579 8.109512 8.083298 8.038767 8.035081 8.094182 8.051225 8.095821 8.067186 8.105284 8.117598 8.12279 8.146334 8.158367 8.168344 8.185626 8.176624 8.181534 8.179357 8.201867 8.221459 8.231494 8.249463 8.26771 8.284438 8.284836 8.263009 8.280646 8.292202 8.306526 8.314465 8.315457 8.313057 8.310202 8.313695 8.32411 8.333129 8.341084 8.349019 8.352055 8.368492 8.36797 8.375247 8.382903 8.389277 8.393985 8.40396 8.410682 8.420724 8.431912 8.440833 8.452134 8.468863 8.492919 8.508144 8.514501 8.510394 8.520449 8.527868 8.533111
8.052765 8.060765 8.086761 8.076389 8.012801 8.014422 8.024302 8.091749 8.044482 8.079085 8.093389 8.10058 8.107936 8.128429 8.141845 8.152873 8.154066 8.165627 8.12826 8.135909 8.195994 8.21092 8.231548 8.237118 8.251216 8.264543 8.242002 8.243056 8.255465 8.273088 8.277065 8.288323 8.291107 8.330545 8.294556 8.297223 8.305487 8.314935 8.323476 8.330058 8.334168 8.349463 8.347825 8.351147 8.360351 8.371019 8.374309 8.387938 8.39981 8.4114 8.419671 8.430664 8.442265 8.453753 8.470425 8.496757 8.491779 8.500345 8.509094 8.515273 8.520238 8.524835 8.532228
8.051795 7.989935 7.994027 7.99648 8.03437 8.084662 8.101408 8.119251 8.079187 8.094955 8.080922 8.11344 8.122137 8.131421 8.136064 8.159678 8.123275 8.122733 8.156644 8.199225 8.215419 8.225353 8.236769 8.211504 8.222343 8.235914 8.232445 8.238044 8.240689 8.260609 8.266112 8.27494 8.28044 8.28535 8.287462 8.296471 8.305152 8.313127 8.31439 8.330884 8.363144 8.361659 8.338409 8.348056 8.358863 8.371341 8.388093 8.398773 8.408709 8.419411 8.431721 8.443779 8.465105 8.472918 8.482599 8.488672 8.495706 8.502072 8.507222 8.511867 8.51791 8.532821 8.548275
7.97852 7.986293 8.021012 8.072903 8.048556 8.102825 8.061473 8.059076 8.068148 8.072558 8.101498 8.10828 8.11502 8.124344 8.124506 8.132769 8.133601 8.182273 8.198935 8.212663 8.182714 8.19549 8.204359 8.214828 8.205567 8.207042 8.208461 8.217372 8.247852 8.258513 8.265162 8.270719 8.275853 8.278378 8.286613 8.288299 8.294405 8.348281 8.345492 8.344602 8.35386 8.330559 8.344895 8.354485 8.367696 8.387806 8.398414 8.408227 8.419906 8.435018 8.455278 8.463716 8.469468 8.476435 8.48208 8.488635 8.493754 8.49844 8.505741 8.520823 8.535995 8.540336 8.541923
8.042182 8.021229 8.033985 8.025923 8.039865 8.041681 8.050035 8.054608 8.080856 8.087674 8.0943 8.120893 8.136053 8.129472 8.134822 8.127073 8.156047 8.157166 8.167721 8.181488 8.22003 8.218803 8.22757 8.213642 8.223615 8.233814 8.222563 8.240127 8.249256 8.255178 8.260804 8.266293 8.263579 8.264755 8.269371 8.329854 8.326699 8.332845 8.341722 8.312108 8.32428 8.338062 8.355438 8.376833 8.388178 8.397523 8.40795 8.42195 8.443748 8.450937 8.457555 8.464143 8.469791 8.474676 8.479947 8.4848 8.492576 8.50859 8.523196 8.529413 8.531711 8.540626 8.54518
8.015449 8.027923 8.043131 8.024217 8.028658 8.050942 8.062811 8.066597 8.089478 8.111366 8.126025 8.139574 8.120188 8.123856 8.161923 8.144005 8.146565 8.152835 8.199305 8.197569 8.201013 8.212511 8.204412 8.214012 8.242515 8.220933 8.232563 8.239345 8.245234 8.247846 8.25106 8.23985 8.283389 8.308483 8.317269 8.325253 8.328098 8.294487 8.306376 8.323071 8.341722 8.355692 8.377886 8.386984 8.395898 8.40614 8.418951 8.437892 8.444232 8.451146 8.457584 8.461606 8.46563 8.470931 8.481104 8.496209 8.510157 8.5166 8.519105 8.525751 8.532215 8.53797 8.541228
8.023826 8.01128 8.082046 8.032024 8.045787 8.05753 8.088799 8.099714 8.115788 8.121936 8.128253 8.109119 8.11365 8.150041 8.15923 8.168739 8.173087 8.177082 8.186625 8.192359 8.204852 8.217887 8.22676 8.19512 8.213152 8.222814 8.227817 8.227626 8.226993 8.218443 8.262486 8.286136 8.311548 8.309586 8.315433 8.276866 8.292226 8.306918 8.326671 8.343368 8.359673 8.376141 8.384461 8.389738 8.401818 8.424312 8.431166 8.437901 8.444268 8.448817 8.45164 8.458683 8.47005 8.48383 8.495723 8.503728 8.505893 8.513217 8.519801 8.526422 8.530684 8.535663 8.543089
8.065237 8.008103 8.02966 8.058832 8.077122 8.087005 8.098261 8.103408 8.109226 8.088969 8.079448 8.117371 8.147135 8.141234 8.156164 8.15995 8.170837 8.174965 8.185016 8.197143 8.209448 8.219028 8.186282 8.238825 8.20629 8.206345 8.2056 8.205551 8.254975 8.270327 8.292318 8.296237 8.304563 8.267151 8.278833 8.292321 8.312095 8.329509 8.341861 8.360004 8.368144 8.37719 8.385082 8.397261 8.417731 8.424049 8.430743 8.435541 8.438434 8.445765 8.458023 8.471067 8.481132 8.489455 8.492782 8.499565 8.507317 8.514002 8.519439 8.503122 8.514777 8.517937 8.543781
8.015705 8.056343 8.064507 8.069839 8.077373 8.085238 8.085232 8.082252 8.046816 8.083275 8.104795 8.121243 8.139027 8.145889 8.15026 8.158917 8.166076 8.177032 8.189129 8.200817 8.205837 8.171885 8.220675 8.183866 8.187687 8.191541 8.200267 8.263021 8.279007 8.250019 8.250434 8.258354 8.265864 8.27934 8.291833 8.311741 8.324613 8.338468 8.351766 8.360193 8.367946 8.380486 8.401221 8.41034 8.417074 8.421489 8.425161 8.421712 8.445762 8.458209 8.466168 8.474766 8.479542 8.483976 8.494569 8.50144 8.516686 8.488729 8.492419 8.50391 8.53305 8.539265 8.541995
8.051195 8.054153 8.056959 8.055375 8.051791 8.047657 8.046328 8.015526 8.078712 8.101975 8.116779 8.128647 8.134069 8.140331 8.149981 8.157573 8.168735 8.180662 8.190902 8.193521 8.149173 8.202579 8.171159 8.175662 8.183357 8.251822 8.235768 8.237428 8.248481 8.248993 8.255137 8.264652 8.274073 8.293016 8.305842 8.314306 8.335312 8.343604 8.354214 8.363094 8.375285 8.394455 8.402688 8.421156 8.425477 8.410237 8.433256 8.443862 8.451531 8.459908 8.466678 8.495114 8.501099 8.467681 8.499541 8.502592 8.477613 8.493024 8.522494 8.528674 8.533306 8.535907 8.542103
8.026108 8.026587 8.021025 8.016473 8.020933 8.031992 8.053544 8.078947 8.097334 8.109118 8.115595 8.121341 8.130086 8.138542 8.14826 8.159099 8.16512 8.171421 8.180598 8.174237 8.1519 8.161284 8.167121 8.240047 8.212757 8.224407 8.238705 8.235981 8.24013 8.246418 8.255864 8.27749 8.287484 8.291582 8.309495 8.326668 8.336175 8.348992 8.358372 8.377058 8.387369 8.408113 8.387706 8.409808 8.421976 8.428946 8.436137 8.445249 8.454284 8.434519 8.440971 8.449285 8.481924 8.486891 8.465149 8.481951 8.487145 8.518023 8.522272 8.524621 8.529541 8.537431 8.549558
8.049018 8.057848 8.004072 8.008305 8.026694 8.05068 8.07764 8.090919 8.096218 8.102223 8.10826 8.118052 8.127957 8.133562 8.142701 8.1521 8.162934 8.160788 8.167507 8.140981 8.15119 8.184889 8.202514 8.212084 8.225855 8.233645 8.225306 8.230285 8.237826 8.26195 8.271662 8.281519 8.288068 8.308001 8.318124 8.330314 8.343265 8.353384 8.369515 8.376752 8.375107 8.39888 8.410576 8.414553 8.420076 8.429863 8.451613 8.417447 8.419519 8.428885 8.467926 8.472993 8.482721 8.47002 8.476021 8.50713 8.511405 8.51556 8.517627 8.52459 8.532601 8.54218 8.551434
7.984109 7.987648 8.001634 8.024449 8.058396 8.07204 8.077528 8.082984 8.088514 8.094789 8.101165 8.109382 8.121912 8.134766 8.14295 8.14398 8.144053 8.118361 8.134567 8.174135 8.189403 8.199819 8.208079 8.2188 8.212938 8.213638 8.222006 8.229189 8.255662 8.264679 8.264188 8.281054 8.298845 8.311658 8.325171 8.336848 8.353159 8.362122 8.395467 8.408056 8.396465 8.400668 8.383359 8.424708 8.42963 8.399615 8.400131 8.41138 8.422303 8.46066 8.468716 8.447046 8.46401 8.496065 8.500197 8.504562 8.506429 8.511921 8.519797 8.531203 8.538403 8.547847 8.557504
7.977546 8.003281 8.034618 8.047563 8.059928 8.063769 8.069775 8.073416 8.07935 8.089358 8.101077 8.109435 8.123207 8.126177 8.135358 8.107762 8.115787 8.160446 8.174413 8.18181 8.191479 8.200615 8.208312 8.200809 8.203552 8.227654 8.239088 8.285793 8.245865 8.260893 8.278533 8.291884 8.305446 8.318781 8.329643 8.351886 8.357442 8.396013 8.384184 8.38853 8.38187 8.401032 8.388019 8.414406 8.384 8.393498 8.404519 8.445696 8.453929 8.464283 8.477837 8.484473 8.489295 8.493858 8.498427 8.499592 8.506428 8.513184 8.523531 8.512101 8.546488 8.557916 8.570577
8.009514 8.022534 8.043016 8.045271 8.052939 8.056231 8.062389 8.072169 8.077032 8.087398 8.098756 8.113669 8.118105 8.127644 8.096995 8.139716 8.157752 8.164468 8.173094 8.183453 8.193503 8.197214 8.188696 8.196036 8.221437 8.269979 8.240783 8.240323 8.259504 8.278067 8.286191 8.299911 8.31167 8.339404 8.356471 8.361097 8.375149 8.363148 8.362453 8.367356 8.357106 8.401166 8.369844 8.376821 8.38634 8.428865 8.441381 8.448758 8.466576 8.473289 8.478215 8.482741 8.487101 8.488019 8.493269 8.502397 8.512561 8.514169 8.534946 8.546584 8.556754 8.566272 8.573899
8.020196 8.029515 8.035555 8.04278 8.047041 8.0508 8.054633 8.064752 8.076452 8.089051 8.098181 8.110995 8.066189 8.11737 8.138646 8.147359 8.155332 8.165042 8.175593 8.183614 8.176243 8.178561 8.189653 8.253411 8.258579 8.233354 8.238895 8.258262 8.274272 8.280071 8.294635 8.324922 8.33273 8.355946 8.354888 8.353331 8.352651 8.350182 8.339297 8.364439 8.3551 8.390905 8.399463 8.411531 8.424426 8.43379 8.444736 8.460748 8.466262 8.471634 8.476123 8.480572 8.482296 8.49208 8.491919 8.513076 8.523316 8.532406 8.540724 8.553527 8.561117 8.533886 8.540989
8.023153 8.025721 8.029391 8.028086 8.033169 8.043715 8.055046 8.066254 8.078631 8.087352 8.099799 8.093999 8.11584 8.1273 8.137983 8.146841 8.157296 8.169306 8.172263 8.165006 8.169471 8.192286 8.24219 8.249052 8.221706 8.242959 8.254202 8.260769 8.291883 8.310912 8.349752 8.346082 8.325909 8.337466 8.338405 8.334829 8.344668 8.333448 8.371847 8.374069 8.382148 8.393544 8.407497 8.420799 8.429202 8.447598 8.45401 8.459261 8.464764 8.469612 8.47369 8.48279 8.490932 8.500401 8.510707 8.518485 8.530307 8.540032 8.548162 8.55481 8.526807 8.536139 8.527527
8.00669 8.010009 8.012953 8.022895 8.03398 8.041271 8.05228 8.065845 8.075191 8.070959 8.09113 8.103839 8.116579 8.129504 8.13907 8.151209 8.158418 8.160559 8.154149 8.16185 8.218621 8.233059 8.240919 8.217359 8.233615 8.25039 8.277364 8.292098 8.307694 8.312176 8.311375 8.326414 8.324092 8.319529 8.328403 8.315415 8.357046 8.359052 8.365377 8.374465 8.38977 8.403553 8.413512 8.427013 8.441133 8.446686 8.452648 8.460166 8.465317 8.472968 8.479328 8.487657 8.497638 8.493761 8.491441 8.526454 8.534572 8.541739 8.547893 8.524922 8.517299 8.54584 8.548381
7.994973 7.999604 8.007485 8.018017 8.02791 8.039119 8.053048 8.048174 8.067124 8.081393 8.093387 8.107512 8.121078 8.132877 8.143882 8.1472 8.140814 8.176968 8.199078 8.205584 8.188428 8.200774 8.201315 8.202237 8.224049 8.273854 8.309147 8.296906 8.297754 8.302788 8.316353 8.30569 8.311916 8.296005 8.340838 8.34451 8.34824 8.357028 8.371888 8.385667 8.399555 8.411355 8.420496 8.43399 8.443075 8.446949 8.45727 8.462676 8.468359 8.476184 8.484282 8.480794 8.476265 8.511754 8.520474 8.527754 8.535533 8.51179 8.522027 8.535892 8.538579 8.529171 8.531825
7.982141 7.993225 8.004277 8.013787 8.025517 8.015177 8.031908 8.056183 8.070495 8.085595 8.098779 8.114601 8.125278 8.131887 8.13436 8.161128 8.18083 8.185053 8.196043 8.184052 8.198723 8.209411 8.201575 8.228261 8.292312 8.294083 8.288308 8.287921 8.301656 8.298833 8.295896 8.277495 8.32361 8.329603 8.331808 8.339514 8.354318 8.367179 8.381563 8.397156 8.409784 8.423298 8.433319 8.438878 8.447036 8.452688 8.457864 8.462964 8.470857 8.475951 8.460441 8.496819 8.506093 8.513155 8.522906 8.533165 8.509085 8.526203 8.528846 8.519068 8.521819 8.537801 8.541438
7.979932 7.989887 8.000651 7.991608 8.006585 8.029838 8.047071 8.059067 8.078546 8.090334 8.106275 8.11647 8.119722 8.152651 8.151678 8.165835 8.14957 8.155995 8.140903 8.188659 8.242403 8.241453 8.257713 8.285139 8.28471 8.273449 8.286387 8.284274 8.29665 8.300406 8.309073 8.315031 8.313588 8.321063 8.334488 8.349358 8.363025 8.377419 8.395398 8.415289 8.423172 8.428003 8.437003 8.442553 8.447804 8.45 8.45549 8.461191 8.444591 8.481808 8.491197 8.49822 8.5097 8.520505 8.531365 8.514468 8.506243 8.508974 8.524744 8.528197 8.531563 8.537149 8.561557
7.905645 7.970706 7.980982 7.994206 8.019441 8.038835 8.059718 8.080607 8.118548 8.097712 8.103813 8.105981 8.117227 8.121164 8.119228 8.126968 8.117946 8.144994 8.197309 8.225871 8.203733 8.24772 8.269665 8.27501 8.269972 8.269616 8.274114 8.286009 8.292829 8.299901 8.297161 8.303673 8.316216 8.331256 8.344555 8.358953 8.386684 8.401391 8.412728 8.417754 8.426655 8.432447 8.435959 8.437263 8.439292 8.436347 8.428502 8.468723 8.475261 8.484148 8.496193 8.507206 8.518279 8.490189 8.496258 8.499031 8.515214 8.518491 8.522003 8.526871 8.551017 8.55748 8.564221
7.959233 7.968763 7.982681 8.01103 8.030218 8.051584 8.071219 8.074101 8.088098 8.041253 8.08806 8.086622 8.119578 8.1022 8.118184 8.161082 8.187134 8.209702 8.215133 8.227612 8.257675 8.259435 8.264974 8.254312 8.257118 8.270065 8.266932 8.282868 8.281709 8.284497 8.300061 8.314082 8.32909 8.347047 8.375138 8.391455 8.400912 8.408611 8.41639 8.421709 8.424041 8.423871 8.42486 8.422807 8.435489 8.452772 8.459091 8.469906 8.48204 8.493692 8.505203 8.515627 8.477489 8.488572 8.505196 8.508809 8.512383 8.51643 8.540806 8.548131 8.556353 8.564692 8.574979
7.956129 7.973471 8.001811 8.021526 8.040944 8.060296 8.006461 8.071089 8.071177 8.072757 8.09456 8.078074 8.101963 8.143589 8.179474 8.19346 8.198397 8.201185 8.216687 8.242726 8.249233 8.233711 8.242611 8.244739 8.250786 8.279996 8.264023 8.268191 8.281971 8.299108 8.317045 8.336975 8.363039 8.377234 8.390555 8.400895 8.406344 8.409693 8.41058 8.411743 8.413611 8.418229 8.418751 8.436683 8.442414 8.455552 8.467694 8.479977 8.491996 8.496216 8.509875 8.491729 8.495079 8.498682 8.502369 8.524245 8.531994 8.540102 8.547975 8.556105 8.566006 8.576579 8.584733
7.964362 7.990936 8.024402 8.024976 8.028929 8.04029 8.045938 8.049958 8.069296 8.054926 8.084445 8.125919 8.155564 8.178544 8.180807 8.18391 8.196382 8.20816 8.220031 8.238547 8.227725 8.230489 8.225791 8.234962 8.254145 8.261492 8.267118 8.285295 8.30809 8.316566 8.334695 8.364511 8.379906 8.391177 8.398314 8.396533 8.397058 8.400078 8.401937 8.401812 8.376733 8.419828 8.42914 8.440509 8.453276 8.465847 8.478421 8.482586 8.470883 8.479986 8.484971 8.488689 8.492811 8.516191 8.523599 8.53204 8.540051 8.547652 8.557235 8.567014 8.571241 8.574187 8.576895
7.989604 8.004206 8.018217 8.015331 8.021245 8.026275 8.016828 8.061306 8.065421 8.110303 8.1315 8.160919 8.161747 8.167488 8.175942 8.187308 8.199386 8.211705 8.165551 8.215805 8.20713 8.215827 8.260097 8.251154 8.271509 8.275128 8.284335 8.303923 8.338099 8.356277 8.368921 8.381633 8.387136 8.381485 8.384076 8.387462 8.379186 8.377265 8.393078 8.401536 8.41319 8.425284 8.4383 8.451027 8.464626 8.468625 8.476241 8.492603 8.474667 8.479656 8.484998 8.508249 8.515007 8.523754 8.531958 8.539809 8.547711 8.554243 8.55721 8.559449 8.564573 8.581542 8.596487
7.985908 7.985585 7.996539 8.002727 8.00698 8.03083 8.047669 8.091294 8.107968 8.136779 8.151839 8.148051 8.154062 8.166021 8.178485 8.216263 8.171173 8.199529 8.193177 8.199411 8.246505 8.222169 8.250215 8.268202 8.272175 8.291495 8.328303 8.347334 8.358341 8.369002 8.374081 8.375089 8.370145 8.374436 8.367239 8.36431 8.37597 8.383318 8.397218 8.411469 8.423429 8.437722 8.452572 8.454608 8.462349 8.477971 8.491158 8.471405 8.494942 8.500334 8.506537 8.514966 8.523732 8.531754 8.535784 8.53967 8.542027 8.54533 8.551326 8.574048 8.570307 8.584551 8.60149
7.970596 7.974232 7.981567 8.006694 8.032407 8.071909 8.085885 8.102324 8.130185 8.1442 8.134473 8.147258 8.156747 8.19519 8.181043 8.187984 8.185287 8.185365 8.205299 8.21162 8.241156 8.259717 8.278788 8.279068 8.31855 8.337321 8.349111 8.354186 8.359432 8.361519 8.362937 8.356989 8.354468 8.355501 8.359013 8.367844 8.381463 8.396809 8.411471 8.426199 8.440817 8.440096 8.448896 8.469084 8.479804 8.462896 8.48702 8.492478 8.497977 8.506641 8.515047 8.52162 8.522378 8.52367 8.527695 8.531504 8.542581 8.555706 8.560423 8.574732 8.591705 8.609596 8.609874
