inputs/Middelgrunden/Resource grid 1   Sector 11   Height 64m   Weibull-A.grd
DSAA
 111           201 
 728800        731000
 6176000       6180000
 6.474391      8.912449
[rows 168 to 195 of 201, columns 0 to 62 of 111]
7.955026 7.996196 8.017851 8.049487 8.064013 8.07762 8.105444 8.120866 8.136118 8.127338 8.136498 8.148264 8.159118 8.184403 8.167882 8.171104 8.192009 8.2032 8.231496 8.250902 8.269244 8.285922 8.308414 8.327233 8.341944 8.339982 8.343226 8.347796 8.34898 8.342094 8.343583 8.341969 8.344387 8.357548 8.369489 8.384628 8.399812 8.414611 8.429278 8.426995 8.440236 8.453041 8.468407 8.48035 8.479034 8.484593 8.490045 8.49825 8.506263 8.508708 8.507791 8.509126 8.512991 8.519956 8.532209 8.545065 8.550318 8.564786 8.581239 8.595505 8.599793 8.601479 8.607812
8.000662 8.026025 8.041834 8.054497 8.070241 8.095237 8.110142 8.126582 8.11621 8.126676 8.137245 8.145374 8.159844 8.157239 8.177003 8.196567 8.243359 8.258027 8.261574 8.276776 8.297772 8.317685 8.325911 8.324992 8.326333 8.330931 8.334518 8.30578 8.328757 8.327641 8.337784 8.347576 8.358426 8.372622 8.388191 8.403677 8.421269 8.417481 8.433253 8.445948 8.458456 8.466574 8.476479 8.477517 8.485544 8.49337 8.496984 8.494109 8.493176 8.493382 8.497636 8.508893 8.52163 8.534855 8.539999 8.556927 8.570724 8.585135 8.589745 8.593616 8.595634 8.588449 8.601826
8.019128 8.032409 8.044996 8.070985 8.084417 8.098169 8.110884 8.107335 8.105203 8.122162 8.135236 8.153638 8.165739 8.185519 8.23685 8.232533 8.250512 8.268842 8.287632 8.303147 8.309237 8.309831 8.312207 8.313681 8.317417 8.290406 8.317246 8.320957 8.329538 8.338164 8.346869 8.360404 8.378208 8.396011 8.413629 8.410186 8.425838 8.438648 8.451082 8.460736 8.470178 8.472801 8.480459 8.485185 8.483211 8.47985 8.478951 8.476365 8.484953 8.497665 8.510724 8.524418 8.53032 8.553481 8.555702 8.574629 8.579391 8.583309 8.585215 8.578325 8.580533 8.59755 8.590122
8.021107 8.034491 8.058951 8.070825 8.083959 8.097921 8.092809 8.088788 8.116881 8.13033 8.153794 8.17449 8.200066 8.222482 8.240099 8.256638 8.275647 8.285711 8.292245 8.294041 8.297091 8.297471 8.300856 8.274908 8.303685 8.311934 8.320784 8.327989 8.336524 8.351527 8.370852 8.388255 8.405676 8.402762 8.418209 8.43089 8.443377 8.450941 8.462215 8.473703 8.473575 8.472008 8.469472 8.465537 8.449858 8.450644 8.47358 8.486372 8.499571 8.514378 8.522836 8.542777 8.562021 8.56404 8.56891 8.572791 8.574709 8.56735 8.584931 8.586242 8.579768 8.585947 8.592844
8.03582 8.04405 8.056914 8.07023 8.084719 8.069221 8.097248 8.13665 8.137931 8.164991 8.192492 8.198934 8.228176 8.24159 8.26057 8.267651 8.275144 8.283638 8.281814 8.26699 8.283232 8.288839 8.291012 8.302227 8.310502 8.318213 8.331307 8.344345 8.361548 8.380258 8.397442 8.395073 8.410296 8.422837 8.429553 8.442385 8.456806 8.493644 8.466532 8.458358 8.454706 8.449368 8.436214 8.438335 8.461786 8.475541 8.491103 8.506817 8.514814 8.532559 8.541116 8.553035 8.558212 8.562057 8.563935 8.569823 8.5737 8.57469 8.569525 8.576439 8.583815 8.589139 8.597686
8.030579 8.043972 8.058032 8.049637 8.075005 8.122026 8.123563 8.154692 8.181537 8.189943 8.215243 8.226906 8.238591 8.250468 8.257045 8.238102 8.245236 8.249534 8.264232 8.272416 8.279567 8.290545 8.300968 8.313118 8.32618 8.337187 8.353412 8.37195 8.388999 8.388503 8.401818 8.414616 8.420537 8.433622 8.445736 8.452289 8.452382 8.443289 8.439338 8.425352 8.427839 8.429977 8.453117 8.468036 8.483917 8.499546 8.512123 8.521922 8.530545 8.546389 8.547222 8.551274 8.555458 8.556581 8.562077 8.563758 8.559593 8.566957 8.574402 8.580181 8.588921 8.594814 8.600592
8.031289 8.024159 8.088371 8.102 8.1121 8.14058 8.169645 8.178488 8.199975 8.212043 8.221868 8.231166 8.234879 8.238569 8.243162 8.230928 8.245407 8.255656 8.266661 8.272178 8.293406 8.305607 8.320093 8.33092 8.310866 8.360261 8.377851 8.379916 8.393096 8.405696 8.41116 8.423572 8.431984 8.436916 8.436193 8.432543 8.426653 8.417004 8.419518 8.422927 8.446554 8.460464 8.476213 8.491744 8.501959 8.511512 8.520053 8.534481 8.533123 8.54041 8.546976 8.544884 8.552265 8.553459 8.549948 8.557212 8.564781 8.570704 8.576919 8.586374 8.591364 8.584707 8.581752
8.058084 8.080198 8.147747 8.125955 8.157592 8.168117 8.169783 8.196768 8.205777 8.211498 8.215928 8.221817 8.208325 8.216121 8.236246 8.237625 8.256974 8.270926 8.285264 8.297232 8.310832 8.324671 8.301571 8.317967 8.368586 8.371013 8.384125 8.388024 8.436669 8.447117 8.414543 8.415873 8.416537 8.419729 8.423794 8.408587 8.411287 8.430866 8.439754 8.45309 8.46843 8.48385 8.491788 8.499745 8.509559 8.518768 8.521412 8.526643 8.534393 8.53229 8.540387 8.545763 8.540793 8.547447 8.555035 8.561324 8.567973 8.571179 8.569683 8.571638 8.572334 8.581766 8.598322
8.130094 8.160772 8.140049 8.153178 8.155619 8.181005 8.189051 8.193055 8.195487 8.204391 8.190643 8.213465 8.222333 8.229105 8.228245 8.259722 8.275784 8.288945 8.301315 8.318594 8.292368 8.30739 8.359252 8.361773 8.374799 8.416535 8.429363 8.427395 8.426759 8.396634 8.400254 8.412786 8.415709 8.400204 8.40266 8.425003 8.433681 8.44465 8.460441 8.473618 8.482052 8.489725 8.498815 8.50797 8.517131 8.51713 8.52108 8.522007 8.525677 8.530169 8.533443 8.539981 8.546896 8.552427 8.549499 8.549534 8.551998 8.561522 8.562904 8.579377 8.605706 8.611065 8.614646
8.169456 8.138927 8.141204 8.147087 8.172008 8.17449 8.177786 8.185788 8.194824 8.190964 8.205143 8.204765 8.218305 8.248133 8.264499 8.280281 8.293081 8.269806 8.284328 8.297612 8.349619 8.35266 8.373402 8.407656 8.408395 8.408464 8.407825 8.406621 8.385856 8.401637 8.407309 8.410075 8.409973 8.418596 8.427379 8.437046 8.452093 8.463087 8.471412 8.479264 8.487617 8.497227 8.507465 8.507957 8.51036 8.511839 8.515519 8.522246 8.525883 8.532718 8.539942 8.527903 8.531564 8.537005 8.541691 8.55125 8.554516 8.586571 8.595269 8.6005 8.604202 8.598456 8.602949
8.124763 8.12807 8.15299 8.156314 8.161686 8.167822 8.179317 8.185467 8.192044 8.200951 8.226644 8.237461 8.252285 8.26988 8.284369 8.258603 8.275018 8.288552 8.340918 8.344735 8.385096 8.390181 8.389462 8.389431 8.388604 8.392591 8.374151 8.387848 8.398775 8.401118 8.407388 8.412134 8.420703 8.429689 8.443921 8.452517 8.460832 8.468818 8.47712 8.486795 8.496015 8.498686 8.499804 8.502163 8.50683 8.514089 8.518294 8.518838 8.505466 8.514863 8.521636 8.52643 8.531158 8.541029 8.568473 8.577484 8.586463 8.591211 8.593531 8.597872 8.592231 8.596906 8.601592
8.115745 8.140047 8.146881 8.154726 8.163915 8.169313 8.178472 8.190506 8.216493 8.227481 8.240871 8.258402 8.273567 8.247225 8.264583 8.316142 8.330332 8.332604 8.368482 8.366453 8.366847 8.369682 8.370486 8.378779 8.391582 8.373229 8.386914 8.392411 8.400221 8.405165 8.413801 8.422434 8.43392 8.441835 8.4503 8.458209 8.466625 8.475913 8.485187 8.495374 8.489176 8.47808 8.484711 8.497355 8.496137 8.490373 8.497029 8.504194 8.510608 8.515638 8.520556 8.536965 8.55605 8.568535 8.577419 8.582251 8.584549 8.587321 8.581207 8.585982 8.591421 8.61417 8.606211
8.133287 8.141802 8.149266 8.153398 8.165024 8.180619 8.205213 8.217182 8.230632 8.246454 8.218537 8.236632 8.253648 8.305667 8.319318 8.327396 8.346342 8.349999 8.350257 8.35013 8.360692 8.367521 8.377853 8.389183 8.372884 8.38465 8.392653 8.428928 8.40655 8.41511 8.422646 8.431332 8.439509 8.447536 8.455875 8.464863 8.474087 8.4857 8.477942 8.468387 8.476164 8.464003 8.468062 8.477183 8.48633 8.493571 8.499352 8.504449 8.509706 8.53829 8.547051 8.559511 8.568267 8.573168 8.575638 8.578488 8.570714 8.575054 8.581062 8.604329 8.611321 8.603943 8.618386
8.136242 8.141694 8.153209 8.169947 8.193322 8.205781 8.220184 8.235774 8.251731 8.225159 8.242141 8.292973 8.307328 8.30736 8.314424 8.329956 8.330076 8.337926 8.349261 8.360585 8.366117 8.375874 8.358228 8.374833 8.413024 8.421425 8.430057 8.407484 8.412211 8.420515 8.428987 8.436939 8.445251 8.45402 8.463634 8.468286 8.469754 8.455565 8.437864 8.436875 8.458917 8.466366 8.475344 8.482722 8.488006 8.494576 8.521939 8.529165 8.538069 8.546691 8.559066 8.563994 8.566583 8.569576 8.572477 8.56469 8.587833 8.59449 8.601361 8.593773 8.608112 8.627922 8.631942
8.141282 8.159155 8.180512 8.193774 8.209712 8.229033 8.247148 8.25791 8.226759 8.279942 8.28979 8.294724 8.29282 8.305667 8.315245 8.326073 8.337126 8.348499 8.354242 8.362758 8.373054 8.362555 8.405309 8.4137 8.422229 8.398525 8.401509 8.409633 8.418127 8.426065 8.434575 8.443401 8.461371 8.459963 8.433822 8.415369 8.41958 8.42968 8.45335 8.461484 8.469081 8.474279 8.477311 8.510644 8.512453 8.520103 8.528638 8.537521 8.545936 8.554779 8.557419 8.560597 8.563637 8.556521 8.580018 8.585514 8.591725 8.583398 8.597826 8.618046 8.621532 8.624238 8.626773
8.166169 8.182527 8.202761 8.223155 8.23524 8.246764 8.208449 8.226365 8.266442 8.279681 8.283107 8.287153 8.303273 8.313948 8.325141 8.336359 8.346526 8.351049 8.361809 8.349104 8.395975 8.405424 8.413975 8.419909 8.391647 8.398802 8.407081 8.415133 8.423609 8.433825 8.442386 8.427029 8.397798 8.404006 8.412107 8.422245 8.439719 8.456249 8.464051 8.468432 8.49039 8.501223 8.503061 8.510844 8.519485 8.528099 8.536781 8.536356 8.540451 8.545002 8.549654 8.54834 8.572192 8.577866 8.58405 8.574949 8.587416 8.607761 8.61038 8.612991 8.61559 8.61814 8.620876
8.192592 8.209539 8.222613 8.23556 8.24757 8.200729 8.246976 8.259851 8.264453 8.274913 8.291414 8.30207 8.313015 8.323895 8.333616 8.338971 8.350426 8.337222 8.384107 8.397022 8.405389 8.409935 8.381661 8.38635 8.396003 8.404628 8.413459 8.418162 8.402943 8.381419 8.388401 8.395891 8.40487 8.414839 8.428201 8.451063 8.458792 8.47019 8.489991 8.491786 8.493315 8.501493 8.510092 8.518611 8.527246 8.527532 8.532189 8.536775 8.541123 8.546627 8.56441 8.570045 8.576433 8.566861 8.576975 8.596378 8.599059 8.601626 8.604282 8.606966 8.610964 8.615002 8.620873
8.210626 8.224154 8.215358 8.177422 8.253447 8.241171 8.25226 8.262649 8.275978 8.290222 8.300905 8.311061 8.320941 8.331632 8.340292 8.355236 8.37126 8.386897 8.393763 8.399815 8.40307 8.375756 8.384543 8.393808 8.391135 8.377667 8.382282 8.369113 8.378325 8.387934 8.397172 8.407594 8.420943 8.445643 8.454425 8.478531 8.480148 8.481982 8.483585 8.492307 8.500585 8.50906 8.517501 8.518952 8.523497 8.528072 8.532842 8.538647 8.544028 8.562201 8.568553 8.558834 8.565698 8.585878 8.587623 8.590376 8.593134 8.59648 8.601836 8.604155 8.631021 8.65479 8.655543
8.195229 8.203467 8.191125 8.226118 8.239827 8.249837 8.2623 8.275935 8.28907 8.298401 8.308011 8.319086 8.329999 8.344095 8.359222 8.374175 8.386055 8.389709 8.393154 8.396181 8.373564 8.364584 8.356777 8.36294 8.370916 8.356579 8.369022 8.380061 8.389363 8.40007 8.424336 8.43857 8.466059 8.468612 8.470351 8.472009 8.473763 8.482912 8.491076 8.499381 8.507701 8.509929 8.514622 8.519535 8.524701 8.530226 8.536071 8.550289 8.560762 8.549512 8.556389 8.577037 8.577909 8.578934 8.581804 8.589159 8.596135 8.605526 8.641884 8.644131 8.650371 8.654655 8.658511
8.213593 8.210463 8.226996 8.237656 8.248901 8.263814 8.275147 8.285497 8.295025 8.307879 8.318813 8.333637 8.347638 8.360643 8.37407 8.379171 8.382732 8.382275 8.33443 8.337671 8.332638 8.33688 8.339991 8.347299 8.359723 8.371996 8.381651 8.39243 8.416641 8.448147 8.456531 8.458531 8.46021 8.461893 8.463503 8.473654 8.481569 8.489775 8.498023 8.500876 8.505641 8.510631 8.516351 8.522149 8.527922 8.542309 8.548623 8.557011 8.547087 8.568164 8.569097 8.569998 8.578083 8.587838 8.596414 8.609043 8.632751 8.637231 8.64182 8.646358 8.651484 8.656588 8.660389
8.212925 8.225319 8.236523 8.250012 8.262333 8.271519 8.282044 8.296619 8.307203 8.322483 8.33196 8.347551 8.359252 8.368494 8.363386 8.33821 8.324163 8.312359 8.321515 8.324079 8.326502 8.338244 8.350555 8.363427 8.387361 8.396473 8.419022 8.44425 8.446269 8.448335 8.449803 8.45153 8.453194 8.464161 8.472198 8.480079 8.488225 8.491752 8.496408 8.501765 8.50771 8.513717 8.519575 8.534382 8.538995 8.537458 8.543575 8.559299 8.56099 8.568557 8.578931 8.587371 8.595638 8.614146 8.62488 8.62859 8.634499 8.640335 8.645165 8.648266 8.653954 8.66227 8.666891
8.224224 8.23527 8.249213 8.25855 8.268771 8.284903 8.295277 8.310627 8.319578 8.33355 8.343479 8.340736 8.324667 8.311604 8.316523 8.328418 8.308761 8.310951 8.316948 8.329204 8.358828 8.369776 8.379865 8.389631 8.425977 8.433788 8.435792 8.437712 8.439455 8.440929 8.442461 8.454676 8.462517 8.470498 8.47864 8.482492 8.487303 8.492859 8.498939 8.505056 8.511292 8.524343 8.52932 8.526384 8.533233 8.553248 8.559028 8.56979 8.577753 8.585804 8.590075 8.609642 8.617307 8.622607 8.628232 8.633099 8.63625 8.640308 8.647624 8.655117 8.659076 8.663113 8.667907
8.235546 8.245543 8.256462 8.272905 8.282898 8.298059 8.308831 8.313124 8.308501 8.30616 8.316894 8.305373 8.310205 8.320002 8.295638 8.297535 8.308088 8.339218 8.349628 8.360522 8.371841 8.40532 8.415555 8.422024 8.422308 8.427087 8.428774 8.430414 8.432491 8.44498 8.452807 8.460637 8.468618 8.473287 8.478271 8.483979 8.490114 8.496155 8.501091 8.515011 8.510819 8.516492 8.527797 8.549464 8.559861 8.56734 8.575474 8.578299 8.585276 8.604658 8.611096 8.615572 8.620033 8.623895 8.628249 8.632195 8.641197 8.647176 8.651279 8.655484 8.660961 8.666409 8.672462
8.244632 8.260621 8.26954 8.28501 8.286427 8.275711 8.281359 8.291956 8.2921 8.298907 8.303519 8.31153 8.312516 8.286582 8.299202 8.328703 8.339699 8.351388 8.378549 8.395186 8.405478 8.409977 8.416306 8.416513 8.41815 8.421825 8.425131 8.435677 8.443067 8.450891 8.458695 8.463827 8.468981 8.475245 8.481321 8.486825 8.490073 8.494377 8.500881 8.513523 8.529931 8.549693 8.557456 8.563998 8.566736 8.570111 8.586556 8.598544 8.604254 8.606448 8.610366 8.614763 8.619601 8.625697 8.634356 8.639272 8.643219 8.648109 8.65367 8.659291 8.665628 8.671103 8.669252
8.256072 8.262417 8.253614 8.261439 8.270315 8.271374 8.287485 8.292023 8.297153 8.301581 8.321247 8.304538 8.290359 8.318573 8.329994 8.349992 8.374818 8.383715 8.393036 8.397629 8.402925 8.407415 8.411012 8.414577 8.418011 8.426048 8.433168 8.440866 8.448691 8.45421 8.459864 8.466229 8.472524 8.476038 8.479129 8.485353 8.494589 8.511324 8.529188 8.547202 8.551769 8.555124 8.55856 8.561815 8.584599 8.590723 8.594231 8.59721 8.601477 8.606166 8.611249 8.618893 8.627024 8.631177 8.635244 8.640388 8.646237 8.651803 8.658559 8.664287 8.663654 8.674891 8.691618
8.239741 8.248604 8.258035 8.267371 8.275767 8.284083 8.292135 8.310652 8.311031 8.295683 8.281703 8.308748 8.320835 8.351933 8.362368 8.372207 8.381029 8.384964 8.390326 8.40006 8.403796 8.407199 8.410697 8.416523 8.423408 8.430696 8.438369 8.4443 8.450586 8.457056 8.461381 8.464704 8.470838 8.489436 8.496767 8.51342 8.526727 8.539897 8.543207 8.54673 8.550361 8.556264 8.577746 8.581376 8.58465 8.587664 8.592574 8.597649 8.602506 8.612198 8.618789 8.623201 8.627345 8.632877 8.638511 8.645247 8.651209 8.660342 8.659298 8.678918 8.684698 8.687826 8.690091
8.245704 8.255322 8.265581 8.288108 8.286451 8.302464 8.288633 8.286834 8.316439 8.285439 8.329181 8.33959 8.349854 8.359774 8.369015 8.377074 8.377519 8.387204 8.396421 8.39997 8.403291 8.407089 8.413912 8.420953 8.428028 8.434411 8.440891 8.446228 8.4504 8.466938 8.475823 8.474251 8.497496 8.509557 8.518218 8.531109 8.534967 8.539112 8.544326 8.556668 8.567864 8.571527 8.574904 8.578965 8.583226 8.588717 8.595233 8.604777 8.610346 8.614714 8.619493 8.625529 8.63098 8.637689 8.643671 8.65346 8.654418 8.674429 8.677278 8.679401 8.682859 8.69268 8.698836
8.253918 8.274814 8.296598 8.294675 8.278566 8.278761 8.292278 8.303624 8.317506 8.327212 8.337628 8.34619 8.356716 8.365324 8.369729 8.383728 8.388916 8.392439 8.39586 8.397305 8.404066 8.411161 8.4183 8.424808 8.430514 8.435567 8.442692 8.4621 8.459522 8.477205 8.492359 8.501538 8.510567 8.522374 8.529134 8.533867 8.536913 8.553017 8.558242 8.561657 8.565578 8.570019 8.574409 8.579798 8.588012 8.597305 8.601756 8.606261 8.611667 8.617539 8.623648 8.630357 8.636339 8.635284 8.649322 8.666531 8.668781 8.671745 8.677854 8.683243 8.686582 8.684921 8.681972
