inputs/Middelgrunden/Resource grid 1   Sector 6   Height 64m   Sector frequency.grd
DSAA
 111           201 
 728800        731000
 6176000       6180000
 7.184433E-02  7.316011E-02
[rows 161 to 183 of 201, columns 53 to 105 of 111]
7.209637E-02 7.209434E-02 7.209557E-02 7.209568E-02 7.209685E-02 7.209715E-02 7.209845E-02 7.204758E-02 7.208617E-02 7.208735E-02 7.208821E-02 .0720868 7.208139E-02 .0720773 7.207076E-02 7.207068E-02 7.206126E-02 7.205568E-02 7.205489E-02 7.205304E-02 7.205068E-02 7.204537E-02 7.204507E-02 .0720451 7.204702E-02 .0720504 7.205178E-02 7.205337E-02 7.205305E-02 7.205605E-02 7.206213E-02 7.207695E-02 7.207613E-02 7.207458E-02 .0720579 7.205251E-02 7.205082E-02 .0720486 7.204822E-02 7.206021E-02 7.205904E-02 7.205945E-02 7.205895E-02 7.205535E-02 7.209896E-02 7.209773E-02 7.209416E-02 7.208827E-02 7.207897E-02 7.207598E-02 7.207447E-02 7.207248E-02 7.207526E-02
7.209128E-02 7.209292E-02 7.209533E-02 7.209516E-02 7.209634E-02 .0720512 7.205114E-02 7.209018E-02 7.208846E-02 7.208462E-02 7.208498E-02 7.208106E-02 7.207841E-02 .0720772 .0720752 7.207277E-02 7.206216E-02 7.205524E-02 7.204895E-02 7.204667E-02 .0720437 7.204525E-02 .0720442 7.204548E-02 7.204341E-02 7.204381E-02 7.204813E-02 7.205297E-02 7.203814E-02 7.205763E-02 7.206175E-02 7.206488E-02 7.207503E-02 7.207343E-02 7.205437E-02 .0720493 7.204905E-02 .0720493 7.204931E-02 7.206099E-02 7.205994E-02 7.205918E-02 7.205651E-02 7.205386E-02 7.209758E-02 7.208528E-02 7.208267E-02 7.207908E-02 7.208125E-02 7.208288E-02 7.208058E-02 7.207768E-02 7.207447E-02
7.209336E-02 7.209324E-02 7.204894E-02 7.204813E-02 7.204799E-02 .0720483 7.204352E-02 7.208657E-02 7.208595E-02 7.208498E-02 7.208497E-02 7.208414E-02 7.207899E-02 .0720767 7.207385E-02 7.207169E-02 7.205647E-02 7.205247E-02 7.204653E-02 7.204506E-02 7.204583E-02 7.204445E-02 7.204649E-02 7.204203E-02 7.204278E-02 7.204363E-02 7.204688E-02 7.205033E-02 7.205348E-02 7.203813E-02 7.203793E-02 7.205698E-02 7.207122E-02 7.206731E-02 7.205145E-02 .0720484 7.204831E-02 7.205043E-02 7.204571E-02 7.204556E-02 7.206039E-02 7.206015E-02 7.205015E-02 7.204331E-02 7.208761E-02 7.209103E-02 7.209028E-02 7.208801E-02 7.208569E-02 7.208425E-02 7.207984E-02 7.207735E-02 7.207251E-02
7.204936E-02 7.204627E-02 7.204494E-02 7.204331E-02 7.204392E-02 7.204344E-02 7.203697E-02 7.208708E-02 7.208997E-02 7.209177E-02 7.208655E-02 .0720806 7.207395E-02 .0720696 7.206682E-02 .0720659 7.205442E-02 7.205411E-02 7.205152E-02 7.204791E-02 7.204484E-02 7.204217E-02 7.204162E-02 7.204443E-02 7.204572E-02 7.204345E-02 7.204377E-02 7.204654E-02 7.204866E-02 7.203034E-02 7.203156E-02 7.203164E-02 7.206535E-02 7.206643E-02 7.205115E-02 7.205022E-02 7.204904E-02 7.204597E-02 7.204627E-02 7.204268E-02 7.203535E-02 7.205259E-02 .0720548 7.205299E-02 7.209657E-02 7.209402E-02 7.209004E-02 7.208595E-02 7.208595E-02 7.208297E-02 7.207994E-02 .0720752 .0720704
7.204737E-02 7.204304E-02 7.203912E-02 .0720394 7.203963E-02 7.203574E-02 7.203904E-02 7.208862E-02 7.209024E-02 7.208896E-02 7.208268E-02 7.207529E-02 7.206944E-02 7.206676E-02 7.206458E-02 7.206342E-02 7.206208E-02 .0720556 7.205552E-02 7.205019E-02 .0720458 7.204254E-02 7.204118E-02 7.204271E-02 7.204463E-02 .072046 7.204299E-02 .0720399 7.204115E-02 7.202459E-02 7.202662E-02 7.203016E-02 7.203225E-02 .0720472 7.204947E-02 7.204837E-02 7.204772E-02 7.203716E-02 7.204285E-02 .0720472 .0720436 7.204346E-02 7.205509E-02 7.205048E-02 7.209552E-02 7.209363E-02 7.208937E-02 .0720881 7.208531E-02 7.208355E-02 7.207852E-02 7.207319E-02 7.206944E-02
7.204588E-02 .0720435 7.204043E-02 7.203971E-02 7.203737E-02 7.203817E-02 7.203658E-02 7.208082E-02 7.208135E-02 .0720816 7.208169E-02 7.207717E-02 7.207195E-02 7.206749E-02 7.206403E-02 .0720637 7.206415E-02 7.205436E-02 7.205585E-02 7.205436E-02 7.204995E-02 7.204469E-02 7.204193E-02 7.204231E-02 7.203954E-02 7.204098E-02 7.203875E-02 .0720383 7.203788E-02 7.204014E-02 7.202429E-02 7.202622E-02 7.202872E-02 .0720446 7.202484E-02 7.204565E-02 7.204552E-02 7.204671E-02 7.204513E-02 7.204475E-02 .0720418 7.203939E-02 7.205307E-02 7.204989E-02 7.209574E-02 7.209352E-02 7.208999E-02 7.208724E-02 7.208464E-02 7.208139E-02 7.207676E-02 7.206955E-02 7.205084E-02
7.205692E-02 7.205109E-02 7.204818E-02 .0720421 7.203344E-02 7.203386E-02 7.203109E-02 7.207514E-02 7.207657E-02 7.207963E-02 7.208138E-02 7.207607E-02 7.207355E-02 7.206891E-02 7.206696E-02 7.206482E-02 7.206447E-02 7.205505E-02 7.205656E-02 7.205531E-02 7.205346E-02 7.204991E-02 7.204169E-02 .0720367 7.203519E-02 7.203217E-02 7.203522E-02 7.203577E-02 7.203767E-02 7.203569E-02 7.202161E-02 7.202038E-02 7.202706E-02 7.202951E-02 7.203212E-02 7.202806E-02 7.203167E-02 7.204575E-02 7.204363E-02 7.204116E-02 .0720378 .0720357 7.203452E-02 7.204996E-02 7.209613E-02 7.209457E-02 7.209121E-02 7.208738E-02 7.208457E-02 7.207274E-02 7.206974E-02 .072056 7.205281E-02
.0720591 .0720548 .0720481 7.203574E-02 7.203078E-02 7.203107E-02 7.203055E-02 7.207374E-02 7.207539E-02 7.207943E-02 .0720804 7.208071E-02 7.207717E-02 .0720728 7.206988E-02 7.206807E-02 7.206492E-02 .0720551 7.205643E-02 .0720553 7.205044E-02 .0720485 7.204392E-02 7.203786E-02 7.203232E-02 7.203075E-02 7.203121E-02 7.203249E-02 7.203488E-02 7.203809E-02 7.202017E-02 .0720221 7.202485E-02 .0720247 7.202692E-02 7.202388E-02 7.202841E-02 7.203241E-02 7.204091E-02 7.203813E-02 7.203468E-02 7.203374E-02 7.203516E-02 7.203483E-02 7.209692E-02 7.209541E-02 7.209181E-02 7.208133E-02 7.207779E-02 7.207385E-02 7.206051E-02 .0720581 7.205528E-02
7.205383E-02 7.204945E-02 7.204201E-02 7.203378E-02 7.203577E-02 7.203265E-02 7.203129E-02 7.207456E-02 7.207596E-02 7.207968E-02 7.208373E-02 7.208163E-02 7.207789E-02 7.207449E-02 7.207366E-02 7.207067E-02 7.206712E-02 7.205343E-02 .0720516 .0720512 7.204993E-02 7.204544E-02 7.204554E-02 7.204394E-02 7.203615E-02 7.203766E-02 .0720319 .0720312 7.203393E-02 7.203504E-02 7.201859E-02 7.201951E-02 7.201885E-02 7.201993E-02 7.200611E-02 7.202238E-02 7.202356E-02 7.202812E-02 7.202908E-02 .0720292 7.203437E-02 7.203382E-02 7.203525E-02 7.203417E-02 7.208008E-02 7.208863E-02 7.208568E-02 7.208225E-02 7.207728E-02 7.206371E-02 7.206211E-02 .072059 7.205489E-02
7.205158E-02 7.204877E-02 .0720407 7.203598E-02 7.203636E-02 7.203423E-02 7.207607E-02 7.207773E-02 7.208121E-02 7.208227E-02 7.208311E-02 7.208013E-02 7.207794E-02 7.207491E-02 7.207262E-02 7.207123E-02 7.206516E-02 .0720498 7.204607E-02 7.204711E-02 7.204919E-02 7.205003E-02 7.205724E-02 7.204919E-02 7.204533E-02 7.203895E-02 7.203377E-02 7.203244E-02 7.203244E-02 7.203133E-02 7.203297E-02 7.201659E-02 7.202056E-02 .072018 7.200244E-02 7.201667E-02 .072019 7.202081E-02 7.202458E-02 7.202763E-02 7.202785E-02 .072035 7.202902E-02 7.207149E-02 .0720745 .0720897 7.208578E-02 .0720823 7.206778E-02 7.206422E-02 7.206097E-02 .0720587 7.205731E-02
7.205628E-02 7.204581E-02 7.204351E-02 7.204405E-02 7.203852E-02 7.203665E-02 7.208086E-02 7.207674E-02 .0720818 7.208202E-02 7.208332E-02 .0720812 7.207937E-02 7.207418E-02 7.206951E-02 7.206774E-02 7.206204E-02 7.205694E-02 7.205199E-02 7.205574E-02 .0720516 7.205206E-02 7.205169E-02 7.205199E-02 7.205003E-02 7.204515E-02 7.203864E-02 7.203275E-02 7.203006E-02 7.202952E-02 7.203076E-02 7.201412E-02 7.201565E-02 .0720147 7.200076E-02 7.201458E-02 7.201515E-02 7.201876E-02 7.202003E-02 7.202429E-02 7.201985E-02 7.202221E-02 7.202252E-02 7.207306E-02 7.207581E-02 .0720734 .072087 7.207034E-02 7.206717E-02 7.206558E-02 7.206456E-02 7.206172E-02 7.206053E-02
7.205569E-02 7.205199E-02 7.204765E-02 7.204501E-02 7.204637E-02 7.204342E-02 7.208598E-02 7.208081E-02 7.207939E-02 7.207979E-02 7.207955E-02 .0720827 7.207891E-02 7.207368E-02 7.206839E-02 7.207066E-02 .0720712 .072065 7.204874E-02 7.204806E-02 7.205055E-02 7.205208E-02 .0720527 7.205372E-02 7.205133E-02 7.204589E-02 .0720413 7.203651E-02 7.203316E-02 7.203074E-02 .0720285 7.201105E-02 7.200792E-02 7.201249E-02 7.200199E-02 7.200211E-02 7.201491E-02 7.201627E-02 7.201303E-02 7.201488E-02 7.201715E-02 7.202174E-02 7.202437E-02 .0720702 7.207642E-02 7.206926E-02 7.205548E-02 .0720691 7.206872E-02 7.206605E-02 7.206108E-02 7.205843E-02 7.205369E-02
7.204764E-02 7.205214E-02 7.205577E-02 7.204571E-02 7.204345E-02 7.204241E-02 7.208414E-02 7.208323E-02 7.208265E-02 7.208291E-02 7.208309E-02 7.208249E-02 7.208358E-02 7.208382E-02 7.207531E-02 7.206532E-02 7.206503E-02 7.206345E-02 7.205325E-02 7.205245E-02 7.205167E-02 7.205201E-02 7.205205E-02 7.205053E-02 7.204857E-02 7.204699E-02 7.204522E-02 7.204306E-02 .0720362 7.203226E-02 7.202834E-02 7.202864E-02 7.200721E-02 7.201171E-02 .0719997 7.199617E-02 7.201031E-02 7.201196E-02 7.201439E-02 7.201589E-02 7.201578E-02 .0720232 7.202437E-02 7.206766E-02 7.207005E-02 7.205541E-02 7.205471E-02 7.205013E-02 7.206131E-02 7.205603E-02 7.205302E-02 7.205062E-02 7.204742E-02
7.204842E-02 7.205006E-02 7.204854E-02 .0720492 7.204521E-02 7.204275E-02 7.208467E-02 7.208576E-02 7.209038E-02 7.209305E-02 7.209216E-02 7.209091E-02 7.207956E-02 7.207631E-02 7.206849E-02 .0720695 7.206745E-02 7.206754E-02 7.206014E-02 .0720576 7.205544E-02 7.205309E-02 7.205284E-02 7.205135E-02 7.205063E-02 7.205088E-02 7.204886E-02 7.204481E-02 7.203995E-02 7.203344E-02 7.203341E-02 7.202859E-02 7.200942E-02 7.200174E-02 7.198973E-02 7.199132E-02 7.199676E-02 7.201586E-02 7.201651E-02 7.201679E-02 7.201549E-02 .072018 7.202277E-02 7.206745E-02 7.205576E-02 7.204981E-02 7.204442E-02 7.204553E-02 7.205673E-02 7.205356E-02 7.204896E-02 7.204782E-02 7.209913E-02
7.204304E-02 7.204586E-02 7.204644E-02 .0720461 7.204764E-02 7.205402E-02 7.209685E-02 7.209601E-02 7.209548E-02 7.208744E-02 7.208245E-02 7.208336E-02 7.208197E-02 7.207877E-02 7.207638E-02 7.207352E-02 7.207023E-02 7.206795E-02 7.206181E-02 7.205942E-02 7.205567E-02 7.205427E-02 7.205561E-02 .0720563 7.205472E-02 7.205167E-02 7.204912E-02 7.204728E-02 7.204378E-02 7.204171E-02 7.203203E-02 7.202487E-02 7.200339E-02 7.200212E-02 7.199008E-02 7.199259E-02 7.199672E-02 7.201507E-02 7.201625E-02 7.201509E-02 7.201374E-02 7.201269E-02 7.200035E-02 7.204595E-02 7.204797E-02 7.204556E-02 .0720416 7.203534E-02 7.203239E-02 7.205167E-02 7.210528E-02 7.210486E-02 7.210167E-02
7.204048E-02 7.204637E-02 7.205496E-02 7.205535E-02 7.205416E-02 7.205443E-02 7.209451E-02 7.208695E-02 7.208539E-02 .0720863 7.208513E-02 7.208613E-02 7.208318E-02 7.208133E-02 7.207862E-02 7.207617E-02 7.207349E-02 7.206945E-02 .0720598 7.205882E-02 7.206247E-02 7.205875E-02 7.205794E-02 7.205656E-02 7.205769E-02 7.205728E-02 7.205291E-02 7.205223E-02 .0720446 7.203948E-02 7.203246E-02 7.203016E-02 7.202703E-02 7.200854E-02 7.199386E-02 7.199384E-02 7.199216E-02 7.199363E-02 7.201014E-02 7.201017E-02 7.200906E-02 7.199346E-02 7.199219E-02 .0720391 7.204252E-02 7.203948E-02 7.203559E-02 7.203447E-02 7.203379E-02 .0720875 7.210695E-02 7.210514E-02 7.210242E-02
7.204609E-02 7.205278E-02 7.205278E-02 7.205128E-02 7.204206E-02 7.204197E-02 7.208978E-02 7.209197E-02 7.208971E-02 .0720863 7.208569E-02 7.208375E-02 7.208497E-02 7.208187E-02 7.207786E-02 7.207665E-02 7.207291E-02 7.207256E-02 7.207291E-02 7.206188E-02 7.206243E-02 7.206013E-02 .0720638 7.206367E-02 7.206117E-02 7.206211E-02 7.205208E-02 7.204866E-02 7.204847E-02 .072041 7.203946E-02 7.203557E-02 7.203241E-02 7.200842E-02 7.199118E-02 7.198587E-02 7.198575E-02 7.198548E-02 7.200287E-02 7.200489E-02 7.199194E-02 7.199011E-02 7.198614E-02 7.203006E-02 7.203559E-02 7.203729E-02 7.203715E-02 7.209043E-02 7.208964E-02 7.208885E-02 7.208688E-02 7.210091E-02 7.210311E-02
7.204137E-02 .0720337 7.203964E-02 7.203979E-02 7.204287E-02 7.204368E-02 7.209077E-02 7.209425E-02 7.209551E-02 7.209224E-02 7.208441E-02 7.208233E-02 7.208299E-02 7.208207E-02 7.207773E-02 7.207873E-02 7.207777E-02 7.207594E-02 7.207709E-02 7.206735E-02 7.206415E-02 7.206308E-02 7.206476E-02 7.206097E-02 7.205369E-02 7.205669E-02 7.205879E-02 7.205848E-02 7.204945E-02 7.204466E-02 7.204166E-02 7.203477E-02 7.202917E-02 7.200491E-02 7.198881E-02 .0719851 7.198261E-02 7.198163E-02 7.199554E-02 7.198328E-02 7.198358E-02 7.198299E-02 7.198355E-02 7.203072E-02 7.203231E-02 .0720891 7.209174E-02 7.209115E-02 7.209119E-02 7.208786E-02 7.208715E-02 7.209923E-02 7.209441E-02
7.202777E-02 7.202997E-02 7.203387E-02 7.204026E-02 .0720443 7.209236E-02 7.209276E-02 7.209626E-02 7.209636E-02 .0720949 .0720901 7.208063E-02 7.207952E-02 7.208072E-02 7.208294E-02 7.208195E-02 7.208244E-02 .0720809 .0720799 7.206834E-02 7.206851E-02 7.206063E-02 7.205825E-02 .0720592 7.205842E-02 7.205801E-02 7.205598E-02 7.205913E-02 7.205076E-02 7.204152E-02 7.203643E-02 7.203415E-02 7.203116E-02 7.200716E-02 7.198765E-02 7.198396E-02 7.198358E-02 7.198321E-02 7.196601E-02 7.197506E-02 7.197488E-02 7.197786E-02 7.198296E-02 7.203006E-02 7.208777E-02 7.208662E-02 7.208735E-02 7.209176E-02 7.208928E-02 7.208461E-02 7.208094E-02 7.207745E-02 .0720906
7.202974E-02 7.203148E-02 7.203582E-02 7.203964E-02 7.204459E-02 .0720925 7.209355E-02 7.209451E-02 7.209593E-02 7.209243E-02 7.208916E-02 7.208684E-02 7.208047E-02 7.208332E-02 7.208636E-02 7.208823E-02 7.208553E-02 7.208384E-02 7.208096E-02 7.206202E-02 7.206204E-02 7.206459E-02 7.206361E-02 7.206254E-02 7.205832E-02 7.205579E-02 7.204859E-02 7.204173E-02 7.204283E-02 7.204379E-02 7.203825E-02 7.203315E-02 7.203224E-02 7.202899E-02 7.199129E-02 7.198624E-02 7.198413E-02 7.196978E-02 7.196811E-02 7.197475E-02 7.197447E-02 7.197443E-02 7.203572E-02 7.208551E-02 7.208721E-02 7.208442E-02 7.208428E-02 7.208233E-02 7.208139E-02 7.207829E-02 7.207581E-02 7.207753E-02 7.207417E-02
.0720303 7.203217E-02 7.203548E-02 7.204261E-02 7.204363E-02 7.209101E-02 7.209364E-02 7.209232E-02 7.209137E-02 7.209036E-02 7.209005E-02 7.209189E-02 7.209134E-02 7.208736E-02 7.208736E-02 7.208898E-02 7.208712E-02 7.207806E-02 7.207672E-02 7.206543E-02 .0720644 7.206225E-02 7.206054E-02 7.205755E-02 .0720532 7.205348E-02 7.204325E-02 7.204032E-02 7.203792E-02 7.203709E-02 7.203539E-02 7.203197E-02 7.203008E-02 7.202651E-02 7.199211E-02 7.198983E-02 .071977 7.197376E-02 7.197065E-02 7.196775E-02 7.197689E-02 7.203212E-02 7.203401E-02 7.208215E-02 7.208238E-02 7.208088E-02 7.207841E-02 7.207821E-02 7.207774E-02 7.207869E-02 7.207809E-02 .0720759 7.207572E-02
7.203392E-02 .0720324 7.203451E-02 7.203938E-02 7.204216E-02 7.208617E-02 7.208832E-02 7.209225E-02 7.209343E-02 7.209346E-02 7.209422E-02 7.209498E-02 7.209736E-02 7.209329E-02 7.208543E-02 7.208218E-02 .0720832 7.208077E-02 7.207666E-02 7.207131E-02 7.206039E-02 7.205769E-02 7.205527E-02 7.205382E-02 7.205111E-02 .0720489 7.204375E-02 7.203953E-02 7.203592E-02 7.203371E-02 7.203244E-02 7.202827E-02 .0720246 7.202086E-02 7.199382E-02 7.198163E-02 7.198056E-02 7.197572E-02 7.197533E-02 7.202931E-02 7.203903E-02 7.203287E-02 7.203001E-02 7.207575E-02 7.208044E-02 7.208064E-02 .0720791 7.207928E-02 .0720781 7.207999E-02 7.208346E-02 7.208204E-02 7.208307E-02
7.203575E-02 7.203346E-02 7.203424E-02 7.203428E-02 7.203641E-02 7.208305E-02 7.208772E-02 7.209022E-02 7.209652E-02 7.209954E-02 7.210036E-02 7.209796E-02 .0720876 .0720875 7.208474E-02 7.208152E-02 .0720773 7.207814E-02 7.207948E-02 7.207297E-02 7.205776E-02 7.205433E-02 7.205361E-02 7.205281E-02 7.204941E-02 7.204382E-02 7.204135E-02 7.204162E-02 .0720359 7.202788E-02 7.202679E-02 7.202557E-02 7.202442E-02 7.202578E-02 .0719979 7.197929E-02 7.198288E-02 7.197671E-02 7.202727E-02 7.202745E-02 7.202439E-02 7.203566E-02 7.203527E-02 7.208182E-02 7.208242E-02 7.208406E-02 7.208389E-02 7.208447E-02 .0720856 7.208829E-02 7.208856E-02 7.208821E-02 7.208633E-02
