inputs/Middelgrunden/Resource grid 1   Sector 2   Height 64m   Weibull-A.grd
DSAA
 111           201 
 728800        731000
 6176000       6180000
 6.732592      6.758048
[rows 140 to 167 of 201, columns 0 to 62 of 111]
6.756761 6.75682 6.756863 6.757093 6.757315 6.757378 6.757135 6.756908 6.756691 6.7566 6.756582 6.756696 6.756808 6.75699 6.757034 6.756965 6.756817 6.756535 6.756553 6.756698 6.756865 6.757034 6.7572 6.757234 6.757015 6.756853 6.756787 6.756706 6.756564 6.756693 6.756844 6.756905 6.75694 6.756742 6.75658 6.756401 6.756361 6.756455 6.756677 6.756711 6.756673 6.756686 6.756521 6.756588 6.756658 6.756902 6.757302 6.757349 6.757304 6.757226 6.757251 6.757228 6.757267 6.757379 6.757377 6.757351 6.757358 6.757344 6.757333 6.75736 6.757514 6.757547 6.757561
6.756755 6.756643 6.756813 6.756958 6.757253 6.757252 6.757075 6.756896 6.756746 6.756647 6.756551 6.756629 6.756739 6.756842 6.756968 6.756927 6.756776 6.756696 6.756617 6.756666 6.756766 6.75686 6.757093 6.757288 6.757214 6.756964 6.756886 6.756761 6.756653 6.756611 6.756665 6.756883 6.756997 6.756737 6.756591 6.756385 6.756336 6.756405 6.756572 6.756721 6.756699 6.756649 6.756597 6.75663 6.756732 6.756822 6.757213 6.757349 6.757311 6.757218 6.757362 6.757286 6.757273 6.757363 6.757404 6.757377 6.757303 6.757331 6.757334 6.757348 6.757365 6.757488 6.757502
6.756759 6.75667 6.75667 6.756803 6.757047 6.757215 6.756881 6.756929 6.756807 6.756687 6.756594 6.75654 6.75668 6.756683 6.756984 6.756958 6.7569 6.756847 6.75672 6.756721 6.756684 6.756748 6.75688 6.757207 6.75723 6.756986 6.756852 6.756785 6.756654 6.756603 6.756698 6.756838 6.756793 6.756828 6.756622 6.756589 6.756389 6.756379 6.75652 6.756651 6.756674 6.75667 6.756616 6.756671 6.756721 6.756767 6.757094 6.757338 6.757318 6.757261 6.757421 6.757321 6.757291 6.757371 6.757398 6.757331 6.757293 6.757308 6.757329 6.75732 6.757314 6.757488 6.75748
6.756811 6.756664 6.756597 6.756735 6.756883 6.757103 6.757161 6.756944 6.75676 6.756675 6.756571 6.756482 6.756567 6.756704 6.756783 6.757012 6.757085 6.756887 6.756682 6.756711 6.756666 6.75668 6.756795 6.757024 6.757136 6.756964 6.756782 6.756778 6.756734 6.756673 6.756665 6.756697 6.75683 6.756849 6.756685 6.756674 6.756432 6.756372 6.75649 6.756609 6.756636 6.756645 6.756675 6.756604 6.756676 6.756724 6.757025 6.757314 6.757339 6.757263 6.757425 6.757392 6.757343 6.757354 6.757373 6.757333 6.757322 6.757329 6.757326 6.757233 6.757296 6.757497 6.757476
6.756927 6.756758 6.756574 6.756687 6.756771 6.756906 6.757202 6.75696 6.756943 6.7567 6.756591 6.756515 6.756502 6.756559 6.756627 6.757 6.757021 6.756959 6.756741 6.756691 6.756621 6.756601 6.756777 6.756892 6.757097 6.757092 6.756838 6.756804 6.756752 6.756603 6.756505 6.756685 6.756787 6.756911 6.756873 6.756678 6.756399 6.756393 6.756371 6.756492 6.756691 6.75672 6.756626 6.756649 6.756702 6.756762 6.756904 6.757227 6.757335 6.75731 6.757408 6.757448 6.757425 6.757294 6.757316 6.757344 6.757351 6.757326 6.757316 6.757288 6.757202 6.757286 6.757445
6.757022 6.756842 6.756667 6.756657 6.75666 6.756827 6.75701 6.75731 6.757004 6.756803 6.75665 6.756496 6.756412 6.756515 6.756601 6.756732 6.757061 6.757035 6.756883 6.756775 6.756637 6.75655 6.756651 6.75673 6.756966 6.757131 6.75691 6.756784 6.756757 6.756633 6.756569 6.756518 6.756597 6.756979 6.756792 6.756691 6.756452 6.756363 6.75633 6.756359 6.756664 6.756702 6.756572 6.756597 6.756631 6.756711 6.756865 6.757189 6.757423 6.757428 6.757481 6.757452 6.757432 6.757242 6.757278 6.757316 6.75736 6.757353 6.757325 6.757294 6.757241 6.757259 6.75746
6.757159 6.75705 6.756794 6.756701 6.756657 6.756747 6.756875 6.757195 6.756977 6.756965 6.756744 6.756552 6.756485 6.756462 6.756512 6.756661 6.756947 6.756994 6.756913 6.756868 6.756685 6.756647 6.756553 6.756719 6.756833 6.757061 6.756985 6.756787 6.756729 6.756578 6.756519 6.756468 6.756674 6.75675 6.75681 6.756714 6.756622 6.756282 6.756259 6.756357 6.75656 6.756645 6.756548 6.756571 6.756525 6.756647 6.756823 6.757152 6.757442 6.757464 6.757502 6.757444 6.757405 6.757388 6.757286 6.757337 6.757388 6.757393 6.757326 6.757312 6.757272 6.757215 6.757452
6.757211 6.757133 6.756924 6.756762 6.75667 6.756746 6.756824 6.757055 6.757253 6.756984 6.756809 6.756639 6.756528 6.756531 6.756508 6.756601 6.756677 6.757005 6.756952 6.756879 6.756695 6.756712 6.756633 6.756721 6.756755 6.756968 6.757093 6.756798 6.756675 6.756616 6.75647 6.756494 6.756515 6.756662 6.756857 6.75663 6.756556 6.756258 6.756317 6.756268 6.756421 6.756635 6.756571 6.756606 6.756587 6.756674 6.756821 6.756999 6.757361 6.757423 6.757509 6.757465 6.757414 6.75738 6.757375 6.757342 6.75736 6.757379 6.757387 6.757383 6.757299 6.75728 6.757224
6.757233 6.757164 6.756979 6.756851 6.756745 6.756723 6.756741 6.756828 6.757116 6.756977 6.756933 6.756806 6.756657 6.756594 6.756526 6.756468 6.756629 6.756829 6.756951 6.756958 6.756788 6.756711 6.756639 6.756613 6.756741 6.756849 6.75703 6.756849 6.756619 6.756599 6.756425 6.756417 6.756373 6.75656 6.756907 6.756703 6.756606 6.756344 6.756236 6.756145 6.756259 6.756524 6.756522 6.756536 6.756606 6.756674 6.756761 6.756934 6.757237 6.757403 6.757499 6.757457 6.757408 6.757451 6.757415 6.75739 6.75735 6.757401 6.757404 6.757379 6.757338 6.757236 6.757176
6.75717 6.75717 6.75714 6.756896 6.756773 6.756729 6.756657 6.756758 6.756886 6.756919 6.757075 6.756907 6.756759 6.756623 6.75657 6.756459 6.756557 6.756637 6.75691 6.757043 6.756917 6.756729 6.756685 6.756592 6.756678 6.756739 6.756936 6.7568 6.756649 6.756521 6.756473 6.756318 6.756445 6.756454 6.756887 6.756742 6.756627 6.756384 6.756258 6.756177 6.756186 6.756417 6.75649 6.756548 6.756557 6.756562 6.756764 6.756818 6.757072 6.757338 6.75745 6.757444 6.757408 6.757411 6.757427 6.757493 6.757344 6.757382 6.757431 6.757406 6.757316 6.757236 6.757184
6.756978 6.757118 6.7572 6.757006 6.756823 6.756689 6.756665 6.75666 6.756838 6.757049 6.757016 6.75708 6.756839 6.756671 6.756567 6.756468 6.756461 6.756566 6.756725 6.757118 6.75697 6.756761 6.756721 6.756656 6.756632 6.756678 6.756721 6.756926 6.75671 6.756514 6.756469 6.756307 6.756341 6.756335 6.756648 6.756786 6.75657 6.756615 6.756269 6.756153 6.756186 6.75631 6.756529 6.756546 6.756588 6.756588 6.756727 6.756778 6.757003 6.757287 6.757289 6.757383 6.757395 6.75738 6.757381 6.757447 6.757376 6.757385 6.757386 6.757395 6.757254 6.757255 6.757211
6.756836 6.757051 6.757173 6.757049 6.756893 6.756778 6.756713 6.756646 6.756793 6.756854 6.756847 6.757058 6.756905 6.756715 6.75661 6.756531 6.756407 6.756497 6.756607 6.756996 6.75695 6.756858 6.756675 6.756654 6.756581 6.756629 6.75668 6.756831 6.756759 6.75655 6.756468 6.756382 6.756328 6.756389 6.75654 6.756796 6.756615 6.756559 6.756246 6.756164 6.756204 6.756258 6.756455 6.756588 6.756627 6.756643 6.756665 6.756778 6.756899 6.75719 6.757316 6.757417 6.757447 6.757375 6.757362 6.757439 6.757481 6.757303 6.757291 6.757282 6.757206 6.757176 6.75719
6.756844 6.75688 6.757257 6.757149 6.756995 6.756805 6.756678 6.756686 6.756741 6.756821 6.75694 6.756909 6.756953 6.756797 6.756607 6.756513 6.756378 6.756413 6.756504 6.756797 6.757039 6.756904 6.75674 6.756647 6.75657 6.756485 6.756563 6.756681 6.756765 6.756627 6.756536 6.756501 6.756299 6.756354 6.756472 6.756888 6.756657 6.756526 6.756267 6.756118 6.756134 6.756202 6.756394 6.756599 6.756619 6.756655 6.756589 6.756704 6.756755 6.757042 6.757325 6.757415 6.757442 6.75742 6.757379 6.757412 6.757426 6.757322 6.757246 6.757215 6.757185 6.757177 6.757171
6.756738 6.756786 6.756934 6.757186 6.75707 6.756876 6.756758 6.756633 6.756752 6.756774 6.75684 6.756683 6.756965 6.756766 6.756609 6.756489 6.756371 6.756336 6.75646 6.756679 6.756929 6.756998 6.75678 6.756632 6.756563 6.756436 6.756483 6.756619 6.756812 6.756702 6.756538 6.756494 6.756358 6.756359 6.756474 6.756745 6.756716 6.756515 6.756248 6.756159 6.756154 6.756155 6.7563 6.75658 6.756559 6.756645 6.756589 6.756665 6.756725 6.75693 6.757284 6.757428 6.757465 6.757453 6.757399 6.75741 6.757418 6.757403 6.757197 6.757244 6.757209 6.75719 6.757183
6.756686 6.75669 6.756863 6.757065 6.757098 6.757008 6.756845 6.756693 6.756608 6.75663 6.756751 6.756532 6.756745 6.756858 6.756678 6.756509 6.756346 6.756341 6.756345 6.756598 6.756761 6.757047 6.756868 6.756598 6.756513 6.756473 6.75642 6.75653 6.75666 6.756749 6.756637 6.75655 6.756412 6.756323 6.756445 6.756455 6.756744 6.756552 6.756452 6.756238 6.75614 6.756149 6.756155 6.756379 6.75658 6.756635 6.756615 6.75669 6.756726 6.756897 6.75718 6.757375 6.757396 6.757406 6.75745 6.757391 6.757411 6.757358 6.757264 6.757249 6.75721 6.757207 6.757195
6.756681 6.756722 6.756755 6.756837 6.757034 6.757074 6.756948 6.75677 6.756655 6.756641 6.75659 6.75674 6.756596 6.756871 6.756744 6.756552 6.756379 6.756375 6.756328 6.756489 6.756695 6.756775 6.756892 6.756641 6.756534 6.756472 6.756386 6.7565 6.756594 6.756667 6.756662 6.756541 6.756499 6.756428 6.756421 6.756497 6.756728 6.756589 6.75638 6.756231 6.756107 6.756115 6.756011 6.756223 6.756497 6.756605 6.756646 6.756603 6.756682 6.75683 6.757146 6.757399 6.757411 6.757463 6.757398 6.757329 6.757347 6.75735 6.757375 6.757285 6.757219 6.757224 6.757215
6.756582 6.756686 6.756655 6.756745 6.756784 6.757042 6.756964 6.756878 6.756696 6.756684 6.756672 6.756642 6.756473 6.756694 6.756896 6.756651 6.756493 6.756294 6.756325 6.756417 6.756595 6.756609 6.756833 6.756755 6.756544 6.756519 6.756466 6.756418 6.756531 6.756658 6.756648 6.756518 6.756522 6.756485 6.756418 6.756468 6.75667 6.756716 6.756428 6.756232 6.756172 6.756094 6.755953 6.756116 6.756399 6.756522 6.756581 6.756546 6.756661 6.756733 6.756998 6.757395 6.757435 6.75738 6.757401 6.757365 6.757293 6.757345 6.757363 6.757399 6.75731 6.757254 6.757261
6.756661 6.75664 6.756644 6.75668 6.756741 6.756846 6.757087 6.756973 6.756793 6.75674 6.756735 6.75667 6.7567 6.756522 6.756742 6.756757 6.756586 6.756353 6.756351 6.756454 6.756401 6.756551 6.756662 6.756796 6.756608 6.756522 6.756481 6.756396 6.756451 6.756551 6.756598 6.756613 6.756521 6.756488 6.756411 6.756451 6.756705 6.756705 6.756484 6.756235 6.756219 6.756078 6.755969 6.756029 6.756254 6.756522 6.756553 6.756542 6.756636 6.756748 6.756886 6.757371 6.757351 6.757381 6.757367 6.757365 6.757329 6.757373 6.757393 6.757402 6.757327 6.757251 6.757256
6.756765 6.756679 6.756653 6.756633 6.756627 6.756735 6.757015 6.757042 6.756876 6.75678 6.756666 6.75667 6.756622 6.756449 6.756563 6.756872 6.756662 6.756469 6.756401 6.756408 6.756351 6.756487 6.756585 6.756769 6.756744 6.75654 6.756504 6.756431 6.756391 6.756503 6.756541 6.75665 6.756536 6.756573 6.756439 6.756403 6.756474 6.756654 6.756634 6.756416 6.756286 6.756147 6.756012 6.755957 6.756172 6.756501 6.756526 6.756563 6.756518 6.756639 6.756798 6.757295 6.757371 6.757377 6.757365 6.757367 6.757377 6.757411 6.757396 6.757405 6.757382 6.757232 6.757236
6.756893 6.756796 6.756653 6.756626 6.756535 6.756675 6.756753 6.75703 6.756977 6.756855 6.756634 6.756568 6.756543 6.756596 6.756504 6.756714 6.756822 6.756649 6.756425 6.75646 6.756401 6.756433 6.756561 6.756644 6.756832 6.756611 6.75652 6.756464 6.756382 6.756458 6.756557 6.756542 6.756542 6.756585 6.756477 6.756405 6.756448 6.756788 6.756609 6.756473 6.756258 6.756248 6.756072 6.756001 6.756089 6.756425 6.75651 6.756544 6.756508 6.756618 6.756738 6.757161 6.757342 6.757367 6.757383 6.757379 6.757393 6.757428 6.7574 6.757396 6.757389 6.757274 6.75725
6.75699 6.756896 6.756732 6.756628 6.756607 6.756576 6.756694 6.756831 6.75704 6.756843 6.756711 6.756577 6.756576 6.756537 6.756407 6.756519 6.75673 6.756749 6.756487 6.756471 6.756462 6.756412 6.756473 6.756604 6.756758 6.756691 6.756555 6.756498 6.756439 6.756393 6.756488 6.756463 6.75659 6.756597 6.756513 6.756462 6.756442 6.756697 6.756531 6.756627 6.756255 6.756269 6.756073 6.755986 6.756018 6.756335 6.756517 6.756532 6.756513 6.756632 6.756684 6.757064 6.757314 6.757348 6.757409 6.75741 6.75739 6.757372 6.757409 6.75739 6.757396 6.757323 6.757251
6.757148 6.756976 6.756814 6.756652 6.756604 6.756567 6.756593 6.756699 6.756765 6.756959 6.756817 6.756636 6.756586 6.756609 6.756339 6.756447 6.756567 6.756691 6.756507 6.756497 6.756453 6.75643 6.756416 6.756509 6.756609 6.75679 6.756591 6.75653 6.756481 6.756399 6.756451 6.75647 6.756497 6.756632 6.756597 6.756512 6.756445 6.756633 6.756641 6.756513 6.756263 6.756293 6.756064 6.755974 6.755999 6.756278 6.756543 6.756581 6.756618 6.756567 6.75666 6.75696 6.757232 6.757342 6.757347 6.757358 6.757379 6.757369 6.757377 6.757389 6.757393 6.75737 6.75738
6.757053 6.757116 6.756921 6.756746 6.756574 6.75653 6.756534 6.756611 6.75672 6.756911 6.756933 6.756763 6.756615 6.756594 6.756593 6.756382 6.75649 6.756585 6.756563 6.75654 6.756454 6.756441 6.756401 6.756491 6.756586 6.756657 6.756681 6.756574 6.756511 6.756443 6.756412 6.756522 6.756474 6.756648 6.756643 6.756534 6.756456 6.756432 6.756668 6.756468 6.756546 6.756216 6.756101 6.756043 6.755992 6.756159 6.756465 6.756609 6.756609 6.756546 6.756652 6.756723 6.757142 6.757348 6.757328 6.757362 6.757334 6.757331 6.75743 6.757413 6.75742 6.757362 6.757368
6.756891 6.757124 6.757046 6.756859 6.756636 6.756522 6.75656 6.75654 6.756639 6.756698 6.756973 6.756868 6.756673 6.756566 6.756604 6.756292 6.756383 6.756497 6.756564 6.756648 6.756497 6.75645 6.756476 6.756408 6.756529 6.756592 6.756742 6.756571 6.756488 6.756476 6.756415 6.756474 6.75645 6.756588 6.756652 6.756552 6.756509 6.756328 6.756534 6.756519 6.756436 6.756224 6.756119 6.756011 6.756027 6.756132 6.756387 6.756613 6.756584 6.756557 6.756675 6.756711 6.757106 6.75738 6.757358 6.757355 6.757381 6.757379 6.75742 6.757395 6.757409 6.757364 6.757362
6.756777 6.756855 6.757129 6.756987 6.7568 6.756561 6.756585 6.756577 6.756607 6.756691 6.756797 6.756955 6.756779 6.756616 6.756588 6.756602 6.756324 6.756423 6.756513 6.75667 6.756555 6.75648 6.756516 6.756462 6.756489 6.756579 6.756542 6.756619 6.756527 6.756497 6.756468 6.756434 6.756474 6.756489 6.756585 6.756586 6.75645 6.756283 6.756498 6.756519 6.756354 6.75634 6.75608 6.756034 6.75605 6.756054 6.756238 6.756563 6.756604 6.756628 6.756618 6.756714 6.757028 6.757292 6.757383 6.757376 6.757392 6.757367 6.757355 6.75742 6.757365 6.757323 6.757377
6.75673 6.756808 6.756862 6.757069 6.756915 6.756678 6.756557 6.756572 6.756605 6.756636 6.756778 6.75677 6.756855 6.756695 6.756622 6.756608 6.756331 6.756347 6.756447 6.756539 6.756644 6.756485 6.756474 6.756506 6.756429 6.756483 6.756485 6.756536 6.756506 6.756497 6.756466 6.756423 6.756484 6.756482 6.756498 6.756585 6.756479 6.75634 6.756486 6.756521 6.756416 6.75627 6.756101 6.756131 6.756042 6.756037 6.756115 6.756418 6.756615 6.756602 6.756577 6.756711 6.75696 6.757233 6.757377 6.757369 6.75738 6.757362 6.757362 6.75739 6.757339 6.757305 6.757292
6.75674 6.756751 6.756809 6.756875 6.756985 6.756837 6.75661 6.756578 6.756615 6.75658 6.756639 6.756732 6.756826 6.75678 6.756622 6.756577 6.756362 6.756315 6.75638 6.75655 6.756572 6.756557 6.75646 6.756479 6.756459 6.75644 6.756519 6.756469 6.756552 6.756464 6.756456 6.756446 6.756404 6.75649 6.756443 6.756548 6.756517 6.756364 6.756274 6.756498 6.756441 6.756393 6.756256 6.756167 6.756108 6.756074 6.756071 6.756255 6.756526 6.756575 6.756555 6.756657 6.756859 6.757095 6.757372 6.757372 6.757329 6.757363 6.757349 6.75737 6.757369 6.757299 6.757309
6.756708 6.756708 6.756729 6.756787 6.756904 6.756934 6.756738 6.756588 6.756598 6.756595 6.75658 6.756695 6.756713 6.756837 6.756699 6.756601 6.756588 6.756339 6.756313 6.756563 6.756445 6.756602 6.756483 6.756446 6.756471 6.756418 6.756505 6.756466 6.756437 6.756507 6.756441 6.756412 6.756427 6.756464 6.756403 6.756463 6.756603 6.756379 6.756315 6.756471 6.756449 6.756379 6.756243 6.756091 6.756125 6.756016 6.756027 6.756153 6.756459 6.756531 6.756496 6.756547 6.756812 6.756986 6.757293 6.757373 6.757381 6.757367 6.757338 6.757388 6.757368 6.757312 6.757316
