inputs/Middelgrunden/Resource grid 1   Sector 6   Height 64m   Weibull-A.grd
DSAA
 111           201 
 728800        731000
 6176000       6180000
 8.560945      8.677958
[rows 168 to 195 of 201, columns 0 to 62 of 111]
8.668082 8.667721 8.667248 8.667277 8.667302 8.667053 8.666929 8.666851 8.666532 8.666322 8.666179 8.666116 8.666035 8.666152 8.666134 8.665707 8.665462 8.665254 8.665235 8.665345 8.665385 8.665318 8.66523 8.66504 8.664683 8.664228 8.66379 8.663566 8.663349 8.662962 8.662798 8.662555 8.661865 8.661518 8.661149 8.660622 8.660237 8.659759 8.659402 8.659051 8.65872 8.65847 8.658108 8.657803 8.657729 8.657506 8.657276 8.657098 8.656853 8.656441 8.656264 8.656006 8.655699 8.65532 8.65486 8.65377 8.653561 8.653274 8.652704 8.652165 8.651391 8.651113 8.650857
8.667894 8.667422 8.667014 8.66748 8.667174 8.667166 8.667027 8.666721 8.666475 8.666332 8.666326 8.666165 8.666289 8.666162 8.665969 8.665575 8.66537 8.665412 8.66527 8.6654 8.665503 8.665419 8.665237 8.664907 8.66447 8.664052 8.663815 8.663531 8.663177 8.662922 8.662687 8.66239 8.661718 8.661359 8.660954 8.660478 8.660179 8.659686 8.659211 8.658986 8.658704 8.658523 8.65798 8.657777 8.657775 8.657465 8.657172 8.657028 8.656713 8.656507 8.656118 8.655787 8.655637 8.655186 8.654073 8.653829 8.653614 8.653091 8.652514 8.651681 8.651409 8.651214 8.650881
8.667626 8.667226 8.666904 8.667284 8.667212 8.66717 8.666977 8.666622 8.666514 8.666496 8.666298 8.666456 8.666296 8.666205 8.665731 8.665521 8.66535 8.66546 8.66535 8.665668 8.665575 8.665432 8.665132 8.664716 8.664308 8.664024 8.663794 8.663415 8.663151 8.662925 8.662588 8.661816 8.661597 8.661187 8.660817 8.660425 8.660082 8.659551 8.659141 8.658834 8.658683 8.658465 8.658088 8.657882 8.657687 8.657603 8.657316 8.656971 8.656707 8.656346 8.656044 8.655671 8.655416 8.654465 8.654158 8.653951 8.653492 8.652866 8.65244 8.651684 8.651529 8.651237 8.650882
8.667422 8.666842 8.66711 8.667368 8.667253 8.667071 8.666574 8.666647 8.666627 8.666487 8.666412 8.666497 8.666367 8.665886 8.665682 8.665547 8.665607 8.665531 8.665482 8.665742 8.665604 8.665287 8.664887 8.664467 8.664205 8.663977 8.663634 8.663363 8.663067 8.662836 8.662503 8.661687 8.661402 8.660963 8.660716 8.660403 8.660028 8.659443 8.659081 8.658824 8.658785 8.658494 8.658241 8.657791 8.657845 8.657532 8.657177 8.65692 8.656491 8.656305 8.655931 8.655521 8.654791 8.654473 8.654248 8.653836 8.653261 8.65286 8.652418 8.651794 8.651535 8.651262 8.650827
8.667158 8.666985 8.667576 8.66739 8.66725 8.666954 8.666783 8.6667 8.666651 8.666531 8.666593 8.666435 8.666074 8.665835 8.665724 8.665614 8.665646 8.6656 8.665778 8.665751 8.665556 8.665108 8.664677 8.664388 8.664182 8.663808 8.663613 8.663321 8.66309 8.662722 8.661938 8.66152 8.661268 8.660991 8.660641 8.660257 8.659924 8.659347 8.659136 8.659012 8.658836 8.658584 8.658158 8.657952 8.657803 8.657454 8.657128 8.656802 8.656406 8.656144 8.655773 8.654879 8.65473 8.654476 8.654107 8.653606 8.65313 8.652728 8.652568 8.651844 8.651563 8.651227 8.650573
8.667055 8.667154 8.667589 8.667455 8.667211 8.666766 8.666879 8.666821 8.666637 8.666687 8.666498 8.666148 8.665965 8.665875 8.665753 8.665773 8.665696 8.66575 8.665818 8.665715 8.665329 8.664927 8.664565 8.664342 8.66415 8.663764 8.663525 8.663253 8.662976 8.662166 8.661817 8.66151 8.661177 8.66092 8.660601 8.660249 8.659821 8.659445 8.659264 8.658948 8.65884 8.658539 8.658227 8.658084 8.657737 8.657426 8.657039 8.656662 8.656274 8.656009 8.655098 8.654851 8.654648 8.654406 8.654038 8.653457 8.653049 8.652836 8.65211 8.651869 8.651496 8.650972 8.650028
8.66723 8.667388 8.667655 8.667468 8.667052 8.666966 8.666977 8.666743 8.66661 8.666603 8.666229 8.666053 8.665962 8.665907 8.665926 8.665853 8.665943 8.665947 8.665672 8.66558 8.66518 8.664761 8.664523 8.664342 8.663959 8.663693 8.663448 8.663218 8.662874 8.662031 8.661749 8.661379 8.661177 8.660918 8.660563 8.660177 8.659742 8.659583 8.659291 8.658934 8.658695 8.658582 8.658487 8.658001 8.657686 8.65732 8.656981 8.65645 8.656313 8.655392 8.65513 8.65476 8.654509 8.654346 8.653803 8.653352 8.653151 8.652871 8.652165 8.651782 8.65129 8.650394 8.649839
8.667288 8.667706 8.667606 8.667218 8.667009 8.667129 8.667021 8.666656 8.666734 8.666196 8.666181 8.666081 8.666009 8.66586 8.665937 8.665971 8.665958 8.665897 8.665621 8.665369 8.664922 8.664734 8.664525 8.664138 8.663883 8.66367 8.663404 8.663045 8.662265 8.661962 8.661574 8.66135 8.6612 8.66086 8.660466 8.660036 8.659828 8.659641 8.659277 8.658968 8.6587 8.658869 8.658258 8.657738 8.657604 8.657247 8.65679 8.656586 8.655664 8.655447 8.655074 8.654814 8.654473 8.654121 8.653702 8.653441 8.653157 8.652837 8.652076 8.651667 8.650708 8.650258 8.649833
8.667356 8.667736 8.667566 8.667151 8.667256 8.667212 8.666834 8.66686 8.666347 8.666286 8.66623 8.666051 8.666006 8.666033 8.666045 8.666032 8.665965 8.665823 8.665443 8.665193 8.664986 8.664713 8.664424 8.664134 8.663891 8.663595 8.663294 8.662482 8.662118 8.661831 8.661602 8.66135 8.661163 8.660854 8.660427 8.660231 8.659896 8.659597 8.65924 8.65899 8.659042 8.658776 8.657959 8.657875 8.657457 8.657028 8.656913 8.655974 8.655711 8.655398 8.655115 8.654791 8.654468 8.653995 8.653743 8.653399 8.653056 8.652798 8.651964 8.651079 8.650586 8.650229 8.64987
8.667501 8.667723 8.667397 8.667256 8.667357 8.666991 8.666921 8.666496 8.666451 8.666286 8.666196 8.666109 8.666073 8.666165 8.666149 8.665931 8.665904 8.66555 8.665203 8.665107 8.66498 8.664623 8.664315 8.664059 8.66377 8.663523 8.663207 8.662343 8.66215 8.661834 8.661609 8.661297 8.661129 8.660719 8.660408 8.660298 8.659854 8.659401 8.659199 8.659194 8.658941 8.658455 8.658048 8.657801 8.657397 8.657044 8.656244 8.655992 8.655685 8.655401 8.655139 8.6548 8.654187 8.654025 8.653735 8.653353 8.653074 8.652267 8.651412 8.650918 8.650542 8.65018 8.649836
8.667619 8.667552 8.667394 8.667551 8.667293 8.667056 8.666677 8.666549 8.666492 8.666354 8.666241 8.666124 8.666221 8.666289 8.666068 8.666029 8.665685 8.665346 8.665066 8.665034 8.66478 8.664566 8.664241 8.664015 8.663731 8.663409 8.663012 8.662364 8.662149 8.661806 8.661562 8.661276 8.660965 8.660612 8.660525 8.660303 8.659703 8.659449 8.659418 8.659219 8.658712 8.65819 8.657897 8.65778 8.65735 8.656519 8.656282 8.655972 8.655714 8.655416 8.65503 8.654473 8.654136 8.654012 8.653661 8.653378 8.653076 8.651779 8.651217 8.650889 8.650485 8.650136 8.649753
8.66785 8.667639 8.667457 8.667422 8.667094 8.666803 8.666682 8.666677 8.666539 8.666422 8.66631 8.666454 8.666314 8.666162 8.666046 8.665881 8.665497 8.665134 8.665004 8.665005 8.664836 8.66449 8.664248 8.663936 8.663562 8.663227 8.662533 8.662244 8.662092 8.66181 8.661551 8.661241 8.66099 8.660659 8.660592 8.66011 8.659709 8.659652 8.659477 8.659048 8.658391 8.658211 8.657897 8.657701 8.656769 8.656595 8.656326 8.656015 8.655618 8.655314 8.654918 8.654504 8.654099 8.653912 8.653689 8.653359 8.652553 8.651581 8.651238 8.650834 8.650493 8.650128 8.649741
8.667731 8.66763 8.667576 8.667186 8.666865 8.666833 8.666825 8.666685 8.666595 8.666428 8.666416 8.666496 8.666364 8.666267 8.666113 8.665654 8.665337 8.66517 8.665027 8.665009 8.664674 8.664442 8.664143 8.663709 8.663398 8.66274 8.662523 8.662309 8.662059 8.661795 8.661515 8.661279 8.660907 8.660885 8.660344 8.660069 8.6599 8.659756 8.659283 8.658627 8.658462 8.65814 8.657851 8.657006 8.656935 8.656551 8.656304 8.656024 8.655663 8.655351 8.654764 8.654372 8.654105 8.653986 8.653685 8.652831 8.651937 8.651483 8.651157 8.650788 8.650458 8.650178 8.650009
8.667853 8.667603 8.66747 8.667011 8.666929 8.666822 8.666826 8.666778 8.666582 8.666575 8.66666 8.666505 8.666371 8.666162 8.665925 8.665569 8.665356 8.665169 8.664983 8.664861 8.664623 8.664387 8.664016 8.66361 8.663369 8.662788 8.662509 8.662305 8.662027 8.661757 8.661424 8.661167 8.661155 8.660613 8.660208 8.660254 8.659904 8.659542 8.658891 8.658591 8.658401 8.658086 8.657202 8.657018 8.656883 8.656546 8.656324 8.656048 8.655679 8.655188 8.654696 8.654429 8.654141 8.654 8.65346 8.652782 8.651794 8.651486 8.651113 8.650788 8.650493 8.650284 8.650067
8.667741 8.667643 8.667181 8.667145 8.667028 8.666986 8.666863 8.666797 8.666745 8.666656 8.666636 8.666514 8.666321 8.666155 8.665837 8.66563 8.665395 8.665196 8.664968 8.664766 8.664512 8.664224 8.663942 8.663558 8.662967 8.66278 8.662478 8.662254 8.661982 8.661625 8.661411 8.661271 8.66093 8.660484 8.660516 8.660221 8.659823 8.659341 8.658833 8.658639 8.658375 8.657481 8.65705 8.657139 8.65691 8.656686 8.656368 8.656035 8.655625 8.655007 8.654757 8.654474 8.654202 8.653815 8.653137 8.65219 8.651834 8.651472 8.651101 8.650813 8.650583 8.65039 8.650111
8.667617 8.667246 8.66715 8.667191 8.667182 8.667082 8.666989 8.666851 8.666719 8.666683 8.666658 8.666518 8.666148 8.665947 8.66571 8.665555 8.665374 8.665195 8.664797 8.664628 8.664454 8.664157 8.663893 8.663709 8.662897 8.662674 8.662449 8.662183 8.661819 8.661615 8.661315 8.661267 8.660789 8.660752 8.660461 8.660214 8.659564 8.659086 8.658876 8.658581 8.657756 8.6572 8.657141 8.657144 8.657003 8.656764 8.656318 8.655934 8.655409 8.65504 8.654778 8.654485 8.654002 8.653477 8.653027 8.652233 8.65181 8.651437 8.651166 8.65089 8.650771 8.650461 8.650163
8.667367 8.667294 8.667304 8.667219 8.66726 8.667109 8.666983 8.666886 8.666718 8.666838 8.66669 8.666404 8.666145 8.665847 8.66568 8.665529 8.66537 8.665009 8.664743 8.664689 8.664362 8.664068 8.663898 8.663194 8.662924 8.662722 8.662435 8.66215 8.661838 8.661538 8.661263 8.661025 8.66093 8.660645 8.660461 8.660034 8.659312 8.658989 8.65884 8.658622 8.657643 8.657369 8.657184 8.657241 8.657043 8.656683 8.656223 8.655677 8.655331 8.655059 8.654808 8.654309 8.653643 8.653392 8.652564 8.65219 8.651779 8.651519 8.651198 8.65109 8.650809 8.650517 8.650149
8.667374 8.667439 8.667356 8.66731 8.667229 8.667077 8.666934 8.666821 8.666983 8.666829 8.666569 8.666209 8.665993 8.665815 8.66565 8.665488 8.665268 8.664918 8.664728 8.664599 8.664318 8.664123 8.663467 8.663215 8.662935 8.662663 8.662393 8.662062 8.661864 8.661441 8.661101 8.660993 8.660857 8.660535 8.66023 8.659723 8.659206 8.659055 8.658786 8.657922 8.657643 8.657552 8.657207 8.657215 8.656943 8.656549 8.656053 8.655595 8.655364 8.655079 8.654589 8.653957 8.653566 8.653389 8.652552 8.652155 8.651825 8.651516 8.651418 8.651134 8.650851 8.650516 8.650126
8.667375 8.667363 8.667351 8.667352 8.667241 8.667097 8.666957 8.667068 8.666959 8.666707 8.666315 8.66615 8.665992 8.66579 8.665661 8.665434 8.665066 8.664861 8.664632 8.664563 8.664363 8.664117 8.663502 8.663223 8.662904 8.6626 8.662292 8.662053 8.661643 8.661224 8.661132 8.66102 8.660769 8.660463 8.659896 8.659476 8.659233 8.659018 8.658245 8.657913 8.657683 8.657569 8.657302 8.657154 8.656812 8.656418 8.655941 8.655649 8.655389 8.65493 8.654252 8.653872 8.653529 8.65274 8.652493 8.652204 8.651974 8.651704 8.651452 8.65122 8.650906 8.650541 8.649997
8.667441 8.667379 8.667394 8.667329 8.667191 8.667056 8.666995 8.667089 8.666877 8.666471 8.666104 8.666046 8.665934 8.66575 8.665599 8.665214 8.665021 8.664788 8.664582 8.664527 8.664383 8.66364 8.663473 8.663212 8.662925 8.662528 8.662269 8.661848 8.661448 8.661159 8.661102 8.660986 8.660673 8.660158 8.659765 8.659372 8.659217 8.65844 8.658128 8.657912 8.657819 8.65766 8.657336 8.656974 8.656731 8.656319 8.655992 8.655678 8.655235 8.654569 8.65417 8.65386 8.653528 8.652709 8.65253 8.652329 8.652046 8.651833 8.651576 8.651299 8.650939 8.650465 8.649939
8.66749 8.66748 8.667408 8.66723 8.667119 8.66703 8.667192 8.667002 8.666711 8.666249 8.666245 8.666112 8.665893 8.665704 8.665486 8.665157 8.664967 8.664685 8.664545 8.664507 8.663853 8.663701 8.663473 8.663202 8.662991 8.662601 8.662182 8.661605 8.661423 8.661328 8.660998 8.660878 8.660398 8.66007 8.659735 8.659423 8.658669 8.658422 8.658001 8.658033 8.657808 8.657704 8.657269 8.65695 8.656625 8.656241 8.656032 8.655513 8.654879 8.654483 8.654198 8.653901 8.653047 8.652746 8.652647 8.652347 8.652168 8.651861 8.65158 8.651258 8.650914 8.650414 8.650021
8.667608 8.667591 8.667338 8.667225 8.667097 8.667145 8.667098 8.666802 8.66645 8.666271 8.666248 8.666024 8.665838 8.665645 8.665321 8.665092 8.664874 8.664727 8.664536 8.664551 8.663905 8.663673 8.663406 8.663214 8.662871 8.662519 8.661904 8.66152 8.661448 8.661248 8.660911 8.66063 8.660281 8.659937 8.65978 8.658883 8.65869 8.658354 8.658144 8.658055 8.657958 8.657563 8.657187 8.656789 8.656473 8.656256 8.655863 8.655156 8.654771 8.654497 8.654214 8.653811 8.653045 8.652825 8.652655 8.65248 8.652221 8.651937 8.651611 8.651297 8.650794 8.650455 8.649798
8.667714 8.667498 8.667333 8.667279 8.667244 8.667258 8.667009 8.666601 8.666465 8.666443 8.666171 8.665989 8.665824 8.665426 8.66522 8.66506 8.664929 8.664747 8.664581 8.664113 8.663849 8.663633 8.663432 8.663078 8.662765 8.662161 8.66181 8.661756 8.661491 8.661174 8.66088 8.660492 8.660214 8.659876 8.659217 8.658898 8.658605 8.658248 8.658308 8.658127 8.657863 8.657445 8.65705 8.656616 8.65638 8.656123 8.655507 8.6551 8.65476 8.654535 8.654156 8.653364 8.653132 8.652838 8.652797 8.652499 8.652291 8.651974 8.651656 8.651223 8.650892 8.650376 8.649714
8.667651 8.667475 8.667384 8.667313 8.667451 8.667204 8.66682 8.666492 8.666286 8.666408 8.666151 8.665994 8.665738 8.665439 8.665183 8.6651 8.664934 8.664756 8.664523 8.664061 8.663805 8.66362 8.66329 8.662936 8.662516 8.662246 8.661959 8.661653 8.661356 8.661172 8.660724 8.660412 8.66011 8.659335 8.659225 8.658869 8.658542 8.658287 8.658274 8.65814 8.657753 8.657333 8.656993 8.656681 8.656332 8.655759 8.655375 8.655123 8.654819 8.654474 8.654092 8.6534 8.653121 8.65291 8.652884 8.652651 8.652265 8.652019 8.651611 8.65133 8.650828 8.650154 8.649379
8.667722 8.667524 8.667474 8.667461 8.667402 8.667028 8.666682 8.666474 8.666544 8.666255 8.666067 8.665901 8.665559 8.665399 8.665323 8.665112 8.664966 8.664715 8.664104 8.664021 8.66384 8.663589 8.663159 8.662739 8.662356 8.662114 8.661898 8.661589 8.661389 8.660836 8.660672 8.660316 8.659562 8.65943 8.65923 8.658744 8.658522 8.658501 8.658464 8.658025 8.65765 8.657281 8.656914 8.656565 8.655925 8.655637 8.65536 8.655089 8.654782 8.654406 8.653723 8.653443 8.653158 8.653013 8.652936 8.652589 8.652371 8.651966 8.651752 8.651259 8.650569 8.649889 8.649219
8.66778 8.667583 8.667598 8.667562 8.667218 8.666866 8.666678 8.666567 8.666422 8.666248 8.666005 8.665689 8.665542 8.665473 8.665219 8.665131 8.664967 8.664359 8.664103 8.664118 8.663863 8.663449 8.662995 8.662551 8.662251 8.662014 8.661809 8.661513 8.661071 8.660744 8.660604 8.659676 8.659692 8.659484 8.659142 8.658757 8.658564 8.658665 8.658365 8.657911 8.657521 8.657189 8.656838 8.656194 8.65581 8.655617 8.655356 8.655174 8.654701 8.654461 8.653731 8.653453 8.653269 8.653005 8.65288 8.652724 8.652318 8.652136 8.651681 8.651156 8.650374 8.649661 8.649179
8.667883 8.667763 8.667584 8.667428 8.666955 8.666832 8.666744 8.666638 8.666441 8.666292 8.666005 8.665678 8.665576 8.665418 8.665287 8.665147 8.665044 8.664298 8.664162 8.664089 8.663735 8.663319 8.662964 8.662606 8.662149 8.662064 8.661732 8.661367 8.660915 8.6606 8.659875 8.659917 8.659676 8.659418 8.659111 8.658831 8.658956 8.658692 8.658232 8.657803 8.657451 8.657111 8.656434 8.656043 8.655817 8.655539 8.655431 8.655096 8.654844 8.654499 8.653754 8.653539 8.653268 8.653059 8.652864 8.652725 8.652555 8.652152 8.651586 8.650777 8.649979 8.649519 8.649009
8.667956 8.667877 8.667655 8.667192 8.666981 8.666856 8.666612 8.66657 8.66645 8.666186 8.665837 8.66578 8.665577 8.665442 8.665282 8.665146 8.664511 8.664342 8.664152 8.663951 8.663559 8.663197 8.662928 8.662429 8.662318 8.662002 8.661626 8.661223 8.66088 8.659954 8.660084 8.659848 8.659623 8.659285 8.65906 8.659225 8.658968 8.65854 8.658161 8.657819 8.657358 8.656746 8.656318 8.656029 8.655756 8.655586 8.655407 8.655107 8.654866 8.654482 8.653813 8.653666 8.653337 8.653072 8.653028 8.652817 8.6526 8.652038 8.651237 8.650378 8.649819 8.649347 8.648907
