inputs/Middelgrunden/Resource grid 1   Sector 1   Height 64m   Sector frequency.grd
DSAA
 111           201 
 728800        731000
 6176000       6180000
 6.254308E-02  6.349213E-02
[rows 0 to 22 of 201, columns 53 to 105 of 111]
6.331676E-02 6.326123E-02 6.324925E-02 .0632439 6.324031E-02 6.323628E-02 6.322632E-02 6.319983E-02 .0631896 6.317983E-02 6.316877E-02 6.315986E-02 6.315002E-02 6.314269E-02 6.313846E-02 6.311939E-02 6.310989E-02 6.309738E-02 6.309294E-02 6.308495E-02 6.307615E-02 6.306723E-02 6.305798E-02 6.305221E-02 6.304347E-02 6.303348E-02 6.308168E-02 6.307904E-02 6.307425E-02 6.308391E-02 6.307756E-02 6.307495E-02 6.306379E-02 6.305307E-02 6.302857E-02 6.302052E-02 .0630144 6.300612E-02 6.300198E-02 6.299561E-02 6.298699E-02 6.295478E-02 6.294863E-02 6.294372E-02 6.295344E-02 6.294775E-02 6.294273E-02 6.293761E-02 6.293253E-02 6.292693E-02 6.292126E-02 6.291491E-02 6.290986E-02
6.326678E-02 6.325754E-02 6.324627E-02 6.324157E-02 6.323843E-02 6.323684E-02 6.322686E-02 6.319512E-02 6.318324E-02 6.317305E-02 6.314941E-02 6.315414E-02 6.314712E-02 6.313853E-02 6.313447E-02 6.312757E-02 6.310887E-02 6.309539E-02 6.309119E-02 .0630822 6.307328E-02 6.306332E-02 6.305476E-02 6.304707E-02 6.303789E-02 6.302879E-02 6.307483E-02 6.307261E-02 6.306601E-02 6.307521E-02 6.306956E-02 6.306516E-02 6.305392E-02 6.304684E-02 6.302334E-02 6.301565E-02 6.300972E-02 6.300263E-02 6.299662E-02 6.299108E-02 6.298234E-02 6.295291E-02 6.294786E-02 6.294242E-02 6.295074E-02 6.294558E-02 6.294218E-02 6.293758E-02 6.292822E-02 6.292232E-02 6.292005E-02 6.291242E-02 6.290755E-02
6.326448E-02 6.325711E-02 6.324835E-02 6.324013E-02 6.323545E-02 6.322952E-02 6.321833E-02 6.319133E-02 6.318122E-02 6.316904E-02 6.314696E-02 .0631391 6.314168E-02 6.313617E-02 .0631327 6.312497E-02 .0631056 .0630919 6.308717E-02 6.307848E-02 6.306935E-02 .0630597 6.304944E-02 6.304054E-02 6.303226E-02 6.302235E-02 6.306723E-02 6.306309E-02 .0630594 6.306145E-02 6.306513E-02 6.306125E-02 6.305029E-02 6.304345E-02 6.302035E-02 6.301114E-02 6.300631E-02 6.299946E-02 6.299216E-02 6.298537E-02 6.297813E-02 6.294899E-02 6.294301E-02 6.293651E-02 6.293888E-02 6.294296E-02 6.293911E-02 6.293454E-02 .0629245 6.291773E-02 6.291068E-02 6.290582E-02 6.290529E-02
6.326036E-02 6.325579E-02 6.324462E-02 6.323713E-02 6.322961E-02 6.322616E-02 6.321535E-02 .0631877 6.317721E-02 6.316779E-02 6.315847E-02 6.313589E-02 .0631276 6.313473E-02 6.313007E-02 6.312183E-02 6.310054E-02 6.308793E-02 6.308117E-02 6.307162E-02 .0630634 6.305306E-02 6.304307E-02 6.303521E-02 6.302629E-02 6.301663E-02 6.306294E-02 .06306 6.305647E-02 6.305382E-02 6.304793E-02 6.305602E-02 6.304457E-02 6.304009E-02 6.301633E-02 6.300802E-02 6.300262E-02 6.299505E-02 6.298894E-02 6.298161E-02 6.297626E-02 6.296916E-02 6.293933E-02 6.293468E-02 6.293574E-02 .0629404 6.293524E-02 6.292961E-02 6.291905E-02 6.291281E-02 6.290703E-02 6.290166E-02 6.289544E-02
6.326138E-02 6.325432E-02 6.324187E-02 6.323235E-02 6.322577E-02 6.322151E-02 6.321035E-02 6.318373E-02 6.317141E-02 6.316232E-02 6.315306E-02 6.313181E-02 .0631219 .0631164 6.312332E-02 6.311664E-02 6.309633E-02 6.308405E-02 6.307581E-02 6.306564E-02 6.305714E-02 6.304661E-02 6.303689E-02 6.303044E-02 6.302127E-02 6.301217E-02 6.306103E-02 6.305559E-02 .0630505 6.304993E-02 6.304222E-02 .0630487 6.304089E-02 6.303568E-02 6.301339E-02 .0630073 6.299911E-02 6.299293E-02 6.298704E-02 .0629793 6.297203E-02 6.296562E-02 6.293653E-02 6.293088E-02 6.293114E-02 6.293574E-02 6.293063E-02 6.292041E-02 6.291348E-02 6.290827E-02 6.290255E-02 6.289671E-02 6.289049E-02
6.325757E-02 .0632498 6.323505E-02 6.322636E-02 6.322083E-02 6.321499E-02 6.320273E-02 6.317644E-02 6.316669E-02 6.315595E-02 6.314611E-02 6.312597E-02 6.311848E-02 6.311114E-02 6.310906E-02 6.311113E-02 6.309911E-02 6.307956E-02 6.307164E-02 6.306026E-02 6.305109E-02 6.304357E-02 6.303312E-02 6.302655E-02 6.301771E-02 6.301107E-02 6.305747E-02 6.305195E-02 6.304719E-02 6.304578E-02 6.303851E-02 6.303161E-02 .0630357 6.302842E-02 6.300794E-02 6.300095E-02 6.299788E-02 6.299249E-02 6.298318E-02 6.297324E-02 6.296767E-02 6.296202E-02 6.295561E-02 6.292856E-02 6.292877E-02 6.292628E-02 .0629283 6.291801E-02 .062912 6.290606E-02 6.289999E-02 6.289465E-02 6.292581E-02
6.324731E-02 6.324127E-02 6.322891E-02 6.322102E-02 6.321468E-02 6.320866E-02 6.319766E-02 6.317201E-02 .0631615 6.315082E-02 6.314167E-02 6.313421E-02 6.311231E-02 6.310644E-02 6.310397E-02 .0630966 6.309626E-02 6.307502E-02 6.306715E-02 6.305738E-02 6.304803E-02 6.304006E-02 6.302983E-02 6.302354E-02 6.301545E-02 6.300425E-02 6.305078E-02 6.304607E-02 6.304199E-02 .0630398 6.303219E-02 6.302493E-02 6.303058E-02 6.302523E-02 6.300432E-02 6.299841E-02 6.299508E-02 6.298909E-02 6.298206E-02 .0629743 6.296869E-02 6.296188E-02 6.295577E-02 6.292821E-02 6.292848E-02 6.292422E-02 6.292669E-02 6.291767E-02 6.291078E-02 6.290503E-02 6.289756E-02 6.292934E-02 6.292309E-02
6.324217E-02 6.323645E-02 6.322549E-02 6.321619E-02 6.320763E-02 6.320239E-02 6.319214E-02 6.316693E-02 6.315744E-02 6.314861E-02 6.313635E-02 6.312865E-02 .0631077 6.309941E-02 6.309486E-02 6.308693E-02 6.307969E-02 6.306753E-02 6.306013E-02 6.305171E-02 6.304144E-02 6.303229E-02 6.302507E-02 6.301954E-02 6.300971E-02 6.300063E-02 6.304875E-02 6.304295E-02 6.304038E-02 6.303664E-02 6.302801E-02 6.302202E-02 6.301539E-02 6.302357E-02 6.300338E-02 6.299876E-02 6.299327E-02 6.298698E-02 6.297834E-02 6.297283E-02 6.296854E-02 6.296329E-02 .0629559 6.294949E-02 6.292608E-02 6.292189E-02 6.292503E-02 6.291595E-02 .0629095 6.290112E-02 .0629319 6.292754E-02 6.292468E-02
6.323793E-02 .0632284 6.321782E-02 6.320857E-02 6.320295E-02 6.319694E-02 6.318586E-02 6.316066E-02 6.315129E-02 6.314055E-02 6.312904E-02 6.312076E-02 6.309941E-02 6.309018E-02 .0630867 6.307931E-02 6.307482E-02 6.305157E-02 6.305858E-02 6.304801E-02 6.303899E-02 .0630314 6.302462E-02 6.301603E-02 6.300682E-02 6.305082E-02 6.304426E-02 .0630393 6.303534E-02 6.303282E-02 .0630258 6.301829E-02 6.301004E-02 6.302188E-02 6.300145E-02 6.299614E-02 6.299202E-02 6.298619E-02 6.297663E-02 6.297014E-02 6.296697E-02 6.296388E-02 6.295536E-02 6.294993E-02 6.292494E-02 6.292128E-02 6.292386E-02 6.291403E-02 6.290539E-02 6.293722E-02 6.293262E-02 .0629278 6.292349E-02
6.322912E-02 6.322044E-02 6.320926E-02 6.320067E-02 6.319474E-02 6.318677E-02 6.318044E-02 .0631545 6.314487E-02 .0631347 6.312513E-02 6.311588E-02 6.310622E-02 6.308427E-02 6.307744E-02 6.307223E-02 6.307045E-02 6.305496E-02 6.303706E-02 6.304391E-02 6.303707E-02 .0630261 6.301875E-02 .0630108 6.300302E-02 6.304626E-02 6.304021E-02 6.303377E-02 6.303173E-02 6.303073E-02 6.302093E-02 .0630154 6.300847E-02 .0630063 6.300016E-02 6.299379E-02 6.299046E-02 6.298476E-02 6.297744E-02 6.296905E-02 6.296387E-02 6.295834E-02 6.295286E-02 6.294722E-02 6.292404E-02 6.291939E-02 6.291181E-02 6.290819E-02 6.293983E-02 6.293429E-02 6.292839E-02 6.292235E-02 6.291678E-02
6.322213E-02 6.321242E-02 .0632026 6.319629E-02 6.318904E-02 6.318065E-02 6.315833E-02 6.314816E-02 6.313817E-02 6.312912E-02 6.311945E-02 6.310866E-02 6.310038E-02 6.307976E-02 6.307156E-02 6.306911E-02 6.306392E-02 6.305125E-02 6.303293E-02 6.302406E-02 6.303159E-02 .0630231 .063015 6.300572E-02 6.299863E-02 6.304157E-02 6.303485E-02 6.303086E-02 6.302896E-02 6.302606E-02 6.301884E-02 6.301294E-02 6.300607E-02 6.300353E-02 6.298108E-02 6.299171E-02 6.298865E-02 6.298319E-02 6.297574E-02 6.296612E-02 6.295956E-02 6.295498E-02 6.294986E-02 6.294198E-02 6.294006E-02 6.291164E-02 6.290692E-02 6.294347E-02 6.293626E-02 6.292975E-02 6.292419E-02 6.291765E-02 6.291401E-02
6.321535E-02 6.320939E-02 6.319669E-02 .063192 6.318475E-02 6.317555E-02 .063152 6.314353E-02 6.313333E-02 6.312332E-02 6.311121E-02 6.310316E-02 6.309486E-02 6.308749E-02 6.306572E-02 6.306586E-02 .0630589 .0630472 .0630274 6.301728E-02 6.300736E-02 6.301552E-02 6.300931E-02 6.299899E-02 6.299073E-02 6.303503E-02 6.303025E-02 .0630265 6.302335E-02 6.302249E-02 6.301658E-02 6.301226E-02 6.300345E-02 6.300262E-02 6.298147E-02 6.299144E-02 6.299034E-02 6.298439E-02 6.297426E-02 6.296495E-02 .0629577 6.295314E-02 6.294728E-02 6.293859E-02 6.293664E-02 6.290843E-02 6.294475E-02 6.294385E-02 6.293614E-02 6.292886E-02 6.292243E-02 6.291648E-02 6.291225E-02
6.320853E-02 6.320193E-02 6.318924E-02 6.318076E-02 6.317471E-02 6.316739E-02 6.314554E-02 6.313506E-02 6.312489E-02 6.311356E-02 6.310356E-02 6.309673E-02 6.308796E-02 6.307861E-02 6.305996E-02 6.306317E-02 6.305408E-02 6.303921E-02 6.302191E-02 6.301223E-02 6.300258E-02 6.299389E-02 6.300351E-02 6.299321E-02 6.298672E-02 6.303389E-02 6.302755E-02 6.302208E-02 .0630209 6.302157E-02 6.301579E-02 6.301171E-02 6.300525E-02 6.300217E-02 6.298219E-02 6.297521E-02 .0629866 6.297845E-02 6.297087E-02 6.296238E-02 6.295706E-02 6.295018E-02 6.294367E-02 6.293706E-02 6.293548E-02 6.296816E-02 6.293973E-02 6.293301E-02 6.293321E-02 6.292765E-02 6.292194E-02 6.291648E-02 6.290597E-02
6.319154E-02 6.319579E-02 6.318544E-02 6.317489E-02 6.316888E-02 6.316097E-02 6.313963E-02 6.312881E-02 6.311668E-02 6.310908E-02 6.310062E-02 6.309277E-02 6.308657E-02 6.307487E-02 6.305639E-02 6.305929E-02 6.304929E-02 6.303467E-02 6.301878E-02 6.300695E-02 .0629979 .0629892 6.298275E-02 6.299265E-02 6.298412E-02 6.303132E-02 6.302392E-02 6.302226E-02 6.302233E-02 6.302189E-02 6.301591E-02 6.301081E-02 6.300388E-02 6.300042E-02 6.298051E-02 6.297139E-02 6.298339E-02 6.297668E-02 .0629697 6.296145E-02 6.295466E-02 6.294844E-02 6.294239E-02 6.293678E-02 .0629747 6.296717E-02 6.293608E-02 6.293047E-02 6.293247E-02 .0629255 6.291985E-02 6.291462E-02 6.290445E-02
6.318568E-02 6.319124E-02 6.318308E-02 6.317152E-02 6.316378E-02 6.315607E-02 6.313242E-02 6.312177E-02 6.311511E-02 6.310751E-02 6.309715E-02 6.309008E-02 6.307957E-02 6.307146E-02 .0630665 6.305427E-02 .0630437 .0630293 6.302064E-02 6.300174E-02 6.299313E-02 6.298625E-02 6.297886E-02 6.297196E-02 6.298006E-02 6.302384E-02 6.302105E-02 6.302211E-02 6.302166E-02 6.302015E-02 6.301443E-02 6.300776E-02 .063002 6.299654E-02 6.297606E-02 6.296956E-02 6.296513E-02 .0629741 6.296661E-02 6.295921E-02 6.295178E-02 6.294725E-02 6.294113E-02 .0629748 6.297306E-02 6.296608E-02 6.295642E-02 6.293043E-02 6.293177E-02 6.292375E-02 6.291606E-02 6.290638E-02 6.290085E-02
6.317918E-02 6.317494E-02 6.317761E-02 6.316698E-02 .0631576 .063148 6.312204E-02 6.311712E-02 6.310891E-02 6.310124E-02 6.309257E-02 .0630834 6.307209E-02 6.306634E-02 6.306233E-02 6.304824E-02 6.303794E-02 6.302306E-02 6.301512E-02 6.299706E-02 6.298895E-02 6.298066E-02 6.297379E-02 6.296334E-02 .0629737 6.302229E-02 6.301764E-02 .0630162 6.301615E-02 .0630169 6.301169E-02 6.300309E-02 6.299565E-02 .0629916 6.297183E-02 6.296564E-02 6.296033E-02 6.296982E-02 6.296247E-02 6.295358E-02 6.294601E-02 6.294232E-02 6.297555E-02 6.297018E-02 6.296811E-02 6.296248E-02 6.295412E-02 6.292686E-02 6.291831E-02 6.291831E-02 6.291232E-02 6.290274E-02 6.294972E-02
6.317198E-02 6.316938E-02 6.317316E-02 6.316052E-02 6.314996E-02 6.313957E-02 6.311743E-02 6.311198E-02 6.310322E-02 6.309537E-02 6.308539E-02 .063074 6.306766E-02 6.306049E-02 6.305891E-02 6.304263E-02 6.303367E-02 6.301984E-02 6.301256E-02 6.299241E-02 .062984 6.297535E-02 .0629654 6.295925E-02 6.300656E-02 6.301956E-02 6.301448E-02 6.301373E-02 6.301431E-02 6.301376E-02 6.300753E-02 6.299958E-02 6.299374E-02 6.298892E-02 6.296697E-02 6.296461E-02 6.295826E-02 6.295086E-02 6.295757E-02 6.294883E-02 6.294332E-02 6.297811E-02 6.297284E-02 .0629724 6.296688E-02 6.296143E-02 6.295058E-02 6.292141E-02 6.291527E-02 6.291632E-02 6.290587E-02 6.290006E-02 6.294788E-02
6.316204E-02 6.316016E-02 6.315606E-02 6.315222E-02 6.314424E-02 6.313445E-02 6.311144E-02 6.310533E-02 .0630969 6.308895E-02 6.308071E-02 6.306951E-02 .0630642 6.305844E-02 6.305578E-02 6.305435E-02 6.303018E-02 6.301668E-02 6.300881E-02 6.298708E-02 .0629778 6.296875E-02 6.296366E-02 6.295765E-02 .0630034 6.299706E-02 6.301228E-02 6.301022E-02 .0630114 6.301071E-02 6.300421E-02 6.299441E-02 .0629908 .0629866 6.296668E-02 6.296167E-02 6.295457E-02 .0629463 6.293771E-02 6.294563E-02 6.297915E-02 6.297577E-02 6.297192E-02 6.297281E-02 6.296477E-02 6.295807E-02 6.294929E-02 6.294287E-02 6.291407E-02 6.291588E-02 6.290542E-02 6.289893E-02 6.294459E-02
6.315307E-02 6.315017E-02 6.314287E-02 6.314164E-02 6.313828E-02 6.312841E-02 6.310433E-02 6.310131E-02 6.309247E-02 6.308471E-02 6.307308E-02 6.306443E-02 6.305697E-02 6.305122E-02 6.305052E-02 6.304976E-02 6.302412E-02 6.301089E-02 6.300218E-02 6.299086E-02 6.297162E-02 6.296629E-02 .0629615 6.295476E-02 6.299982E-02 6.299511E-02 6.299298E-02 .0630075 6.300813E-02 .063007 6.300121E-02 6.299031E-02 6.298646E-02 6.298229E-02 6.296291E-02 6.295842E-02 6.294978E-02 6.294119E-02 6.293455E-02 6.298248E-02 6.297732E-02 6.297506E-02 .0629703 6.297011E-02 .0629625 6.295592E-02 6.294677E-02 6.294174E-02 6.291382E-02 6.291053E-02 6.290445E-02 6.289663E-02 6.294414E-02
6.314194E-02 6.314048E-02 6.313577E-02 6.312601E-02 6.313242E-02 .0631235 6.309888E-02 6.309404E-02 .0630876 6.308082E-02 6.306731E-02 6.305752E-02 6.305026E-02 6.304736E-02 6.304328E-02 6.304467E-02 6.301855E-02 6.300341E-02 .0629945 6.298528E-02 6.296816E-02 6.296346E-02 6.295706E-02 6.294992E-02 6.299521E-02 6.299026E-02 6.298847E-02 6.298374E-02 6.300125E-02 6.300125E-02 6.299708E-02 6.298789E-02 6.298316E-02 6.297736E-02 6.295595E-02 6.295317E-02 6.294777E-02 6.297866E-02 6.297113E-02 .0629651 6.297491E-02 .0629719 6.296862E-02 6.296767E-02 6.296073E-02 6.295497E-02 6.294551E-02 .0629419 6.293101E-02 6.290235E-02 6.290158E-02 6.289623E-02 6.294337E-02
.0631315 6.313397E-02 6.313137E-02 .0631223 6.312649E-02 6.311896E-02 6.309343E-02 6.309088E-02 6.308397E-02 6.307447E-02 6.306055E-02 6.305149E-02 6.304561E-02 6.304309E-02 6.303739E-02 6.303747E-02 6.302816E-02 6.299686E-02 6.299049E-02 6.298267E-02 6.296491E-02 6.295718E-02 6.295087E-02 6.294525E-02 6.299045E-02 6.298569E-02 6.298282E-02 6.297976E-02 6.297802E-02 6.299768E-02 6.299295E-02 6.298421E-02 6.297792E-02 .062972 6.295139E-02 6.294664E-02 6.298269E-02 6.297606E-02 6.296833E-02 6.296249E-02 6.297201E-02 6.296758E-02 6.296332E-02 6.296541E-02 6.296067E-02 6.295432E-02 6.294437E-02 6.294015E-02 6.292749E-02 .062899 6.289984E-02 6.289393E-02 6.294166E-02
.0631235 6.312857E-02 6.312436E-02 6.311505E-02 6.310874E-02 .0631128 6.309211E-02 6.308145E-02 6.307707E-02 6.306504E-02 6.305566E-02 .0630474 6.303974E-02 6.303933E-02 6.303266E-02 6.303254E-02 6.302477E-02 6.299338E-02 6.298919E-02 6.298136E-02 6.296002E-02 6.295181E-02 6.294637E-02 6.294206E-02 6.298694E-02 6.298182E-02 6.297836E-02 .0629769 6.297521E-02 6.297503E-02 6.298751E-02 6.297782E-02 6.297262E-02 6.296746E-02 6.294777E-02 6.298235E-02 6.297793E-02 .0629691 6.296309E-02 6.295693E-02 6.295042E-02 6.296213E-02 .0629611 6.296303E-02 .0629577 6.294847E-02 .0629411 6.293141E-02 6.292514E-02 6.291871E-02 6.289789E-02 6.289079E-02 6.293657E-02
6.311835E-02 6.312155E-02 6.311579E-02 6.310812E-02 6.310412E-02 .0631084 6.308614E-02 6.307521E-02 6.306942E-02 6.305739E-02 6.304898E-02 6.304191E-02 .0630356 6.303354E-02 6.302654E-02 6.302642E-02 6.302135E-02 6.301004E-02 .0629848 6.297538E-02 6.296808E-02 6.294978E-02 6.294299E-02 6.293853E-02 6.298328E-02 6.297853E-02 6.297592E-02 6.297488E-02 6.297206E-02 6.297109E-02 6.296426E-02 6.297431E-02 6.296883E-02 6.296454E-02 6.298352E-02 6.297746E-02 .0629745 6.296705E-02 6.295692E-02 6.295193E-02 6.294825E-02 6.294619E-02 6.295952E-02 6.295982E-02 6.295469E-02 6.294451E-02 6.293711E-02 6.292764E-02 6.292206E-02 6.291436E-02 6.288589E-02 6.288438E-02 6.292915E-02
