inputs/Middelgrunden/Resource grid 1   Sector 10   Height 64m   Weibull-A.grd
DSAA
 111           201 
 728800        731000
 6176000       6180000
 6.513293      9.127136
[rows 56 to 83 of 201, columns 0 to 62 of 111]
6.892877 6.904475 6.917403 6.92871 6.945172 6.954396 6.95541 6.96332 6.971383 6.979381 6.987919 7.003464 7.025479 7.046865 7.068308 7.088723 7.107294 7.126071 7.144353 7.162221 7.180246 7.195846 7.212107 7.229223 7.246156 7.263004 7.279904 7.296505 7.290393 7.378691 7.322872 7.340886 7.353737 7.336295 7.34813 7.361328 7.372899 7.389321 7.405489 7.420589 7.434436 7.449485 7.464041 7.47721 7.491167 7.502753 7.51679 7.536611 7.550224 7.563209 7.576238 7.588997 7.601715 7.613852 7.626537 7.638475 7.650888 7.663087 7.675486 7.687643 7.746977 7.760169 7.770255
6.909063 6.920199 6.931243 6.942419 6.950342 6.958506 6.966786 6.973118 6.980599 6.988099 6.996758 7.003141 7.022865 7.015018 7.034896 7.079 7.099503 7.120367 7.140976 7.16076 7.179356 7.198054 7.216619 7.234807 7.252532 7.269659 7.286633 7.303403 7.319607 7.335304 7.352251 7.369264 7.34263 7.357113 7.335319 7.351312 7.367178 7.382941 7.404941 7.413004 7.429137 7.445037 7.460672 7.477922 7.493391 7.509017 7.522606 7.535899 7.548444 7.564295 7.575902 7.594643 7.60736 7.620217 7.632062 7.644465 7.657192 7.668698 7.681021 7.694956 7.737111 7.748419 7.760653
6.917763 6.929538 6.941032 6.94918 6.954928 6.962301 6.972564 6.966931 6.975712 6.984102 6.993188 7.006843 7.026721 7.046128 7.065275 7.084416 7.103394 7.122177 7.140772 7.159887 7.178823 7.198181 7.217173 7.236451 7.254498 7.272729 7.290915 7.309025 7.406402 7.423342 7.440347 7.355118 7.37925 7.321836 7.338162 7.354233 7.370099 7.38556 7.400848 7.416011 7.431166 7.44409 7.458697 7.473244 7.488132 7.509969 7.524758 7.539322 7.553612 7.56489 7.578967 7.592027 7.606352 7.620986 7.63391 7.64391 7.656731 7.669386 7.683682 7.730087 7.757304 7.776708 7.791315
6.922567 6.935172 6.946722 6.957084 6.945033 6.952659 6.961681 6.971913 6.980561 6.989225 6.997969 7.011926 7.03128 7.050732 7.070025 7.089428 7.108537 7.127352 7.146278 7.165205 7.183785 7.202002 7.220236 7.238785 7.257765 7.359811 7.377066 7.394129 7.410479 7.435324 7.34761 7.364715 7.381854 7.419805 7.435165 7.385051 7.400548 7.415941 7.431303 7.446511 7.461372 7.527746 7.541443 7.484543 7.498567 7.512632 7.540743 7.541423 7.555034 7.568606 7.58276 7.597529 7.612171 7.626852 7.637872 7.654108 7.676981 7.720094 7.735449 7.726516 7.742702 7.758819 7.783366
6.934514 6.946432 6.955836 6.965434 6.975091 6.984397 6.967029 6.97333 6.980128 6.987162 6.996536 7.013023 7.032666 7.052561 7.072267 7.091866 7.110937 7.129798 7.148695 7.167251 7.185986 7.204626 7.22268 7.240859 7.258895 7.361194 7.294285 7.394255 7.412411 7.326573 7.300861 7.366601 7.382506 7.418587 7.434185 7.450229 7.466176 7.481735 7.43274 7.447896 7.532324 7.546139 7.560031 7.505193 7.519048 7.585873 7.6004 7.563559 7.577543 7.590807 7.659368 7.610423 7.627242 7.643865 7.657185 7.723045 7.69942 7.714789 7.756134 7.769271 7.78243 7.778497 7.791667
7.051075 7.05867 7.066289 7.044749 6.981925 6.991251 6.973313 6.980201 6.984629 6.992984 7.001039 7.008258 7.031462 7.054492 7.076616 7.097384 7.11733 7.136926 7.156456 7.168178 7.284728 7.301926 7.319083 7.242117 7.345233 7.362244 7.378847 7.395644 7.412758 7.325682 7.343253 7.361108 7.302706 7.334176 7.351652 7.368953 7.385258 7.467545 7.483464 7.445795 7.535691 7.550751 7.566156 7.581051 7.596164 7.61105 7.627361 7.643509 7.662608 7.61772 7.634975 7.65227 7.644226 7.687145 7.703315 7.719546 7.734201 7.747265 7.760124 7.772297 7.784637 7.797244 7.809886
6.919111 6.927597 6.936133 6.94511 6.9537 6.962286 6.938914 6.982975 6.99088 6.994227 7.002213 7.010126 7.026019 7.046015 7.066064 7.087991 7.105292 7.126087 7.146889 7.166556 7.185922 7.204884 7.223368 7.222356 7.240683 7.254183 7.273013 7.292137 7.310898 7.329204 7.299308 7.312774 7.349892 7.36347 7.376803 7.389434 7.400512 7.413137 7.431381 7.449401 7.467037 7.465031 7.501897 7.520287 7.521097 7.556345 7.574128 7.591775 7.60905 7.626343 7.641879 7.655468 7.668916 7.694833 7.708006 7.724886 7.713483 7.750908 7.763949 7.776487 7.788871 7.778326 7.791808
6.865489 6.877496 6.887261 6.896535 6.906188 6.919972 6.92817 6.936452 6.944843 6.953784 6.962817 6.971755 7.024162 7.043274 7.062185 7.081275 7.10062 7.088199 7.108632 7.130165 7.152208 7.173927 7.195656 7.217053 7.237311 7.253709 7.273215 7.29259 7.311372 7.329956 7.349227 7.367555 7.352485 7.36674 7.381298 7.395491 7.398574 7.416444 7.436903 7.438258 7.471323 7.495214 7.516644 7.53152 7.534273 7.561225 7.577715 7.59378 7.604883 7.635792 7.6491 7.648848 7.662835 7.680941 7.694582 7.708821 7.718108 7.732207 7.7463 7.760565 7.775296 7.789961 7.80469
6.843003 6.856281 6.868843 6.878977 6.889173 6.904244 6.914431 6.923525 6.932874 6.942349 6.951738 6.961001 6.978014 6.998374 7.018117 7.037897 7.062008 7.082157 7.102067 7.122237 7.143382 7.16434 7.184898 7.205708 7.225954 7.247396 7.268853 7.289708 7.309815 7.329844 7.349841 7.369697 7.389297 7.371912 7.38991 7.407783 7.423684 7.438614 7.453526 7.469207 7.487521 7.505409 7.521282 7.537145 7.55716 7.574589 7.592087 7.609359 7.626688 7.642076 7.640239 7.655756 7.67108 7.687892 7.706823 7.72323 7.738981 7.753984 7.768845 7.789019 7.805725 7.822324 7.838885
6.819303 6.833174 6.847208 6.865251 6.875572 6.88581 6.896348 6.90675 6.916736 6.927277 6.937757 6.948328 6.967771 6.988551 7.010465 7.032475 7.054612 7.076718 7.133163 7.152813 7.178663 7.198824 7.212675 7.200545 7.220904 7.24267 7.2641 7.285447 7.308069 7.330933 7.35509 7.378801 7.39923 7.419157 7.438456 7.457957 7.43383 7.448524 7.461957 7.447906 7.491917 7.507928 7.524449 7.540761 7.556994 7.573372 7.590183 7.606443 7.622798 7.640171 7.657127 7.687632 7.705779 7.722342 7.723941 7.739756 7.739267 7.758471 7.774867 7.79068 7.819885 7.835173 7.849529
6.796034 6.809961 6.8241 6.843059 6.856958 6.867714 6.878036 6.888939 6.900904 6.912989 6.925329 6.942252 6.964489 6.986943 7.045092 7.065576 7.085824 7.106405 7.126698 7.146824 7.167251 7.188534 7.209949 7.202598 7.224041 7.281514 7.277274 7.298361 7.318127 7.330018 7.352777 7.377099 7.401831 7.425216 7.445177 7.462967 7.439032 7.451194 7.465018 7.479565 7.497073 7.514707 7.533248 7.550444 7.542034 7.56007 7.604371 7.628868 7.644752 7.660161 7.67552 7.691469 7.70738 7.677554 7.6945 7.713191 7.729104 7.744421 7.789859 7.80404 7.817046 7.829449 7.836263
6.772132 6.787609 6.804097 6.820484 6.841671 6.857794 6.91061 6.921218 6.932198 6.94278 6.953062 6.971732 6.992077 7.01265 7.035356 7.056551 7.077934 7.1001 7.086188 7.109338 7.138146 7.192232 7.186754 7.210854 7.232803 7.288825 7.312893 7.337693 7.362111 7.383471 7.399999 7.419191 7.438172 7.454876 7.443025 7.463652 7.484036 7.441504 7.481515 7.492395 7.50363 7.519849 7.537424 7.569781 7.584291 7.599276 7.616408 7.633332 7.654331 7.671261 7.686999 7.69915 7.714169 7.733353 7.748076 7.76244 7.776392 7.744955 7.759552 7.774458 7.789519 7.804409 7.817911
6.802239 6.816474 6.831007 6.846245 6.864736 6.883296 6.895266 6.905413 6.916766 6.928505 6.94169 6.965817 6.990376 7.015125 6.992411 7.024466 7.078118 7.072092 7.098519 7.123188 7.147471 7.172402 7.197544 7.222199 7.246556 7.267314 7.291161 7.307357 7.362316 7.380437 7.401088 7.421683 7.442305 7.459241 7.47934 7.498604 7.517711 7.538193 7.558429 7.5786 7.598825 7.558688 7.567484 7.577344 7.587468 7.599358 7.620687 7.638071 7.65519 7.672015 7.688749 7.704416 7.720326 7.736236 7.751994 7.767181 7.781483 7.795339 7.809153 7.822527 7.841633 7.855853 7.870756
6.784455 6.79983 6.814887 6.830423 6.846238 6.867742 6.882819 6.895922 6.908846 6.922465 6.939604 6.964952 6.990884 7.018517 7.045735 7.070932 7.09213 7.116889 7.098142 7.123345 7.148519 7.178878 7.23308 7.254953 7.277285 7.298768 7.320581 7.342279 7.360306 7.380641 7.400965 7.421126 7.441282 7.461351 7.47904 7.499893 7.526254 7.559623 7.476832 7.49965 7.52176 7.543486 7.565023 7.586649 7.608114 7.627172 7.633883 7.641579 7.65519 7.67056 7.687033 7.703273 7.719301 7.735448 7.75145 7.767341 7.784379 7.803076 7.818763 7.834608 7.850564 7.866003 7.880857
6.766841 6.783312 6.798648 6.813829 6.831032 6.852961 6.870113 6.891816 6.906669 6.924032 6.944522 6.97152 6.998181 6.970943 6.99664 7.022418 7.04799 7.076178 7.139528 7.16223 7.184907 7.207208 7.228734 7.249655 7.270961 7.291433 7.312763 7.332472 7.354847 7.377225 7.399552 7.42202 7.440877 7.461276 7.481002 7.423538 7.434479 7.488845 7.499701 7.509032 7.516283 7.520439 7.538966 7.560162 7.581645 7.604208 7.626972 7.649312 7.671585 7.684491 7.692647 7.705005 7.723275 7.742543 7.830857 7.847518 7.864392 7.881299 7.896624 7.91604 7.930668 7.94563 7.960339
6.75006 6.767539 6.785384 6.802978 6.82513 6.853677 6.876277 6.892268 6.898752 6.913529 6.939056 6.96565 6.991687 7.016228 7.044313 7.067518 7.091815 7.115987 7.139524 7.162652 7.185817 7.209002 7.231918 7.254125 7.276999 7.300243 7.321486 7.343956 7.365147 7.385765 7.405095 7.421696 7.442248 7.462681 7.482998 7.503186 7.523395 7.476384 7.491864 7.507048 7.522058 7.615141 7.630116 7.644965 7.657986 7.6715 7.688585 7.709497 7.731354 7.756082 7.778061 7.800169 7.822473 7.835822 7.846835 7.864053 7.87873 7.89385 7.908525 7.922573 7.936525 7.950681 7.964714
6.744738 6.769372 6.789426 6.809735 6.830661 6.852698 6.875266 6.899511 6.908235 6.92307 6.937561 6.966552 6.994326 7.021226 7.046276 7.070441 7.095053 7.119519 7.144179 7.16851 7.192956 7.214773 7.236755 7.25909 7.281 7.302474 7.32403 7.345371 7.370503 7.390674 7.410789 7.427464 7.448184 7.46822 7.488117 7.507913 7.553181 7.568869 7.584316 7.599771 7.609902 7.624529 7.639104 7.653982 7.669089 7.68897 7.706362 7.724278 7.741423 7.755415 7.771384 7.794336 7.813888 7.833315 7.852201 7.872582 7.890891 7.900469 7.911785 7.923981 7.941499 7.956489 7.971004
6.767373 6.790535 6.813651 6.828192 6.848229 6.867948 6.885302 6.89963 6.914436 6.928875 6.943101 6.970515 7.005861 7.033836 7.06104 7.079626 7.103669 7.12708 7.150185 7.122597 7.192574 7.218288 7.240393 7.263021 7.284867 7.306868 7.328758 7.350212 7.371504 7.392762 7.414111 7.43233 7.452073 7.47312 7.59271 7.61035 7.55538 7.571185 7.591681 7.608229 7.624056 7.647501 7.661147 7.67447 7.6892 7.703279 7.718775 7.735316 7.751589 7.764102 7.780167 7.796314 7.811499 7.825086 7.840748 7.859159 7.878136 7.897657 7.91784 7.938159 7.949873 7.959973 7.97197
6.798318 6.815796 6.833261 6.851861 6.870635 6.889474 6.904527 6.919096 6.933771 6.947205 6.960702 6.98349 7.011212 7.038119 7.064604 7.09076 7.116641 7.142129 7.155911 7.179777 7.203503 7.226513 7.249759 7.272378 7.293962 7.315948 7.337683 7.359688 7.377854 7.399818 7.422336 7.44991 7.47017 7.490294 7.510282 7.465131 7.587544 7.601101 7.61438 7.627134 7.63952 7.651385 7.665448 7.679248 7.692656 7.70622 7.719733 7.735699 7.751938 7.767823 7.783399 7.798874 7.814156 7.829344 7.844847 7.864585 7.87897 7.89121 8.009134 8.024072 7.942251 7.957651 7.977348
6.771425 6.792433 6.945062 6.962703 6.977042 7.013433 7.021084 7.061923 7.072934 7.083659 7.096662 7.124605 7.151993 7.178752 7.205163 7.102288 7.127958 7.153277 7.167519 7.191113 7.214759 7.237803 7.256385 7.278537 7.300589 7.323122 7.3443 7.365384 7.386212 7.406861 7.427773 7.449656 7.587672 7.605628 7.573974 7.587975 7.563901 7.578502 7.592734 7.60709 7.62139 7.63559 7.649805 7.663638 7.67715 7.690226 7.728161 7.740292 7.755734 7.771029 7.786901 7.80349 7.819326 7.834938 7.850437 7.865495 7.880574 7.895494 7.909993 7.924989 7.939021 7.951296 8.077106
6.950049 6.97615 6.980783 6.991828 7.057935 7.067778 7.077754 7.08762 7.097749 7.106211 7.113328 7.137424 7.163838 7.189596 7.214715 7.239316 7.263293 7.286885 7.309961 7.332572 7.35567 7.378327 7.401971 7.42345 7.444801 7.349709 7.483458 7.505762 7.524641 7.542199 7.559456 7.577055 7.595113 7.567555 7.535934 7.551591 7.566846 7.57232 7.587438 7.602039 7.626036 7.639789 7.653634 7.667229 7.680521 7.694086 7.707883 7.752584 7.768235 7.783254 7.797654 7.810719 7.8237 7.840044 7.855802 7.871383 7.886901 7.902039 7.917084 7.932085 7.946791 7.961083 7.975223
7.011201 7.022158 7.03328 7.045137 7.055519 7.065225 7.074631 7.082314 7.090125 7.098226 7.10644 7.138663 7.147476 7.154089 7.177013 7.234205 7.259764 7.284866 7.30935 7.210493 7.234673 7.259073 7.283643 7.454713 7.467783 7.48732 7.507216 7.469028 7.489742 7.5502 7.570409 7.59046 7.610298 7.560505 7.539644 7.554796 7.569795 7.584596 7.599023 7.613461 7.627729 7.642244 7.657216 7.667326 7.680939 7.695652 7.709517 7.724198 7.741076 7.796344 7.811587 7.826778 7.841838 7.856942 7.871481 7.885462 7.898901 7.910922 7.923216 7.975368 8.014326 8.041735 8.063457
7.045233 7.055224 7.065406 7.074792 7.084592 7.09482 7.10268 7.110697 7.118358 7.125479 7.132647 7.140152 7.239263 7.177706 7.200537 7.225227 7.249294 7.273923 7.296449 7.395509 7.33924 7.408708 7.428937 7.450092 7.471472 7.492524 7.496034 7.515759 7.535229 7.554558 7.540468 7.536208 7.546479 7.561954 7.577255 7.592388 7.570186 7.58459 7.599489 7.614313 7.628933 7.643761 7.658493 7.709134 7.723145 7.736829 7.750431 7.76496 7.780889 7.796735 7.812458 7.828125 7.842852 7.857683 7.872742 7.939637 7.97444 8.001555 8.020449 8.033903 8.046904 8.059644 8.071242
7.074226 7.084174 7.093768 7.103336 7.113047 7.12129 7.128776 7.136185 7.143382 7.150652 7.158154 7.165694 7.173206 7.199821 7.221025 7.24772 7.35074 7.276563 7.336946 7.359146 7.397593 7.426743 7.445579 7.464045 7.484469 7.505087 7.525937 7.521673 7.540261 7.576028 7.59487 7.536607 7.550856 7.566262 7.577455 7.592839 7.608322 7.623593 7.638547 7.653198 7.667761 7.72787 7.696402 7.710616 7.724761 7.738528 7.752353 7.767171 7.78365 7.799904 7.820323 7.877077 7.908483 7.936596 7.954239 7.96962 7.985033 8.000061 8.014546 8.028975 8.043332 8.057734 8.071735
7.100477 7.108843 7.117725 7.126487 7.135127 7.141521 7.148009 7.155816 7.162698 7.170162 7.17875 7.205729 7.213914 7.173711 7.253573 7.279022 7.304553 7.328733 7.414989 7.374249 7.396672 7.4186 7.453145 7.47429 7.495956 7.515478 7.540339 7.557134 7.573338 7.593372 7.613358 7.606488 7.624745 7.642529 7.659763 7.67725 7.694573 7.724834 7.741505 7.758131 7.775177 7.793519 7.812066 7.8303 7.733103 7.746709 7.770285 7.82339 7.854292 7.888218 7.90372 7.91901 7.93408 7.949074 7.963505 7.978116 7.992547 8.006897 8.020996 8.035087 8.049093 8.063484 8.07815
7.152187 7.15802 7.163653 7.169415 7.17552 7.182418 7.190093 7.198092 7.206039 7.162644 7.165713 7.237196 7.244411 7.250662 7.274854 7.300056 7.32423 7.347284 7.370741 7.393565 7.416145 7.437617 7.470634 7.48547 7.500268 7.515154 7.477315 7.558041 7.577557 7.59661 7.613487 7.628548 7.644051 7.66109 7.678151 7.696237 7.713931 7.731811 7.749408 7.766821 7.783834 7.80983 7.733941 7.781136 7.812438 7.83879 7.854345 7.869946 7.885857 7.902279 7.918892 7.935024 7.951038 7.966579 7.982292 7.998085 8.014056 8.030293 8.046586 8.052505 8.067388 8.092081 8.106565
7.10857 7.254288 7.25982 7.265289 7.270991 7.151218 7.159021 7.166513 7.173206 7.179872 7.186426 7.193118 7.182771 7.190121 7.28503 7.309964 7.33397 7.357698 7.376204 7.399202 7.422225 7.445481 7.468373 7.548926 7.570148 7.590137 7.550502 7.569294 7.587431 7.605041 7.630806 7.647152 7.664724 7.682192 7.698141 7.712624 7.727507 7.742732 7.672187 7.714884 7.746059 7.769809 7.786414 7.802709 7.818943 7.83482 7.850677 7.866378 7.882203 7.909206 7.923808 7.938399 7.943963 7.960408 7.975616 7.990108 8.004047 8.017887 8.033103 8.057756 8.072852 8.087769 8.102546
7.134033 7.146487 7.154051 7.160439 7.167725 7.171834 7.178131 7.317378 7.322337 7.327297 7.331899 7.337006 7.342527 7.347575 7.361941 7.388845 7.415294 7.440296 7.464495 7.488151 7.511288 7.469046 7.49043 7.500989 7.520792 7.540798 7.560772 7.580559 7.599905 7.618783 7.636672 7.654255 7.670802 7.688732 7.626541 7.66513 7.696695 7.717518 7.733533 7.746633 7.759784 7.775882 7.792425 7.797897 7.825861 7.840619 7.855733 7.861637 7.877735 7.893244 7.908432 7.923426 7.938033 7.952961 7.967913 7.983767 8.009125 8.067584 8.080989 8.059502 8.072891 8.085996 8.1332
