inputs/Middelgrunden/Resource grid 1   Sector 8   Height 64m   Sector frequency.grd
DSAA
 111           201 
 728800        731000
 6176000       6180000
 .0940415      9.693906E-02
[rows 120 to 143 of 201, columns 0 to 52 of 111]
9.445899E-02 9.449373E-02 9.450464E-02 .0945062 9.450959E-02 9.452295E-02 9.453711E-02 9.459259E-02 9.459587E-02 9.457213E-02 9.456654E-02 .0944069 9.440197E-02 9.440545E-02 .0944379 .094441 .094436 9.445313E-02 9.449207E-02 9.448257E-02 9.449532E-02 9.453067E-02 9.458572E-02 9.459435E-02 .0946224 9.462788E-02 9.466025E-02 9.447239E-02 9.448511E-02 9.450974E-02 9.452895E-02 9.464307E-02 9.465889E-02 9.472139E-02 9.473027E-02 .0947398 9.475981E-02 9.478276E-02 9.476063E-02 9.470241E-02 9.470854E-02 9.474353E-02 9.484304E-02 9.485927E-02 .0948052 9.479946E-02 9.481157E-02 9.484436E-02 9.488313E-02 9.493827E-02 9.496325E-02 .0949757 9.500944E-02
9.446656E-02 9.448519E-02 9.451416E-02 9.451872E-02 9.453167E-02 9.453342E-02 9.454186E-02 9.456695E-02 9.461563E-02 9.461029E-02 9.459212E-02 .0944199 9.442299E-02 9.441605E-02 9.441014E-02 9.444431E-02 9.444616E-02 9.445598E-02 9.447469E-02 9.445998E-02 9.449588E-02 9.450679E-02 9.454931E-02 9.458078E-02 9.461588E-02 9.463511E-02 9.465711E-02 9.467755E-02 9.450106E-02 9.452094E-02 9.454444E-02 9.462888E-02 9.468038E-02 9.473274E-02 9.475335E-02 9.476341E-02 .0947767 9.473703E-02 9.473011E-02 9.474301E-02 9.480087E-02 9.482305E-02 9.484591E-02 9.486635E-02 .0948586 9.481471E-02 9.482737E-02 9.485452E-02 9.488872E-02 9.493686E-02 9.497204E-02 9.498716E-02 9.500549E-02
9.447128E-02 9.448964E-02 9.451701E-02 .0945397 9.454202E-02 9.455492E-02 9.455575E-02 9.456864E-02 9.459352E-02 9.464403E-02 9.463148E-02 9.461414E-02 9.442277E-02 9.442507E-02 9.442594E-02 9.442871E-02 9.446481E-02 9.446022E-02 9.446737E-02 9.445501E-02 9.447138E-02 9.450783E-02 9.452455E-02 9.458099E-02 9.460674E-02 9.463583E-02 9.465818E-02 9.468859E-02 9.452527E-02 9.454326E-02 9.456519E-02 9.465387E-02 9.466169E-02 9.474777E-02 9.478778E-02 9.473011E-02 9.473893E-02 .0947484 9.474399E-02 9.482864E-02 9.483255E-02 9.481679E-02 9.485106E-02 .0948701 .0948872 9.486844E-02 9.484687E-02 .0948671 9.489643E-02 9.492251E-02 9.496743E-02 9.499359E-02 9.501322E-02
9.448579E-02 9.449966E-02 9.452289E-02 9.455179E-02 9.456541E-02 9.456795E-02 9.458211E-02 9.457885E-02 9.459656E-02 9.461667E-02 9.465191E-02 9.463546E-02 9.463508E-02 9.443927E-02 9.444261E-02 9.444328E-02 9.444106E-02 9.447374E-02 .094461 9.445157E-02 9.447257E-02 9.449097E-02 9.450476E-02 .0945534 9.461281E-02 9.464148E-02 9.467164E-02 9.470498E-02 9.454142E-02 9.456723E-02 9.464738E-02 9.466396E-02 9.468666E-02 9.467081E-02 9.472099E-02 9.474713E-02 9.475086E-02 9.475651E-02 9.483937E-02 9.483662E-02 9.485713E-02 9.485211E-02 9.487116E-02 9.488308E-02 9.489717E-02 9.489741E-02 9.489331E-02 .09488 9.491068E-02 9.492523E-02 9.495813E-02 9.499769E-02 9.502493E-02
9.450576E-02 9.451482E-02 9.453475E-02 .0945598 9.458911E-02 9.459302E-02 9.458848E-02 9.459669E-02 9.458865E-02 9.461033E-02 9.466366E-02 .0946725 9.465466E-02 9.444986E-02 9.444574E-02 9.444547E-02 9.444877E-02 9.445629E-02 9.446529E-02 9.445108E-02 9.447391E-02 9.450424E-02 9.451339E-02 9.453333E-02 9.459517E-02 9.465761E-02 9.468027E-02 9.471801E-02 9.475014E-02 9.458066E-02 9.466571E-02 9.462115E-02 9.462905E-02 9.463814E-02 9.468576E-02 9.475648E-02 9.476916E-02 .0948428 9.485157E-02 .0948429 9.487591E-02 9.488892E-02 9.487264E-02 9.489193E-02 9.490865E-02 9.491673E-02 9.491559E-02 9.492156E-02 9.491747E-02 9.494406E-02 9.496213E-02 9.501386E-02 9.503446E-02
9.451734E-02 9.453788E-02 9.454846E-02 9.456778E-02 9.460583E-02 9.460294E-02 9.460251E-02 9.460671E-02 9.461938E-02 9.461705E-02 9.463473E-02 9.468771E-02 9.467579E-02 9.466744E-02 9.445129E-02 9.444883E-02 9.445129E-02 9.445416E-02 9.445575E-02 9.445702E-02 9.447602E-02 9.451904E-02 9.453212E-02 9.454778E-02 9.457824E-02 9.461796E-02 9.466942E-02 9.471308E-02 .0947575 9.452803E-02 9.460676E-02 9.462003E-02 9.464103E-02 9.465487E-02 9.468601E-02 9.471142E-02 9.484427E-02 .0948563 9.486301E-02 9.484775E-02 9.486736E-02 9.490201E-02 9.491066E-02 9.491972E-02 9.492124E-02 9.493549E-02 9.492826E-02 9.495358E-02 9.496392E-02 9.496341E-02 9.498017E-02 9.499986E-02 9.504043E-02
9.451811E-02 9.455278E-02 9.456322E-02 9.456671E-02 9.459765E-02 9.463382E-02 9.463057E-02 9.462192E-02 9.462616E-02 9.463194E-02 9.463067E-02 .0946548 9.469523E-02 9.468168E-02 .0946798 9.446154E-02 9.446447E-02 9.446475E-02 .0944582 9.449115E-02 9.448582E-02 9.451906E-02 9.455477E-02 9.456372E-02 9.459066E-02 9.462456E-02 9.465542E-02 9.463154E-02 .0946768 9.452551E-02 .0946108 9.463559E-02 9.464215E-02 9.465282E-02 9.477117E-02 9.476952E-02 9.482252E-02 9.486226E-02 9.487534E-02 9.487868E-02 9.487717E-02 9.490971E-02 9.492316E-02 9.493317E-02 9.495153E-02 9.496226E-02 9.495862E-02 9.496599E-02 9.498599E-02 9.500439E-02 9.499992E-02 9.500569E-02 9.504335E-02
9.454594E-02 9.453712E-02 9.457345E-02 9.459016E-02 9.461076E-02 9.463543E-02 9.464928E-02 .094641 9.464207E-02 9.464422E-02 9.465062E-02 9.465022E-02 9.468246E-02 .0947116 9.470575E-02 .0944806 9.447196E-02 9.447649E-02 9.446917E-02 9.448049E-02 9.451806E-02 9.452964E-02 9.456787E-02 9.458273E-02 9.459423E-02 9.456144E-02 9.459404E-02 9.461925E-02 9.463086E-02 9.471911E-02 9.460501E-02 9.462602E-02 9.464727E-02 9.473407E-02 9.478678E-02 9.479573E-02 9.481747E-02 9.485122E-02 9.488644E-02 9.490287E-02 9.489074E-02 9.492265E-02 9.494932E-02 9.496035E-02 9.499539E-02 9.498647E-02 9.498724E-02 .0949719 .0949929 9.502513E-02 9.504673E-02 9.502822E-02 9.504394E-02
9.456903E-02 9.457075E-02 9.457335E-02 .0946029 9.461679E-02 9.463195E-02 9.466609E-02 .0946677 9.465742E-02 9.465988E-02 9.466303E-02 9.468053E-02 9.467953E-02 9.473116E-02 9.473339E-02 .0947303 9.448858E-02 9.448975E-02 9.448092E-02 9.449796E-02 9.450729E-02 9.454476E-02 9.457164E-02 9.453546E-02 9.454922E-02 .0945702 9.460412E-02 9.461446E-02 9.461379E-02 9.471862E-02 9.457527E-02 9.462868E-02 9.472775E-02 9.474762E-02 9.479927E-02 9.481014E-02 .0948201 9.483416E-02 .0948798 9.492133E-02 9.491944E-02 9.494491E-02 9.496294E-02 9.497655E-02 9.498955E-02 9.502122E-02 9.501542E-02 .094993 9.500691E-02 9.503777E-02 9.507337E-02 9.508345E-02 9.505332E-02
9.457707E-02 9.458879E-02 9.459472E-02 9.460498E-02 9.463132E-02 9.463844E-02 9.465953E-02 9.469197E-02 9.469223E-02 9.469047E-02 9.469042E-02 .0947048 9.470647E-02 9.470964E-02 9.475215E-02 .0947569 9.474181E-02 9.450871E-02 9.449055E-02 9.450791E-02 9.451419E-02 9.446566E-02 9.453359E-02 9.455062E-02 9.455885E-02 9.456838E-02 9.458641E-02 9.460755E-02 9.461424E-02 9.469023E-02 .0947568 9.467981E-02 9.473412E-02 9.475944E-02 9.477523E-02 .094824 .0948405 9.487662E-02 9.487031E-02 .0949219 9.494784E-02 .0949578 9.497758E-02 9.499037E-02 9.500077E-02 9.503943E-02 9.504658E-02 9.502769E-02 9.502009E-02 .0950439 9.507455E-02 9.511451E-02 9.510238E-02
9.456567E-02 9.459341E-02 9.460825E-02 9.461506E-02 9.463534E-02 9.465475E-02 9.467577E-02 9.470379E-02 9.472931E-02 9.472494E-02 9.471855E-02 9.472609E-02 9.472891E-02 9.472299E-02 9.472953E-02 9.476116E-02 9.476057E-02 9.451784E-02 9.450779E-02 9.446049E-02 9.447633E-02 9.448153E-02 9.450295E-02 9.454384E-02 9.456065E-02 9.457497E-02 9.459434E-02 9.460949E-02 9.461729E-02 .0947054 9.481029E-02 9.466981E-02 9.471229E-02 9.474668E-02 9.479527E-02 9.484933E-02 9.485514E-02 9.487088E-02 9.490089E-02 9.490139E-02 9.496403E-02 9.496965E-02 9.499158E-02 9.500515E-02 9.501132E-02 9.502619E-02 9.505901E-02 9.506683E-02 9.503917E-02 9.504634E-02 9.507219E-02 9.510719E-02 9.512749E-02
9.453572E-02 9.458543E-02 .0946176 9.463368E-02 9.465474E-02 9.468302E-02 9.469754E-02 9.470927E-02 9.474534E-02 9.475169E-02 9.474598E-02 9.474284E-02 9.474342E-02 9.473545E-02 9.473095E-02 9.474161E-02 9.477632E-02 9.471569E-02 9.446634E-02 9.447519E-02 9.448104E-02 9.448188E-02 9.450125E-02 .0945386 9.456733E-02 9.458243E-02 9.460398E-02 9.461968E-02 9.469854E-02 9.477462E-02 9.483504E-02 9.466185E-02 9.470842E-02 9.475009E-02 9.477696E-02 9.486327E-02 9.487545E-02 9.488572E-02 9.492221E-02 9.491422E-02 9.492513E-02 9.496164E-02 9.500224E-02 9.501778E-02 9.502391E-02 9.502384E-02 9.506436E-02 9.507897E-02 9.506819E-02 9.505507E-02 9.507427E-02 9.510653E-02 .0951269
9.453581E-02 9.457738E-02 9.462276E-02 9.466733E-02 9.468474E-02 9.469023E-02 .0947196 9.472868E-02 9.474635E-02 9.476569E-02 9.476167E-02 9.475473E-02 9.475326E-02 9.474856E-02 9.473814E-02 9.468239E-02 .0947132 9.473478E-02 9.471408E-02 9.448304E-02 9.448967E-02 9.449767E-02 9.451029E-02 9.453582E-02 9.457144E-02 .0945925 9.461148E-02 9.471627E-02 9.473294E-02 9.479893E-02 9.483346E-02 9.488221E-02 9.469209E-02 9.473705E-02 9.478415E-02 9.485364E-02 9.487078E-02 9.489761E-02 9.491216E-02 9.493456E-02 9.492698E-02 9.492656E-02 9.498368E-02 9.502845E-02 .0950382 9.503035E-02 .0950379 9.507827E-02 9.509225E-02 9.509023E-02 9.509352E-02 9.511428E-02 9.513772E-02
9.454384E-02 9.459111E-02 9.463739E-02 9.467492E-02 9.470899E-02 9.471393E-02 9.471244E-02 .0947378 9.475186E-02 9.475818E-02 .0947685 9.477501E-02 9.476768E-02 .0946984 9.469522E-02 9.469435E-02 9.469244E-02 9.472623E-02 9.473153E-02 9.450598E-02 9.451121E-02 9.451307E-02 9.451827E-02 9.454778E-02 9.455667E-02 .0946144 9.470984E-02 9.473389E-02 9.475177E-02 9.481011E-02 9.483301E-02 9.488945E-02 9.470197E-02 9.472718E-02 9.477786E-02 9.482291E-02 9.487531E-02 9.488059E-02 .0949046 9.494118E-02 9.495225E-02 .0949348 .0949445 9.501019E-02 9.503972E-02 .095046 9.504921E-02 9.508926E-02 9.510659E-02 9.511117E-02 9.512309E-02 9.513573E-02 9.514458E-02
9.455688E-02 9.460119E-02 9.464213E-02 9.467809E-02 9.470997E-02 9.473278E-02 9.472628E-02 9.472553E-02 9.475445E-02 9.476454E-02 9.477789E-02 9.472225E-02 9.472719E-02 9.471607E-02 9.470747E-02 9.471162E-02 9.471297E-02 .0946928 9.473515E-02 .0947566 .0945317 9.453003E-02 9.453944E-02 9.456439E-02 9.460343E-02 9.466569E-02 .0947255 .094741 9.482419E-02 9.482475E-02 9.483676E-02 9.488309E-02 9.473653E-02 9.472838E-02 9.476025E-02 9.479961E-02 9.487223E-02 9.488428E-02 9.489107E-02 9.492377E-02 9.495381E-02 .0949621 9.493349E-02 .094978 9.503443E-02 9.506574E-02 9.507029E-02 9.508017E-02 .0951173 9.512477E-02 9.514554E-02 9.516522E-02 9.516236E-02
9.456849E-02 9.459609E-02 9.463505E-02 9.465346E-02 9.469536E-02 9.472554E-02 9.474272E-02 .0947394 9.474629E-02 9.470773E-02 9.472003E-02 9.473335E-02 .094735 9.473403E-02 9.473263E-02 9.473249E-02 9.473625E-02 9.471666E-02 9.472677E-02 9.476532E-02 9.479097E-02 9.456601E-02 9.457041E-02 .0945799 9.469209E-02 .094702 9.469061E-02 9.474332E-02 .0948223 9.483313E-02 9.485215E-02 9.488096E-02 9.492426E-02 9.476011E-02 9.474597E-02 9.477735E-02 9.485441E-02 9.488178E-02 9.489593E-02 9.491056E-02 .0949394 9.497318E-02 9.496536E-02 9.496097E-02 9.500322E-02 9.506591E-02 9.508698E-02 9.509237E-02 9.513188E-02 .0951426 9.515835E-02 .0951958 9.519847E-02
9.457662E-02 9.459063E-02 9.461351E-02 9.465633E-02 9.467407E-02 9.471072E-02 9.474769E-02 9.469416E-02 9.469036E-02 9.469221E-02 9.471948E-02 .094738 9.474966E-02 9.474701E-02 9.475026E-02 9.474672E-02 9.475364E-02 9.474857E-02 9.474061E-02 9.477163E-02 9.479448E-02 9.458429E-02 9.459259E-02 9.467606E-02 9.469464E-02 9.471413E-02 9.470017E-02 9.471666E-02 9.482935E-02 9.484176E-02 9.486807E-02 9.488527E-02 9.492984E-02 9.475616E-02 .094772 9.475571E-02 9.482853E-02 9.487104E-02 9.490004E-02 9.492468E-02 9.495582E-02 9.495929E-02 9.496208E-02 9.498724E-02 9.500081E-02 9.503153E-02 9.509162E-02 9.511618E-02 9.513265E-02 9.517698E-02 9.517759E-02 9.519365E-02 9.520888E-02
9.457716E-02 9.460304E-02 9.461319E-02 9.464233E-02 9.468052E-02 9.462851E-02 9.466461E-02 9.469754E-02 9.470966E-02 .094708 .0947313 9.474877E-02 9.476191E-02 9.476841E-02 .0947752 9.478531E-02 9.478324E-02 9.476852E-02 9.477343E-02 9.475724E-02 9.479383E-02 .0948946 9.467772E-02 9.468473E-02 .0947022 9.472367E-02 9.473953E-02 .0947193 .0948157 9.484126E-02 9.485622E-02 9.488302E-02 9.491451E-02 9.494256E-02 9.477574E-02 9.476629E-02 9.477843E-02 .0948531 9.489728E-02 9.492669E-02 .0949504 9.497846E-02 9.497306E-02 9.497856E-02 9.502376E-02 .0950357 9.507462E-02 9.513164E-02 9.515548E-02 .0951833 9.518504E-02 9.519754E-02 .0952175
.0945436 9.460061E-02 9.461965E-02 9.456858E-02 .0945923 9.461972E-02 9.464806E-02 9.468798E-02 .09473 9.473725E-02 9.473545E-02 9.477988E-02 9.477822E-02 9.479678E-02 9.479918E-02 9.479541E-02 9.480252E-02 .0947845 9.478883E-02 9.478346E-02 9.485104E-02 9.489823E-02 9.491966E-02 9.469797E-02 9.471859E-02 9.474738E-02 .0947558 9.474877E-02 9.479147E-02 9.482729E-02 9.484574E-02 9.487405E-02 9.491427E-02 9.495682E-02 .094785 9.480032E-02 9.478536E-02 9.484108E-02 9.488468E-02 9.492394E-02 9.495135E-02 9.500245E-02 9.500272E-02 9.498908E-02 9.502762E-02 9.503703E-02 9.507578E-02 9.509689E-02 9.514651E-02 9.517141E-02 9.520724E-02 9.520772E-02 9.521925E-02
9.454384E-02 9.451672E-02 9.453586E-02 9.455631E-02 9.459093E-02 9.461533E-02 9.464863E-02 .0946802 9.472165E-02 9.476733E-02 9.477152E-02 .0947713 9.479124E-02 9.479769E-02 9.481036E-02 9.481412E-02 9.480993E-02 .0948026 9.480799E-02 9.489197E-02 9.487353E-02 .0948874 9.491935E-02 9.470876E-02 9.472721E-02 9.476237E-02 9.476699E-02 9.476397E-02 9.480147E-02 9.479515E-02 9.486321E-02 .0948751 9.490743E-02 .0949687 9.479693E-02 9.480694E-02 .0948266 9.485403E-02 9.488337E-02 9.491953E-02 9.495772E-02 9.498797E-02 9.502476E-02 9.501433E-02 9.503248E-02 9.505817E-02 9.506041E-02 9.510019E-02 .0951268 9.518258E-02 9.523091E-02 9.522521E-02 9.522628E-02
9.445194E-02 9.450452E-02 9.452691E-02 .0945595 9.458505E-02 9.461012E-02 9.465816E-02 9.468807E-02 9.472109E-02 9.475773E-02 9.478869E-02 9.478939E-02 9.478734E-02 9.479995E-02 9.481362E-02 9.482399E-02 .0948283 9.480527E-02 9.490103E-02 9.490476E-02 .0949062 9.488814E-02 9.492305E-02 .0949387 9.472877E-02 9.475908E-02 9.478233E-02 9.484131E-02 9.483953E-02 9.481225E-02 9.482546E-02 9.489191E-02 9.490668E-02 9.495861E-02 9.500081E-02 9.483056E-02 9.484226E-02 9.490367E-02 9.489785E-02 9.491071E-02 9.494195E-02 9.497556E-02 9.502735E-02 9.504464E-02 9.503998E-02 9.507489E-02 .0951006 9.509625E-02 9.510933E-02 9.515695E-02 9.521627E-02 .0952467 9.523095E-02
9.447251E-02 9.451528E-02 9.453552E-02 9.457162E-02 9.460449E-02 9.462541E-02 9.464578E-02 9.468653E-02 9.471002E-02 9.474731E-02 9.476853E-02 9.479937E-02 9.479529E-02 9.479137E-02 9.480431E-02 9.481819E-02 9.483294E-02 9.490636E-02 9.491434E-02 9.492612E-02 9.492267E-02 9.491005E-02 9.489197E-02 9.494033E-02 9.495719E-02 9.476113E-02 9.479956E-02 9.486475E-02 9.486195E-02 .0948517 9.484353E-02 9.485773E-02 9.492791E-02 9.495392E-02 9.501417E-02 .0948473 9.485983E-02 9.487861E-02 9.491125E-02 9.492317E-02 9.492838E-02 9.495618E-02 9.502394E-02 9.505605E-02 9.505782E-02 9.508649E-02 9.511606E-02 9.513524E-02 9.512612E-02 9.512823E-02 9.518853E-02 9.525845E-02 9.523921E-02
.0944837 9.454404E-02 9.455527E-02 .0945872 9.461772E-02 9.463797E-02 9.464526E-02 9.467537E-02 9.471206E-02 9.473365E-02 9.476157E-02 9.479637E-02 9.481787E-02 9.480616E-02 9.480799E-02 9.490351E-02 9.490015E-02 9.491339E-02 .0949174 9.492255E-02 9.492739E-02 .0949193 9.490503E-02 9.490163E-02 .0949548 9.474738E-02 9.480056E-02 9.487856E-02 9.488922E-02 .0948891 9.486971E-02 9.487943E-02 9.489653E-02 9.495898E-02 9.501041E-02 .094858 9.487822E-02 9.489321E-02 9.495022E-02 9.493658E-02 9.494008E-02 .0949545 9.499145E-02 9.505945E-02 9.506228E-02 9.508739E-02 9.511856E-02 9.514484E-02 .0951596 9.514328E-02 9.515608E-02 9.519248E-02 9.525143E-02
9.450307E-02 9.455312E-02 9.457798E-02 .094597 .0946219 .0946407 9.466107E-02 9.466822E-02 9.469689E-02 9.473968E-02 9.475424E-02 9.479315E-02 .094831 9.483618E-02 9.489325E-02 9.489741E-02 9.490624E-02 9.491335E-02 9.492102E-02 9.493034E-02 9.493844E-02 9.493818E-02 9.492572E-02 9.491915E-02 9.494545E-02 9.498698E-02 9.479579E-02 9.489381E-02 9.491222E-02 .0949166 .0949066 9.489358E-02 .094903 9.494134E-02 9.500493E-02 9.504979E-02 9.489331E-02 9.490453E-02 9.496015E-02 9.497469E-02 9.496294E-02 9.496879E-02 9.498011E-02 9.503922E-02 9.507565E-02 9.508613E-02 9.512169E-02 9.514581E-02 9.516855E-02 9.517605E-02 .0951639 9.518307E-02 9.521399E-02
