inputs/Middelgrunden/Resource grid 1   Sector 3   Height 64m   Weibull-A.grd
DSAA
 111           201 
 728800        731000
 6176000       6180000
 7.868675      7.88268
[rows 0 to 27 of 201, columns 0 to 62 of 111]
7.868675 7.869201 7.87026 7.871865 7.872895 7.873931 7.87509 7.876056 7.876484 7.877931 7.879577 7.879885 7.880141 7.88008 7.88062 7.880659 7.880707 7.880151 7.88029 7.880889 7.881016 7.880406 7.880473 7.880591 7.880571 7.880478 7.880584 7.880155 7.880253 7.8808 7.880924 7.881294 7.881342 7.881032 7.881021 7.880937 7.880888 7.880857 7.881247 7.881039 7.880424 7.880465 7.880895 7.880939 7.880965 7.881007 7.881056 7.881083 7.881102 7.88112 7.88114 7.881476 7.88149 7.88126 7.88132 7.881354 7.881056 7.881326 7.881561 7.881464 7.881427 7.881417 7.881414
7.869259 7.870277 7.8705 7.871537 7.873093 7.874167 7.875275 7.87626 7.877271 7.877963 7.878704 7.880338 7.880177 7.880135 7.880631 7.880731 7.880719 7.880826 7.880326 7.880395 7.88105 7.880735 7.880465 7.880528 7.880556 7.880508 7.880542 7.88061 7.88026 7.880294 7.880814 7.881336 7.881357 7.881338 7.881061 7.881073 7.881091 7.880983 7.881052 7.881102 7.881112 7.880426 7.880403 7.880927 7.880969 7.88101 7.881026 7.880995 7.881158 7.881156 7.881124 7.881458 7.881434 7.881283 7.88127 7.88129 7.881337 7.881598 7.881316 7.881184 7.881433 7.881461 7.88148
7.869576 7.870863 7.871224 7.871742 7.872806 7.87435 7.875371 7.87651 7.877781 7.878758 7.87983 7.879856 7.880461 7.880143 7.880581 7.880683 7.880702 7.880802 7.880879 7.880494 7.880516 7.88109 7.880804 7.880541 7.880556 7.88061 7.880515 7.880599 7.880652 7.880812 7.880369 7.880792 7.88131 7.881396 7.881385 7.881134 7.88116 7.881174 7.881179 7.881459 7.881174 7.880851 7.880809 7.880443 7.880485 7.880936 7.880958 7.881054 7.88143 7.881195 7.881124 7.881143 7.881443 7.881435 7.881252 7.88129 7.881285 7.881526 7.881519 7.88161 7.880907 7.881137 7.881473
7.869627 7.870862 7.871724 7.872417 7.872949 7.874007 7.875615 7.876736 7.878063 7.878949 7.87956 7.880512 7.879862 7.880156 7.880226 7.880667 7.880697 7.88076 7.880888 7.881012 7.880595 7.880618 7.880817 7.880816 7.880612 7.880645 7.880575 7.880486 7.880575 7.880758 7.880868 7.880445 7.880855 7.881345 7.8814 7.88145 7.881216 7.881252 7.881351 7.881255 7.881533 7.880923 7.880814 7.880844 7.880473 7.880451 7.880888 7.880998 7.881016 7.881451 7.881227 7.881167 7.881472 7.881469 7.881468 7.881293 7.881315 7.881294 7.881438 7.881518 7.881474 7.880956 7.881166
7.869687 7.870949 7.871773 7.872892 7.873578 7.874118 7.875241 7.876818 7.878251 7.879238 7.879776 7.88051 7.880432 7.879913 7.879621 7.880623 7.880667 7.880695 7.880794 7.88101 7.881057 7.881149 7.880349 7.880872 7.880882 7.880672 7.880645 7.880453 7.880509 7.880596 7.880839 7.880903 7.880892 7.880892 7.881402 7.881416 7.881506 7.881299 7.881409 7.881421 7.881378 7.881592 7.880929 7.880877 7.880869 7.880841 7.880541 7.880613 7.880984 7.881366 7.881389 7.880875 7.881157 7.881444 7.881474 7.881502 7.881318 7.881267 7.881414 7.881489 7.881552 7.881196 7.881258
7.871682 7.870982 7.871849 7.872966 7.873621 7.874754 7.875309 7.876436 7.878471 7.879428 7.880007 7.880588 7.880545 7.880514 7.880017 7.880061 7.880646 7.880694 7.88076 7.880982 7.88103 7.881088 7.881167 7.880424 7.880445 7.880925 7.880621 7.880641 7.880538 7.880611 7.880712 7.880823 7.880923 7.881357 7.880949 7.881039 7.881486 7.881543 7.881444 7.881468 7.881523 7.881444 7.881037 7.880986 7.880886 7.880893 7.880901 7.880554 7.880617 7.880987 7.881376 7.881396 7.881116 7.88144 7.881423 7.881519 7.881495 7.881238 7.881457 7.881461 7.881487 7.881551 7.881202
7.871542 7.872777 7.871836 7.873024 7.874117 7.874812 7.875877 7.876483 7.877982 7.879596 7.880209 7.880699 7.88071 7.880693 7.880625 7.880092 7.880095 7.880699 7.880736 7.880894 7.881014 7.88104 7.881146 7.880854 7.88045 7.880488 7.880965 7.880718 7.880723 7.880651 7.880636 7.880794 7.880824 7.881258 7.881347 7.880996 7.881057 7.881519 7.881533 7.881444 7.881513 7.881538 7.88173 7.881081 7.880972 7.880973 7.880941 7.880947 7.880974 7.880625 7.88096 7.881394 7.881157 7.881185 7.881487 7.881474 7.881437 7.881448 7.88146 7.881482 7.881481 7.881478 7.881245
7.872779 7.872918 7.873369 7.873023 7.874185 7.875242 7.875947 7.877027 7.878046 7.879178 7.880377 7.880807 7.880794 7.880807 7.880799 7.880658 7.880492 7.880182 7.880733 7.880865 7.880915 7.881047 7.881163 7.880872 7.880857 7.88045 7.880528 7.881063 7.880836 7.880676 7.880667 7.880672 7.880798 7.88089 7.881257 7.881329 7.880989 7.881117 7.881562 7.881663 7.881493 7.881524 7.881544 7.881437 7.881142 7.881048 7.881001 7.880984 7.880953 7.880966 7.880641 7.881014 7.881419 7.881182 7.881498 7.88147 7.881409 7.88145 7.881414 7.881427 7.881444 7.881515 7.881508
7.872483 7.873753 7.873344 7.874307 7.874134 7.875213 7.876357 7.877076 7.878559 7.878784 7.879905 7.880837 7.880911 7.880949 7.880898 7.880841 7.881184 7.880595 7.880319 7.880866 7.880875 7.88102 7.881057 7.881209 7.880889 7.880965 7.880482 7.880575 7.881129 7.880877 7.880734 7.880729 7.880732 7.880865 7.881225 7.881278 7.881325 7.881437 7.881145 7.88128 7.881719 7.881504 7.881503 7.881239 7.881504 7.881202 7.881118 7.881057 7.881017 7.88101 7.881013 7.881354 7.881045 7.880814 7.881206 7.881736 7.881491 7.8815 7.881623 7.881486 7.881466 7.881525 7.881476
7.872479 7.873382 7.874118 7.873839 7.874786 7.875202 7.87627 7.877444 7.878512 7.879662 7.879948 7.880436 7.880885 7.880941 7.880996 7.880937 7.880916 7.881254 7.880681 7.880458 7.880949 7.880939 7.881056 7.881075 7.880898 7.880935 7.880973 7.881033 7.880576 7.881141 7.880862 7.880777 7.880804 7.880909 7.881257 7.881248 7.881297 7.881353 7.881445 7.881269 7.8813 7.881741 7.881759 7.881532 7.88131 7.881389 7.881305 7.881182 7.881131 7.881143 7.881097 7.88107 7.881405 7.88108 7.880804 7.881395 7.881685 7.881479 7.881498 7.881588 7.881469 7.881473 7.881467
7.871892 7.873303 7.874162 7.87294 7.874287 7.87525 7.876349 7.877406 7.878806 7.879615 7.880331 7.880366 7.880419 7.880928 7.880973 7.880957 7.880971 7.881293 7.88128 7.880882 7.880556 7.880999 7.881073 7.881102 7.880895 7.880946 7.880949 7.880989 7.881031 7.880646 7.880723 7.880834 7.880852 7.880881 7.880984 7.881375 7.881316 7.881329 7.881408 7.881593 7.881291 7.881345 7.88173 7.88175 7.88122 7.881593 7.881372 7.881293 7.881267 7.881159 7.881167 7.881109 7.881369 7.881358 7.881119 7.880817 7.881129 7.88172 7.881743 7.881639 7.881645 7.881498 7.881524
7.872601 7.872745 7.87393 7.874418 7.874095 7.874821 7.875799 7.877418 7.878859 7.879523 7.880293 7.880801 7.880431 7.880441 7.880922 7.880984 7.880964 7.881373 7.881459 7.881447 7.880995 7.880645 7.881054 7.881139 7.881119 7.880886 7.880945 7.88093 7.880977 7.881033 7.880707 7.880762 7.880779 7.88087 7.880898 7.881338 7.881365 7.881341 7.881315 7.881494 7.88154 7.881706 7.881358 7.881384 7.881796 7.881307 7.881645 7.881452 7.881388 7.881328 7.881264 7.881223 7.881156 7.881439 7.88135 7.881108 7.881119 7.881156 7.8817 7.881875 7.881678 7.881694 7.881534
7.873762 7.873674 7.873549 7.874209 7.874828 7.875216 7.875396 7.876473 7.87884 7.879994 7.880421 7.880811 7.880914 7.880538 7.880599 7.881044 7.881101 7.881114 7.881527 7.881546 7.88154 7.881103 7.880795 7.881218 7.88118 7.880869 7.880956 7.880915 7.88099 7.881061 7.88112 7.88078 7.880798 7.880854 7.880954 7.881051 7.881387 7.881388 7.881402 7.881503 7.88152 7.881636 7.881668 7.881423 7.881506 7.881546 7.881341 7.8817 7.881487 7.881456 7.881417 7.881326 7.88129 7.881511 7.881435 7.881158 7.881192 7.881473 7.881205 7.881614 7.881938 7.881773 7.881772
7.873044 7.875036 7.874722 7.874891 7.874796 7.875414 7.876312 7.876135 7.877258 7.879899 7.880717 7.880802 7.880876 7.880877 7.880475 7.880574 7.881082 7.881145 7.881534 7.881626 7.881648 7.881692 7.881666 7.880872 7.881315 7.880984 7.880998 7.881039 7.881001 7.881043 7.881094 7.881145 7.880818 7.880697 7.88087 7.880911 7.881367 7.881422 7.881414 7.881524 7.881524 7.881571 7.881657 7.88174 7.881358 7.881445 7.88158 7.88137 7.881414 7.881466 7.88143 7.88143 7.881372 7.881251 7.881486 7.881489 7.881192 7.881438 7.881501 7.881368 7.881607 7.881967 7.881823
7.873922 7.874974 7.876138 7.875945 7.876248 7.875781 7.876272 7.877384 7.877123 7.879448 7.880656 7.881058 7.880763 7.880941 7.880919 7.88056 7.880702 7.881144 7.881554 7.881602 7.881632 7.881706 7.881739 7.881717 7.880937 7.881413 7.881049 7.881073 7.881015 7.881001 7.881064 7.881136 7.881208 7.881246 7.880731 7.880909 7.881257 7.881361 7.881444 7.881528 7.881546 7.881618 7.88162 7.881656 7.881652 7.881732 7.881149 7.881218 7.881614 7.881424 7.881404 7.88143 7.881388 7.881327 7.881569 7.881538 7.881189 7.881163 7.881398 7.881598 7.881835 7.881596 7.881622
7.877608 7.875536 7.875836 7.876791 7.876191 7.876637 7.876371 7.877254 7.878861 7.878123 7.880153 7.881 7.88105 7.880848 7.880892 7.880993 7.88067 7.880735 7.88124 7.881611 7.881649 7.881697 7.88179 7.881794 7.881575 7.881085 7.880796 7.881101 7.88109 7.881107 7.881063 7.881077 7.881162 7.88122 7.881238 7.880765 7.880602 7.881363 7.881341 7.881553 7.881561 7.881588 7.881614 7.881622 7.881648 7.881687 7.881419 7.881099 7.881195 7.8816 7.881401 7.881346 7.881405 7.881457 7.881403 7.881621 7.881559 7.881226 7.881462 7.881448 7.881632 7.881843 7.881595
7.878337 7.878086 7.87511 7.875665 7.876528 7.876283 7.876743 7.877615 7.87887 7.879873 7.879194 7.880815 7.880949 7.881042 7.880812 7.880895 7.881008 7.880764 7.88079 7.881575 7.881641 7.881632 7.881717 7.881776 7.881819 7.881525 7.880836 7.880807 7.881197 7.881113 7.88106 7.881056 7.881061 7.881094 7.88119 7.881106 7.880734 7.880912 7.881325 7.881441 7.881484 7.881545 7.881548 7.881572 7.88158 7.88161 7.881606 7.881381 7.881033 7.881102 7.881552 7.881351 7.881374 7.881345 7.881382 7.881673 7.881632 7.881318 7.881253 7.881458 7.8816 7.881574 7.881831
7.878572 7.878403 7.87728 7.876465 7.87698 7.876745 7.877129 7.877527 7.879364 7.879937 7.879258 7.879562 7.880922 7.880944 7.88079 7.880891 7.880929 7.881033 7.880798 7.881196 7.88158 7.881656 7.881708 7.881822 7.881792 7.881792 7.881605 7.8809 7.880847 7.88124 7.881165 7.881118 7.881099 7.881097 7.88117 7.881221 7.881123 7.880803 7.880938 7.881468 7.881491 7.881495 7.881474 7.881583 7.881583 7.88158 7.881639 7.881337 7.881355 7.88137 7.881046 7.880976 7.881382 7.881389 7.88137 7.881392 7.881717 7.881708 7.881379 7.881607 7.881645 7.881593 7.881618
7.878432 7.878846 7.878811 7.876338 7.876708 7.877146 7.87695 7.877593 7.878915 7.880097 7.880619 7.879569 7.879686 7.880967 7.880991 7.88077 7.880876 7.880979 7.881098 7.880867 7.881253 7.881655 7.88168 7.8818 7.881818 7.881798 7.881809 7.881355 7.880941 7.880908 7.881304 7.881271 7.881184 7.881166 7.881137 7.881156 7.881235 7.881114 7.881101 7.881 7.881491 7.881491 7.881527 7.881557 7.881564 7.881602 7.881589 7.881624 7.88135 7.88131 7.88138 7.881354 7.880959 7.881394 7.881403 7.881378 7.88172 7.88179 7.88148 7.881439 7.881751 7.881692 7.881646
7.879113 7.878775 7.879307 7.879025 7.876606 7.87673 7.877719 7.87716 7.878966 7.879973 7.880763 7.880844 7.879763 7.879853 7.880992 7.881091 7.880801 7.88089 7.881006 7.88114 7.881197 7.881304 7.881777 7.881737 7.881732 7.881785 7.881806 7.881558 7.881401 7.881004 7.881016 7.881371 7.881345 7.881279 7.881187 7.881188 7.881196 7.881076 7.881128 7.881447 7.88108 7.881469 7.881536 7.88155 7.881554 7.881526 7.881575 7.881583 7.88132 7.881336 7.881336 7.88138 7.88135 7.880993 7.881358 7.88145 7.88146 7.88175 7.881817 7.881516 7.881866 7.881807 7.881717
7.879337 7.879466 7.880054 7.879695 7.879249 7.877227 7.877001 7.877854 7.878505 7.880001 7.880699 7.880862 7.880889 7.879885 7.879973 7.881001 7.881123 7.88087 7.880932 7.881077 7.881482 7.88121 7.881291 7.881737 7.881721 7.881755 7.881745 7.8818 7.881641 7.881383 7.881042 7.881094 7.88144 7.881414 7.881363 7.881212 7.881191 7.881215 7.881054 7.881397 7.881482 7.881072 7.881097 7.881516 7.881528 7.881515 7.881493 7.88152 7.881311 7.881304 7.881352 7.881331 7.881366 7.881622 7.881211 7.881092 7.881442 7.881793 7.881754 7.881489 7.88167 7.881891 7.881797
7.879896 7.879764 7.880137 7.88044 7.879981 7.878405 7.877476 7.877249 7.87857 7.879994 7.880707 7.880902 7.880949 7.880939 7.879977 7.880091 7.881123 7.881203 7.880936 7.881016 7.881118 7.881525 7.881225 7.88133 7.881644 7.881704 7.881764 7.881762 7.881567 7.881659 7.881421 7.881089 7.881161 7.88153 7.881458 7.881385 7.881278 7.881235 7.881237 7.881378 7.881489 7.881575 7.881031 7.881059 7.881462 7.881464 7.881519 7.881517 7.881505 7.881239 7.881345 7.881332 7.881319 7.881362 7.881457 7.881209 7.881094 7.881453 7.881768 7.881784 7.881534 7.881956 7.881945
7.880322 7.880318 7.880187 7.881006 7.880679 7.880318 7.878741 7.877804 7.877744 7.879668 7.880763 7.880821 7.880945 7.880961 7.881002 7.880091 7.880213 7.881231 7.88127 7.881063 7.881119 7.881835 7.881521 7.88128 7.881265 7.881611 7.881709 7.881787 7.881541 7.881626 7.881702 7.881478 7.881119 7.881182 7.881589 7.881523 7.881451 7.881388 7.881282 7.881111 7.881502 7.881484 7.881505 7.881017 7.881072 7.881455 7.881491 7.881468 7.881478 7.881261 7.881242 7.881359 7.88134 7.881382 7.881616 7.881452 7.881184 7.881059 7.881705 7.881785 7.881512 7.881684 7.881993
7.879646 7.880524 7.88056 7.880641 7.881368 7.881118 7.880428 7.87954 7.878055 7.879808 7.880391 7.880808 7.880879 7.880884 7.880978 7.881039 7.880239 7.880408 7.881285 7.881095 7.88115 7.881851 7.881859 7.88183 7.8812 7.881275 7.881641 7.881723 7.881798 7.881575 7.881656 7.88167 7.881498 7.881203 7.881214 7.881575 7.881561 7.881486 7.881436 7.881349 7.881527 7.881489 7.881423 7.88152 7.881032 7.881095 7.881443 7.881445 7.881542 7.881516 7.881238 7.881271 7.881315 7.881388 7.881366 7.881629 7.881438 7.881432 7.881027 7.881379 7.88171 7.881679 7.881989
7.879473 7.87974 7.880603 7.88089 7.881402 7.881576 7.880846 7.880884 7.879099 7.878954 7.880451 7.880466 7.880811 7.88086 7.880901 7.880983 7.881125 7.880356 7.880524 7.881408 7.88118 7.881187 7.881858 7.881799 7.881855 7.88122 7.881295 7.881641 7.881748 7.881503 7.881651 7.881685 7.881711 7.881529 7.881552 7.881238 7.881617 7.88155 7.88149 7.881429 7.881486 7.881499 7.881442 7.881473 7.881452 7.881325 7.881039 7.881397 7.881454 7.881474 7.88118 7.881228 7.881296 7.881302 7.881328 7.881391 7.881613 7.881396 7.881413 7.881321 7.881395 7.881644 7.881714
7.880434 7.879875 7.879906 7.880978 7.881063 7.88149 7.881036 7.880962 7.880272 7.879764 7.879755 7.880509 7.881129 7.881133 7.88085 7.880941 7.881068 7.881186 7.880545 7.880697 7.881427 7.881157 7.881839 7.881805 7.881861 7.881866 7.881228 7.881274 7.881675 7.881464 7.881487 7.88164 7.881735 7.881693 7.881521 7.881577 7.881201 7.881548 7.881557 7.8815 7.881545 7.881628 7.881481 7.881458 7.881487 7.88147 7.881268 7.881055 7.881118 7.881444 7.881454 7.881242 7.881257 7.881319 7.881328 7.881353 7.881344 7.881446 7.88142 7.881447 7.881351 7.881541 7.881606
7.880614 7.880401 7.879981 7.880744 7.881037 7.881039 7.881464 7.881162 7.881146 7.880833 7.879916 7.879827 7.880549 7.880834 7.881208 7.881292 7.881422 7.881116 7.881145 7.8806 7.881038 7.881758 7.881836 7.881823 7.88186 7.881877 7.881877 7.881252 7.88127 7.881971 7.881442 7.881511 7.881588 7.88166 7.881695 7.881521 7.881508 7.881231 7.881233 7.881563 7.881629 7.881898 7.881647 7.881628 7.881489 7.881496 7.881438 7.881284 7.881032 7.881089 7.881444 7.881227 7.881258 7.881296 7.88133 7.881327 7.881348 7.881563 7.881474 7.881458 7.881776 7.881756 7.881308
7.880716 7.880579 7.880173 7.880078 7.881035 7.881075 7.881844 7.881166 7.881197 7.881169 7.880846 7.880016 7.879866 7.880626 7.881276 7.881346 7.881398 7.881422 7.881464 7.881597 7.8806 7.88108 7.881772 7.881822 7.881879 7.881884 7.881908 7.881921 7.88128 7.881352 7.881395 7.881429 7.881517 7.881556 7.881621 7.881448 7.881529 7.881527 7.88122 7.881251 7.881662 7.881632 7.881887 7.881683 7.881631 7.881607 7.881537 7.881522 7.881327 7.881004 7.881078 7.881181 7.881245 7.881277 7.8813 7.881331 7.881355 7.881404 7.8816 7.88144 7.881495 7.881802 7.881813
