inputs/Middelgrunden/Resource grid 1   Sector 8   Height 64m   Sector frequency.grd
DSAA
 111           201 
 728800        731000
 6176000       6180000
 .0940415      9.693906E-02
[rows 168 to 191 of 201, columns 0 to 52 of 111]
9.524379E-02 .0952884 9.529155E-02 9.531288E-02 9.512617E-02 9.514707E-02 9.515849E-02 9.512639E-02 9.512318E-02 9.511258E-02 .095078 9.503202E-02 9.504431E-02 9.503894E-02 9.505094E-02 .0950709 9.508445E-02 9.508398E-02 9.508781E-02 9.509292E-02 9.509661E-02 9.510278E-02 .0951876 9.520624E-02 9.522025E-02 9.523923E-02 9.524982E-02 9.523579E-02 9.523936E-02 9.525201E-02 9.528133E-02 9.531914E-02 9.537789E-02 9.542952E-02 9.547377E-02 9.548487E-02 9.550817E-02 .0955037 9.550133E-02 9.551185E-02 9.551436E-02 9.552887E-02 .0953417 9.540432E-02 .095497 9.531623E-02 9.532194E-02 9.531051E-02 9.530526E-02 9.532613E-02 9.530804E-02 9.531298E-02 9.531113E-02
9.521389E-02 9.525003E-02 9.530163E-02 9.530146E-02 9.532864E-02 9.514342E-02 .0951943 9.517687E-02 9.514567E-02 .0951413 9.512338E-02 9.508895E-02 9.504678E-02 9.505279E-02 .0950648 9.507765E-02 9.509335E-02 9.510364E-02 9.509376E-02 9.509754E-02 9.510037E-02 .0951064 9.517656E-02 9.520946E-02 .0952353 9.524891E-02 9.525468E-02 9.526456E-02 9.526673E-02 9.527037E-02 9.528531E-02 .0953207 9.534954E-02 9.539796E-02 9.546085E-02 9.548787E-02 9.549609E-02 9.552784E-02 9.552298E-02 9.552316E-02 9.552597E-02 9.546482E-02 9.549299E-02 9.537946E-02 .0954976 .0953391 .0953408 .0953505 9.533881E-02 9.534569E-02 9.534046E-02 9.533324E-02 9.532336E-02
.0951651 9.522982E-02 9.528007E-02 9.531459E-02 9.531257E-02 9.516311E-02 .095196 9.521682E-02 9.519486E-02 9.516069E-02 9.516378E-02 9.514179E-02 9.510799E-02 9.506026E-02 9.508353E-02 9.509485E-02 9.510172E-02 9.510149E-02 9.510233E-02 9.510179E-02 9.510761E-02 9.511719E-02 9.518972E-02 9.520803E-02 9.524617E-02 9.526419E-02 .0952736 9.529006E-02 .0952953 9.528692E-02 .0952946 9.531793E-02 9.534325E-02 9.536331E-02 9.542718E-02 9.548924E-02 9.550591E-02 9.551464E-02 9.554002E-02 9.547727E-02 9.547672E-02 9.555884E-02 9.556768E-02 9.559065E-02 9.546053E-02 9.552544E-02 9.537231E-02 9.537625E-02 9.537718E-02 9.536555E-02 9.534496E-02 9.535094E-02 9.535103E-02
9.514356E-02 9.519485E-02 9.525795E-02 9.530436E-02 9.533161E-02 9.515905E-02 9.519739E-02 9.523088E-02 9.524976E-02 9.521992E-02 9.518493E-02 9.518071E-02 9.515658E-02 9.511448E-02 9.508981E-02 .0951035 9.511092E-02 9.511162E-02 9.511363E-02 9.511644E-02 9.512296E-02 9.513258E-02 9.520228E-02 9.521632E-02 9.524291E-02 9.527614E-02 9.529001E-02 9.530292E-02 9.530725E-02 9.530976E-02 9.530404E-02 9.531406E-02 9.533929E-02 9.535404E-02 9.540887E-02 9.547205E-02 9.550938E-02 9.545736E-02 .0954642 9.549145E-02 9.557454E-02 9.557924E-02 9.558326E-02 9.560023E-02 .0954207 9.552751E-02 9.538314E-02 9.539738E-02 9.539832E-02 9.538149E-02 9.536196E-02 9.536075E-02 9.536324E-02
9.511899E-02 9.517319E-02 9.522824E-02 9.528763E-02 9.533228E-02 9.518483E-02 9.518529E-02 9.521986E-02 9.525225E-02 9.526846E-02 9.523241E-02 9.520949E-02 .0951952 .0951597 9.513567E-02 9.511641E-02 9.512799E-02 9.513088E-02 9.513221E-02 9.513634E-02 9.513678E-02 9.514635E-02 9.521352E-02 9.523474E-02 .0952535 9.526785E-02 .0952991 9.530892E-02 9.531769E-02 9.531093E-02 9.531637E-02 9.532258E-02 9.533572E-02 9.535313E-02 9.531458E-02 9.539086E-02 9.543577E-02 9.546214E-02 9.547791E-02 9.557118E-02 9.560132E-02 9.560744E-02 9.561055E-02 9.562278E-02 9.562914E-02 9.549613E-02 9.537275E-02 .0953989 9.541596E-02 9.541549E-02 .0953813 9.537823E-02 9.537879E-02
9.507589E-02 9.515992E-02 .0951985 .0952529 9.530299E-02 9.534034E-02 9.519404E-02 9.522682E-02 .095232 9.526824E-02 9.528389E-02 .0952537 9.522197E-02 9.519276E-02 9.517585E-02 9.516294E-02 9.514508E-02 9.515628E-02 9.515353E-02 9.515498E-02 9.516153E-02 9.515888E-02 9.522895E-02 9.524066E-02 9.524961E-02 9.526732E-02 9.528656E-02 9.531203E-02 9.531862E-02 9.532616E-02 9.533095E-02 9.533256E-02 9.527478E-02 .0952815 9.531561E-02 9.535611E-02 9.542808E-02 9.555198E-02 9.557761E-02 9.559397E-02 9.560579E-02 .0956316 9.563269E-02 9.563592E-02 9.563964E-02 9.568743E-02 9.551297E-02 9.539787E-02 9.542414E-02 9.543876E-02 9.541366E-02 9.540036E-02 9.540138E-02
.0950561 .0950998 9.517888E-02 9.520644E-02 9.526607E-02 9.531552E-02 9.518489E-02 9.524103E-02 9.524863E-02 9.525299E-02 9.526578E-02 .0953052 9.527039E-02 9.521756E-02 9.521151E-02 9.520463E-02 .0951905 9.518037E-02 9.518351E-02 9.518695E-02 9.517329E-02 9.522884E-02 9.522948E-02 9.524309E-02 9.525043E-02 9.526692E-02 9.528164E-02 9.530773E-02 9.533245E-02 .0953434 9.528081E-02 9.527908E-02 9.529106E-02 9.528852E-02 9.531001E-02 9.536192E-02 9.549663E-02 9.554653E-02 9.559206E-02 9.561376E-02 9.561433E-02 9.562768E-02 9.564724E-02 .0956486 9.565254E-02 9.569366E-02 9.551645E-02 9.537497E-02 9.542452E-02 9.544767E-02 9.544632E-02 9.542966E-02 9.542327E-02
9.506033E-02 9.507361E-02 9.512338E-02 9.518845E-02 9.521215E-02 9.527705E-02 9.515599E-02 9.525277E-02 9.526276E-02 9.526908E-02 9.527834E-02 9.528866E-02 9.531917E-02 9.526324E-02 .0952351 9.523136E-02 9.522696E-02 9.521313E-02 9.519828E-02 9.520368E-02 9.519849E-02 9.523553E-02 9.523702E-02 .0952399 9.525186E-02 9.526797E-02 .0952872 9.524677E-02 9.526682E-02 9.528954E-02 9.529925E-02 .0952972 9.530433E-02 9.531955E-02 9.532402E-02 .095431 9.548876E-02 9.553092E-02 9.557823E-02 9.561446E-02 9.563284E-02 9.562339E-02 9.565368E-02 9.566577E-02 9.567055E-02 9.567455E-02 9.572933E-02 .0953612 9.541975E-02 9.545524E-02 9.546111E-02 9.547207E-02 9.543677E-02
9.506933E-02 9.507078E-02 9.507677E-02 9.514822E-02 9.520051E-02 9.523854E-02 9.530938E-02 9.521502E-02 9.528328E-02 9.528892E-02 9.529176E-02 .0953015 9.530735E-02 9.529356E-02 9.527485E-02 9.525307E-02 9.524991E-02 9.524598E-02 .0952275 9.521341E-02 .0952191 9.526038E-02 9.524179E-02 9.524694E-02 9.526028E-02 9.520969E-02 9.522176E-02 9.525275E-02 9.527663E-02 9.530227E-02 9.531807E-02 9.531977E-02 9.531643E-02 9.541114E-02 9.541624E-02 9.543061E-02 .0954721 9.551976E-02 9.555377E-02 9.559376E-02 9.563278E-02 9.564075E-02 9.563757E-02 9.567782E-02 9.569253E-02 9.569172E-02 9.574166E-02 9.575751E-02 9.539469E-02 .0954525 9.546361E-02 9.547952E-02 9.546906E-02
9.508359E-02 9.509022E-02 9.507965E-02 9.509686E-02 9.517632E-02 9.521662E-02 9.527538E-02 9.519753E-02 9.524032E-02 9.530796E-02 9.531824E-02 9.532394E-02 9.530486E-02 9.530915E-02 9.530415E-02 9.528985E-02 9.527221E-02 9.526354E-02 9.526119E-02 9.522868E-02 9.522844E-02 9.528147E-02 9.526478E-02 9.518477E-02 9.520385E-02 9.521822E-02 9.523634E-02 9.526525E-02 9.528746E-02 9.530804E-02 9.532738E-02 9.533327E-02 9.541842E-02 9.541935E-02 9.542131E-02 9.543248E-02 .0954583 9.550753E-02 9.554462E-02 9.558933E-02 9.562292E-02 9.565779E-02 9.564562E-02 9.565925E-02 9.570184E-02 9.571587E-02 9.575422E-02 9.577928E-02 9.539054E-02 9.541202E-02 9.545445E-02 9.548561E-02 9.550906E-02
9.510095E-02 9.510698E-02 9.511445E-02 9.508997E-02 9.511736E-02 9.519792E-02 .0952427 9.512489E-02 9.523448E-02 9.527044E-02 .0953393 9.535104E-02 9.532308E-02 9.531567E-02 9.532203E-02 9.531399E-02 .0953018 9.529029E-02 9.528092E-02 9.528252E-02 9.518028E-02 9.524023E-02 9.522673E-02 9.521959E-02 9.522226E-02 9.523661E-02 9.524965E-02 9.526746E-02 9.528944E-02 9.531855E-02 9.533128E-02 9.542637E-02 9.543066E-02 9.543018E-02 9.542001E-02 9.543534E-02 9.545295E-02 9.549478E-02 9.553317E-02 9.557401E-02 9.561059E-02 9.565011E-02 9.567036E-02 9.566817E-02 9.568964E-02 9.572133E-02 9.575936E-02 9.578328E-02 9.563129E-02 9.542718E-02 9.543929E-02 9.549323E-02 9.552077E-02
.0951491 9.513738E-02 9.513585E-02 9.513593E-02 9.510697E-02 .0951544 9.522247E-02 9.526995E-02 9.518562E-02 9.526341E-02 9.529748E-02 9.536541E-02 9.534107E-02 9.533501E-02 9.532601E-02 9.533299E-02 .0953263 9.529683E-02 9.524897E-02 9.524623E-02 9.530666E-02 9.526066E-02 9.526058E-02 9.525139E-02 9.523825E-02 9.524666E-02 9.525268E-02 9.527373E-02 9.529667E-02 9.540424E-02 9.542035E-02 9.543296E-02 9.543645E-02 9.543835E-02 9.543309E-02 .0954394 9.545448E-02 9.548254E-02 9.551424E-02 9.556243E-02 9.560739E-02 9.564404E-02 9.568041E-02 9.568416E-02 9.568643E-02 9.572069E-02 9.575166E-02 9.579914E-02 9.582302E-02 9.565473E-02 9.543195E-02 9.547548E-02 9.550998E-02
9.520251E-02 9.518269E-02 9.516717E-02 9.516572E-02 9.515423E-02 9.512606E-02 9.519744E-02 9.525067E-02 9.515169E-02 9.521178E-02 .095281 9.532713E-02 9.536278E-02 9.534764E-02 9.534115E-02 9.534496E-02 9.528913E-02 9.529048E-02 .0952627 9.528492E-02 9.533937E-02 .0953305 9.528041E-02 9.527868E-02 .0952686 9.525647E-02 9.526887E-02 .0952711 9.537908E-02 9.540633E-02 9.542535E-02 9.544015E-02 9.545017E-02 9.545281E-02 9.544101E-02 9.544802E-02 9.545457E-02 9.548426E-02 9.551341E-02 9.554649E-02 9.559676E-02 .0956397 9.567428E-02 9.570257E-02 9.570524E-02 9.571845E-02 9.574775E-02 9.580874E-02 9.583429E-02 9.565431E-02 9.543359E-02 .0954444 .0955029
9.525028E-02 9.523008E-02 9.520591E-02 9.519421E-02 9.518912E-02 9.516826E-02 9.514585E-02 9.522746E-02 9.513228E-02 9.518159E-02 9.523433E-02 9.530884E-02 9.533194E-02 9.538417E-02 9.530889E-02 9.530088E-02 9.531269E-02 .0953212 9.532466E-02 9.529602E-02 9.535582E-02 .0953556 9.535332E-02 9.529281E-02 9.528949E-02 9.528431E-02 9.527802E-02 9.536049E-02 9.538025E-02 9.540448E-02 9.542936E-02 9.544773E-02 9.545987E-02 .0954634 9.545152E-02 9.545457E-02 9.546601E-02 9.549382E-02 9.553558E-02 9.555531E-02 9.557673E-02 9.563738E-02 9.566431E-02 9.569301E-02 9.572282E-02 9.572798E-02 9.573246E-02 9.580339E-02 .0958337 9.584001E-02 9.565858E-02 9.545735E-02 9.547319E-02
9.530149E-02 9.527162E-02 9.524397E-02 9.522025E-02 9.519952E-02 9.519309E-02 9.516896E-02 9.515936E-02 .0951065 9.514987E-02 9.520541E-02 9.521914E-02 .0952694 9.530418E-02 9.534687E-02 9.533188E-02 9.532452E-02 9.533121E-02 9.534348E-02 9.535124E-02 9.536695E-02 9.535588E-02 9.537312E-02 9.535696E-02 9.530451E-02 9.538624E-02 .095382 9.537561E-02 9.538405E-02 9.540402E-02 9.543007E-02 9.545288E-02 9.546515E-02 9.547923E-02 9.547394E-02 9.548724E-02 9.549154E-02 9.550919E-02 9.553595E-02 9.555101E-02 9.556824E-02 9.560761E-02 9.566607E-02 9.568188E-02 9.570739E-02 9.573036E-02 9.573942E-02 .0957859 9.582755E-02 .0958442 9.568086E-02 9.568587E-02 9.548684E-02
9.555016E-02 9.532769E-02 9.528635E-02 9.525442E-02 9.522091E-02 9.520077E-02 9.519451E-02 9.516539E-02 9.519114E-02 9.507953E-02 9.512156E-02 9.518403E-02 9.523603E-02 9.529468E-02 9.532032E-02 9.535465E-02 .0953466 9.534355E-02 9.535207E-02 9.536977E-02 9.542321E-02 9.538529E-02 9.537619E-02 9.539567E-02 9.545507E-02 9.540504E-02 9.541041E-02 9.539905E-02 9.539495E-02 .0954036 9.542496E-02 9.546154E-02 9.549097E-02 9.550449E-02 9.551433E-02 .0955036 9.549751E-02 9.550274E-02 9.553632E-02 9.556199E-02 9.556395E-02 9.558526E-02 9.564591E-02 .0956862 9.570982E-02 9.572805E-02 .0957461 .095764 9.580773E-02 9.585682E-02 9.570189E-02 9.570676E-02 9.550419E-02
9.557258E-02 9.534971E-02 9.532336E-02 9.528446E-02 9.525361E-02 9.521849E-02 .0952095 9.514213E-02 9.512356E-02 9.504449E-02 9.510174E-02 9.515297E-02 9.518345E-02 9.525102E-02 9.530748E-02 9.533416E-02 9.536455E-02 9.536022E-02 9.535921E-02 9.536533E-02 9.545182E-02 9.544637E-02 9.549154E-02 9.548683E-02 9.549143E-02 9.547053E-02 9.542294E-02 9.543421E-02 9.542818E-02 9.543034E-02 9.544291E-02 9.547033E-02 9.549347E-02 .095512 9.552035E-02 9.550425E-02 9.550604E-02 9.550952E-02 9.552407E-02 9.555947E-02 9.557666E-02 9.558712E-02 .0956092 9.568152E-02 .0957014 9.573515E-02 9.575067E-02 9.577178E-02 9.581821E-02 9.583517E-02 9.588157E-02 9.572651E-02 9.572774E-02
9.562165E-02 9.558877E-02 9.535833E-02 9.533019E-02 .0952298 9.520053E-02 9.517369E-02 9.517295E-02 9.515891E-02 9.500246E-02 9.507915E-02 9.511998E-02 9.516948E-02 9.521198E-02 9.526797E-02 9.531741E-02 9.534145E-02 9.536751E-02 9.535845E-02 9.542421E-02 9.544771E-02 9.556514E-02 9.555203E-02 9.551111E-02 9.550149E-02 9.549344E-02 9.549839E-02 9.545874E-02 9.546161E-02 9.544834E-02 9.545124E-02 9.546436E-02 .0954879 9.550598E-02 9.552062E-02 9.550805E-02 9.550814E-02 .0955153 9.553412E-02 .095564 9.558159E-02 9.558994E-02 9.560296E-02 9.565087E-02 9.570941E-02 9.573034E-02 9.575257E-02 9.577451E-02 9.583152E-02 9.583125E-02 .0958778 9.573647E-02 9.574693E-02
.0956215 9.565332E-02 .095331 .0953148 9.528054E-02 9.524618E-02 9.520728E-02 9.518188E-02 9.518249E-02 9.520644E-02 9.503353E-02 9.509468E-02 9.513573E-02 9.518231E-02 9.522807E-02 9.527096E-02 9.532529E-02 9.535336E-02 9.538025E-02 9.544086E-02 9.553692E-02 9.557278E-02 9.560789E-02 9.558453E-02 .0955446 9.552847E-02 9.551153E-02 9.551568E-02 9.547779E-02 9.547274E-02 .0954565 9.546114E-02 9.546512E-02 9.549573E-02 9.551618E-02 9.552438E-02 9.552696E-02 9.552412E-02 .0955421 9.556546E-02 .0955831 9.559884E-02 .0956081 9.563139E-02 9.568807E-02 .095737 9.575196E-02 9.577699E-02 9.583514E-02 9.583905E-02 9.587231E-02 9.573278E-02 9.576713E-02
9.551746E-02 9.559458E-02 9.560408E-02 9.534442E-02 9.532373E-02 9.528752E-02 9.525041E-02 9.521186E-02 9.519212E-02 9.523238E-02 9.505302E-02 9.505108E-02 9.511298E-02 9.514884E-02 9.519979E-02 9.524393E-02 9.529398E-02 9.534385E-02 9.546109E-02 9.556192E-02 9.555931E-02 .0955888 9.560981E-02 9.563266E-02 9.560329E-02 9.555513E-02 .0955405 9.552897E-02 9.553123E-02 9.548053E-02 .0954643 .0954601 9.547333E-02 9.549706E-02 9.552431E-02 9.552629E-02 9.553939E-02 9.553712E-02 .0955457 9.557305E-02 9.559406E-02 9.560442E-02 9.561837E-02 .0956353 .095667 9.571105E-02 9.575532E-02 9.577728E-02 9.583251E-02 9.584651E-02 9.587517E-02 9.590625E-02 9.577008E-02
9.549151E-02 9.556798E-02 9.561491E-02 9.540398E-02 9.535626E-02 9.533897E-02 9.528936E-02 .0952563 9.521701E-02 9.523787E-02 9.507181E-02 9.505851E-02 9.509368E-02 9.513691E-02 .09519 9.525152E-02 .0952883 9.541425E-02 9.545752E-02 .0955455 9.558681E-02 9.559326E-02 9.561636E-02 9.563567E-02 9.565119E-02 9.561552E-02 9.556049E-02 9.553877E-02 .095522 9.550527E-02 9.549458E-02 9.548813E-02 .0954848 9.549821E-02 9.552025E-02 9.552845E-02 .0955462 .095552 9.555689E-02 9.558108E-02 9.561131E-02 9.561648E-02 9.562474E-02 9.564107E-02 .0956644 9.569255E-02 9.573711E-02 9.578147E-02 9.580281E-02 9.583821E-02 .0958722 .0959115 9.575059E-02
9.547284E-02 9.553038E-02 9.560208E-02 9.564378E-02 9.541543E-02 9.537257E-02 9.534256E-02 9.528691E-02 9.525607E-02 9.521907E-02 9.525955E-02 9.509466E-02 9.509747E-02 9.513865E-02 9.518372E-02 .0952341 9.534994E-02 9.538249E-02 9.543385E-02 9.553769E-02 .095571 9.560762E-02 9.561989E-02 9.563836E-02 9.564314E-02 9.565438E-02 9.560551E-02 .0955627 9.555158E-02 9.554801E-02 9.552786E-02 9.551177E-02 9.550331E-02 9.550159E-02 9.551972E-02 9.553092E-02 9.555186E-02 9.556752E-02 9.557162E-02 9.558821E-02 9.562213E-02 .0956328 9.563899E-02 9.564582E-02 9.566293E-02 9.568051E-02 9.571667E-02 9.576383E-02 9.580299E-02 9.583178E-02 9.585826E-02 9.590032E-02 9.575265E-02
.0954612 9.551658E-02 9.555947E-02 9.563443E-02 9.565851E-02 9.540601E-02 9.537384E-02 9.534496E-02 9.530888E-02 9.528214E-02 .0952852 9.512255E-02 9.512972E-02 9.512451E-02 9.524645E-02 9.528808E-02 9.532998E-02 .0953708 9.540112E-02 9.551137E-02 9.556124E-02 9.558759E-02 9.562244E-02 9.562869E-02 9.564755E-02 9.566562E-02 .0956733 9.561913E-02 9.557875E-02 9.557255E-02 9.556511E-02 9.554264E-02 9.552354E-02 9.552417E-02 9.552633E-02 9.553521E-02 9.555957E-02 9.558354E-02 9.558578E-02 9.559539E-02 9.562822E-02 9.565492E-02 9.565172E-02 9.565306E-02 9.564968E-02 9.567401E-02 .0956875 9.574136E-02 9.579249E-02 9.582474E-02 9.584828E-02 9.588756E-02 9.593484E-02
9.545739E-02 9.549093E-02 9.554189E-02 9.558036E-02 9.565362E-02 9.546727E-02 9.542527E-02 9.539524E-02 9.535874E-02 9.532245E-02 9.533013E-02 .0951273 9.515879E-02 9.523918E-02 9.523392E-02 9.526204E-02 9.530112E-02 9.534488E-02 9.543874E-02 9.547047E-02 9.552721E-02 9.557364E-02 9.562293E-02 9.565099E-02 9.566051E-02 9.568167E-02 9.569903E-02 9.568455E-02 9.562948E-02 9.559161E-02 9.559111E-02 9.558243E-02 9.555724E-02 9.551675E-02 9.554595E-02 9.554717E-02 9.556042E-02 9.559039E-02 .0956023 9.560443E-02 9.562315E-02 9.565278E-02 9.566113E-02 9.564986E-02 9.565877E-02 9.567066E-02 9.568864E-02 9.570712E-02 9.575578E-02 9.583332E-02 9.584854E-02 9.587745E-02 9.593859E-02
