inputs/Middelgrunden/Resource grid 1   Sector 5   Height 64m   Weibull-A.grd
DSAA
 111           201 
 728800        731000
 6176000       6180000
 9.496202      9.696421
[rows 0 to 27 of 201, columns 0 to 62 of 111]
9.601336 9.603268 9.604991 9.606347 9.608169 9.609817 9.611914 9.614226 9.616937 9.619459 9.623402 9.627951 9.627977 9.627153 9.626021 9.625429 9.624748 9.624408 9.623652 9.622966 9.622481 9.621936 9.621378 9.620298 9.619276 9.618672 9.617696 9.617332 9.616416 9.615633 9.613714 9.612597 9.61154 9.610494 9.609607 9.608394 9.608087 9.606869 9.605466 9.604486 9.603278 9.601068 9.599853 9.597713 9.5965 9.594923 9.593306 9.591939 9.589615 9.588076 9.586443 9.584752 9.583377 9.582316 9.581301 9.580611 9.579955 9.578889 9.577555 9.576342 9.574135 9.572684 9.57109
9.597879 9.60008 9.601987 9.603727 9.6057 9.607838 9.61038 9.612862 9.61601 9.620341 9.624738 9.627807 9.627651 9.627146 9.626324 9.625681 9.625118 9.624526 9.624146 9.623593 9.623047 9.62196 9.620846 9.620007 9.619267 9.618442 9.617959 9.61609 9.615434 9.614648 9.613645 9.611996 9.610734 9.61005 9.609953 9.608654 9.60754 9.606526 9.605297 9.602472 9.601418 9.600092 9.599092 9.597258 9.595649 9.594663 9.592655 9.590543 9.588956 9.587192 9.585713 9.58436 9.583316 9.582715 9.582092 9.581262 9.580244 9.57865 9.577318 9.575849 9.573883 9.572351 9.571006
9.594696 9.596565 9.599221 9.601797 9.604323 9.606866 9.609736 9.613241 9.616835 9.620545 9.625312 9.629346 9.627857 9.627347 9.626449 9.625946 9.625379 9.624866 9.624633 9.624161 9.623134 9.621195 9.620737 9.619918 9.61825 9.617627 9.616818 9.616106 9.6153 9.614112 9.612896 9.611894 9.610498 9.610316 9.609262 9.60832 9.60724 9.606046 9.603244 9.601989 9.600089 9.599745 9.59822 9.597237 9.595341 9.593227 9.591504 9.590199 9.588172 9.586617 9.585621 9.58489 9.584083 9.583293 9.582612 9.581424 9.580076 9.57839 9.576878 9.574883 9.573666 9.572185 9.570789
9.592031 9.594643 9.596986 9.600687 9.603675 9.606227 9.609125 9.613359 9.617783 9.621353 9.625814 9.628463 9.628103 9.627578 9.62699 9.626173 9.625701 9.625527 9.624745 9.623626 9.62212 9.621473 9.619648 9.619067 9.61815 9.617409 9.616697 9.615779 9.614553 9.613826 9.612432 9.612509 9.61105 9.609999 9.608948 9.607864 9.606839 9.604098 9.602553 9.600951 9.600119 9.599265 9.598224 9.595926 9.594207 9.592596 9.591281 9.589265 9.587746 9.58679 9.586349 9.585509 9.584577 9.583683 9.582562 9.581236 9.579445 9.577966 9.576533 9.574453 9.573127 9.572083 9.570745
9.590628 9.593838 9.597331 9.599269 9.60257 9.60672 9.61019 9.613724 9.617901 9.621768 9.625613 9.628726 9.628244 9.62778 9.627421 9.626266 9.626244 9.625408 9.624352 9.622066 9.621207 9.62008 9.619879 9.618778 9.617931 9.617091 9.6161 9.615688 9.614372 9.61421 9.61293 9.611927 9.610773 9.609783 9.608563 9.607471 9.604761 9.603022 9.602042 9.601172 9.599773 9.598577 9.596803 9.595146 9.593491 9.59215 9.590329 9.589002 9.588424 9.587561 9.586516 9.586092 9.585035 9.583622 9.582134 9.580342 9.578968 9.577681 9.575556 9.574252 9.572972 9.571888 9.5705
9.604869 9.593454 9.596786 9.599444 9.602964 9.606452 9.610409 9.614149 9.618388 9.621638 9.626242 9.628916 9.628317 9.627821 9.627785 9.62708 9.624993 9.623931 9.623413 9.621796 9.620772 9.620121 9.619064 9.618537 9.617617 9.61712 9.616076 9.614694 9.614788 9.613581 9.612662 9.611609 9.61057 9.609252 9.606664 9.605212 9.604057 9.602953 9.601974 9.600927 9.599543 9.597406 9.596104 9.594296 9.592614 9.591063 9.590207 9.589734 9.588949 9.588036 9.587128 9.586005 9.584844 9.583119 9.581264 9.579875 9.578583 9.576817 9.575397 9.574061 9.572742 9.57134 9.569733
9.60322 9.605248 9.595362 9.599084 9.602793 9.606621 9.61068 9.615318 9.618523 9.622267 9.626901 9.629164 9.628442 9.627468 9.626613 9.625773 9.625203 9.623983 9.623129 9.621465 9.62062 9.619615 9.618673 9.618706 9.617752 9.616416 9.61637 9.61535 9.614264 9.61326 9.612307 9.611121 9.610166 9.607467 9.605857 9.604954 9.604321 9.602715 9.6013 9.60032 9.598191 9.596577 9.594748 9.593765 9.592456 9.591451 9.590953 9.590113 9.589364 9.58854 9.587147 9.585645 9.584214 9.582476 9.58087 9.579593 9.57829 9.576472 9.575191 9.573877 9.572422 9.570668 9.568602
9.599942 9.603837 9.607437 9.599348 9.603041 9.607118 9.611705 9.615027 9.6191 9.623662 9.627429 9.62887 9.628096 9.627135 9.62606 9.625708 9.624761 9.623669 9.62205 9.621126 9.620628 9.618213 9.618997 9.618112 9.618107 9.616992 9.61604 9.614829 9.613808 9.612953 9.611936 9.610512 9.607889 9.606905 9.60606 9.604979 9.603607 9.602315 9.601181 9.599113 9.597119 9.595876 9.594869 9.593509 9.592816 9.592201 9.591308 9.590636 9.589549 9.588199 9.586885 9.585018 9.583283 9.582139 9.580825 9.57935 9.577596 9.576261 9.574966 9.573488 9.570791 9.569099 9.567548
9.598657 9.602081 9.606782 9.610032 9.603678 9.60763 9.61142 9.615556 9.619158 9.623921 9.627773 9.628637 9.627625 9.626641 9.626203 9.625323 9.623652 9.623184 9.622259 9.621264 9.620713 9.619631 9.619634 9.618275 9.617494 9.616382 9.615522 9.614564 9.613337 9.612029 9.611203 9.608713 9.608366 9.607198 9.605753 9.604394 9.603107 9.602155 9.600879 9.598475 9.597077 9.595766 9.594732 9.594217 9.5939 9.592455 9.591732 9.590497 9.58918 9.587825 9.586021 9.584349 9.583121 9.582105 9.580601 9.579102 9.577431 9.576095 9.573286 9.571309 9.570155 9.568435 9.566948
9.597503 9.601037 9.604907 9.609611 9.613192 9.60753 9.611488 9.615485 9.619718 9.623845 9.627616 9.628282 9.627187 9.626701 9.625465 9.62447 9.624268 9.622139 9.620631 9.621467 9.619923 9.620045 9.618721 9.617851 9.616998 9.616081 9.614572 9.613601 9.612904 9.610292 9.609638 9.608892 9.607678 9.606315 9.605244 9.604282 9.603215 9.601504 9.5997 9.598694 9.597052 9.595894 9.595874 9.595225 9.593732 9.592772 9.591488 9.590216 9.588861 9.58705 9.585669 9.584327 9.582986 9.581542 9.580541 9.577899 9.575803 9.574041 9.572193 9.570934 9.569338 9.567926 9.566553
9.597865 9.601653 9.603019 9.59964 9.611737 9.615774 9.611877 9.615866 9.619457 9.623652 9.626897 9.628415 9.627306 9.625806 9.625301 9.624578 9.623827 9.623101 9.621461 9.621707 9.620613 9.619461 9.618497 9.617497 9.616214 9.615241 9.614356 9.613503 9.611172 9.610649 9.609798 9.608566 9.607749 9.606439 9.605265 9.604521 9.602778 9.601124 9.599999 9.598839 9.597956 9.59721 9.596148 9.595041 9.593806 9.592213 9.591025 9.58969 9.587924 9.586621 9.585286 9.584121 9.582434 9.580389 9.578457 9.576966 9.575011 9.573151 9.571874 9.570429 9.568918 9.567457 9.565444
9.596603 9.600075 9.602947 9.606215 9.604342 9.614894 9.618641 9.61572 9.618947 9.623035 9.626492 9.627053 9.626839 9.626059 9.624366 9.623095 9.623811 9.623195 9.622103 9.62099 9.620196 9.619352 9.617754 9.616756 9.615816 9.615227 9.612808 9.612179 9.611457 9.610332 9.609256 9.608384 9.607308 9.60631 9.605594 9.603735 9.60276 9.601074 9.600035 9.59895 9.598098 9.597138 9.595801 9.594747 9.593163 9.592116 9.590514 9.588914 9.587602 9.586423 9.585202 9.582729 9.58127 9.578946 9.577504 9.576041 9.574211 9.573027 9.571416 9.569858 9.568265 9.567578 9.566532
9.595308 9.598826 9.60219 9.605989 9.608748 9.608274 9.617064 9.620765 9.618816 9.622582 9.626915 9.627406 9.626655 9.625159 9.625391 9.625829 9.624127 9.623132 9.62174 9.620158 9.619156 9.618386 9.617554 9.616614 9.615836 9.613918 9.613045 9.612276 9.611051 9.609992 9.609275 9.608443 9.607582 9.606778 9.605544 9.604233 9.602369 9.601273 9.600223 9.599264 9.598259 9.596709 9.595658 9.594281 9.592954 9.591591 9.590034 9.588546 9.587036 9.585339 9.583566 9.582126 9.579998 9.578391 9.576742 9.575396 9.574224 9.572791 9.572125 9.57034 9.569164 9.56774 9.566392
9.595327 9.597667 9.601163 9.603114 9.606309 9.610877 9.611979 9.619886 9.623576 9.622414 9.626242 9.625678 9.625931 9.627184 9.626451 9.624854 9.623623 9.622045 9.620883 9.61988 9.618997 9.61819 9.617459 9.615849 9.614976 9.613995 9.613123 9.611872 9.610826 9.610912 9.609506 9.608558 9.607809 9.606711 9.605456 9.604302 9.602342 9.60126 9.600396 9.599296 9.597813 9.596754 9.595163 9.593826 9.592436 9.590892 9.588776 9.587537 9.586003 9.584296 9.582866 9.581181 9.579304 9.577894 9.576215 9.575415 9.574941 9.573509 9.571627 9.570512 9.568993 9.567467 9.566566
9.594515 9.597194 9.597828 9.601515 9.604723 9.609368 9.613207 9.615122 9.62304 9.623037 9.627194 9.628481 9.627888 9.6268 9.625934 9.624146 9.622777 9.621647 9.62054 9.619761 9.619022 9.61832 9.616445 9.615635 9.614765 9.613655 9.612726 9.61199 9.611734 9.61043 9.609549 9.608836 9.607659 9.60636 9.605394 9.604251 9.602357 9.601424 9.600419 9.598871 9.597721 9.596159 9.594768 9.593211 9.590973 9.58952 9.58833 9.586735 9.584816 9.583466 9.582 9.580374 9.578829 9.577908 9.577182 9.575903 9.573989 9.572634 9.571649 9.570093 9.568529 9.567657 9.56661
9.592015 9.596289 9.603969 9.605747 9.609608 9.611726 9.611938 9.617838 9.619221 9.626534 9.628174 9.628255 9.627041 9.626149 9.624547 9.623239 9.622507 9.621847 9.620842 9.619938 9.618038 9.617332 9.616169 9.615357 9.614515 9.614002 9.613404 9.612747 9.611923 9.610729 9.60994 9.608758 9.607334 9.606236 9.605134 9.603634 9.602821 9.601424 9.599971 9.598662 9.597178 9.595421 9.593238 9.591796 9.590237 9.588746 9.587291 9.585677 9.584133 9.582941 9.582006 9.580501 9.579483 9.578518 9.577137 9.574936 9.573995 9.573036 9.571261 9.57037 9.568991 9.568095 9.56729
9.602585 9.605569 9.609928 9.612906 9.613101 9.613627 9.612975 9.617169 9.619198 9.623702 9.629318 9.627681 9.626516 9.625509 9.623941 9.623196 9.622425 9.621787 9.621075 9.618813 9.618711 9.616858 9.616094 9.61562 9.614751 9.614017 9.613597 9.61307 9.612235 9.61089 9.609573 9.608187 9.607158 9.606022 9.604882 9.603535 9.602604 9.600869 9.599576 9.597207 9.595728 9.594104 9.592436 9.590929 9.589443 9.587748 9.586108 9.585005 9.58425 9.583701 9.582182 9.580862 9.579466 9.577847 9.576192 9.57518 9.573859 9.572481 9.571639 9.570497 9.56949 9.568645 9.566913
9.608479 9.611999 9.6139 9.615459 9.614776 9.614514 9.613937 9.615399 9.622256 9.623179 9.629001 9.627766 9.626069 9.624792 9.624132 9.623134 9.622496 9.620607 9.620627 9.619517 9.617732 9.617333 9.616658 9.615686 9.61465 9.614055 9.613747 9.613352 9.611925 9.610486 9.60912 9.608167 9.606956 9.605894 9.604994 9.60332 9.601837 9.600022 9.598277 9.596508 9.594772 9.593182 9.591751 9.590168 9.588488 9.587059 9.586288 9.585719 9.584674 9.583348 9.582466 9.580619 9.578391 9.577322 9.576478 9.575185 9.574011 9.572842 9.57198 9.570866 9.569325 9.568417 9.568136
9.61424 9.615849 9.615631 9.616722 9.615988 9.61631 9.6153 9.615864 9.619429 9.625317 9.626951 9.627505 9.626605 9.624646 9.623929 9.623423 9.621984 9.621211 9.620511 9.619508 9.618999 9.617657 9.61658 9.615357 9.615054 9.614603 9.613852 9.613162 9.611556 9.610203 9.609071 9.607855 9.606896 9.605857 9.603985 9.602554 9.600528 9.59906 9.597319 9.595686 9.593938 9.59255 9.590956 9.589418 9.588472 9.587621 9.586526 9.585594 9.584264 9.583384 9.582711 9.579329 9.578763 9.577602 9.576264 9.574892 9.574139 9.573058 9.571733 9.57119 9.570197 9.570104 9.569784
9.617312 9.617477 9.616754 9.616449 9.617871 9.617414 9.616026 9.61631 9.61933 9.62287 9.627849 9.626813 9.626506 9.625298 9.623332 9.622611 9.622122 9.62132 9.620719 9.620052 9.618575 9.617485 9.616037 9.616043 9.615517 9.614765 9.613807 9.612227 9.61096 9.610156 9.608916 9.607852 9.606127 9.604328 9.603296 9.601301 9.599648 9.598042 9.596416 9.594686 9.59337 9.59206 9.59069 9.589566 9.588513 9.587638 9.586552 9.585148 9.584442 9.582191 9.580629 9.57985 9.57854 9.577544 9.576126 9.575607 9.573945 9.573133 9.572796 9.572137 9.571669 9.571351 9.570831
9.618371 9.618538 9.617688 9.618005 9.617594 9.618227 9.617569 9.617176 9.619433 9.622655 9.626879 9.626807 9.625442 9.624566 9.623929 9.622747 9.62228 9.621753 9.620815 9.619054 9.61784 9.617085 9.616968 9.616011 9.615551 9.614635 9.612868 9.611637 9.610731 9.60966 9.608106 9.606913 9.605099 9.603962 9.601896 9.60035 9.59861 9.597049 9.595549 9.594476 9.593099 9.591695 9.590547 9.58951 9.588525 9.587487 9.58637 9.586365 9.582736 9.581716 9.580703 9.579717 9.578461 9.577196 9.576182 9.57548 9.574924 9.574162 9.573756 9.573512 9.572963 9.572243 9.57153
9.61929 9.61923 9.619367 9.618802 9.618548 9.618959 9.618818 9.618486 9.619358 9.622771 9.626902 9.625081 9.624858 9.624187 9.624401 9.623593 9.622451 9.621414 9.619839 9.618911 9.617948 9.617669 9.617046 9.616509 9.615481 9.613729 9.61252 9.611198 9.609749 9.608609 9.607603 9.606668 9.604754 9.602502 9.600918 9.599291 9.597792 9.596461 9.595369 9.59392 9.592412 9.591434 9.590652 9.589684 9.588436 9.587378 9.587325 9.584224 9.582753 9.581897 9.580809 9.579557 9.578534 9.577514 9.576828 9.576545 9.576028 9.575402 9.574899 9.57438 9.573866 9.572984 9.572017
9.620161 9.620214 9.620466 9.619926 9.619616 9.618999 9.618938 9.619182 9.61987 9.623106 9.626392 9.625523 9.625294 9.624934 9.623971 9.623581 9.62258 9.621376 9.619567 9.61879 9.618779 9.617724 9.617274 9.616312 9.615173 9.612787 9.611515 9.610427 9.609421 9.608364 9.60717 9.605309 9.603395 9.601768 9.600215 9.598699 9.597438 9.596095 9.594872 9.593656 9.592405 9.591443 9.590456 9.589494 9.588423 9.586713 9.585189 9.584409 9.582821 9.581899 9.580731 9.579795 9.578998 9.578403 9.577787 9.577458 9.576939 9.57667 9.57587 9.575042 9.574578 9.573579 9.572392
9.621575 9.621278 9.62148 9.621012 9.620296 9.619848 9.619496 9.61971 9.619448 9.62262 9.627151 9.626872 9.626203 9.624685 9.623849 9.62313 9.622679 9.620713 9.619496 9.619637 9.618794 9.617744 9.616973 9.614784 9.613569 9.612483 9.611212 9.609988 9.608886 9.607879 9.605909 9.603808 9.602667 9.601099 9.59965 9.598148 9.596774 9.595766 9.594517 9.593548 9.592347 9.591313 9.590249 9.590282 9.587373 9.586416 9.585398 9.584453 9.582886 9.581811 9.581124 9.580336 9.579825 9.579416 9.579008 9.578332 9.57785 9.577217 9.57661 9.575821 9.574871 9.574368 9.573281
9.62275 9.622432 9.622177 9.621762 9.621056 9.621056 9.620491 9.620225 9.621305 9.624165 9.627871 9.62712 9.625383 9.624652 9.623943 9.623109 9.621137 9.620677 9.620629 9.619458 9.618927 9.617382 9.615433 9.614232 9.613182 9.61206 9.610766 9.609584 9.608341 9.606677 9.604998 9.603156 9.601647 9.600251 9.598898 9.597821 9.596584 9.595429 9.594482 9.593435 9.592285 9.59114 9.591121 9.588259 9.587404 9.586357 9.585563 9.58459 9.58358 9.582796 9.582335 9.5819 9.581495 9.581133 9.580482 9.579796 9.579048 9.57792 9.577227 9.576658 9.575793 9.574879 9.573853
9.623097 9.623139 9.623539 9.622663 9.622511 9.621266 9.621967 9.622332 9.623288 9.628956 9.628139 9.626237 9.625407 9.624694 9.623855 9.622985 9.622024 9.62113 9.620557 9.619451 9.617989 9.616346 9.614901 9.613997 9.612586 9.611304 9.61039 9.609287 9.60727 9.605466 9.60379 9.602249 9.600755 9.599638 9.598519 9.597428 9.596408 9.595314 9.594214 9.59318 9.59345 9.590588 9.589428 9.588421 9.587276 9.58646 9.585993 9.585066 9.584369 9.583615 9.583186 9.583015 9.582701 9.581856 9.58117 9.580446 9.579886 9.579495 9.578696 9.577851 9.576765 9.574974 9.572564
9.624278 9.624317 9.62449 9.623915 9.6233 9.623955 9.624739 9.626746 9.629111 9.628158 9.62791 9.626669 9.625565 9.624546 9.62373 9.622802 9.621655 9.620813 9.619868 9.618941 9.616996 9.615688 9.614442 9.613175 9.611941 9.611205 9.609859 9.60868 9.605954 9.604226 9.602956 9.6016 9.600469 9.599395 9.598323 9.597155 9.59613 9.59519 9.595486 9.59449 9.59152 9.590291 9.589457 9.588387 9.587959 9.587303 9.586423 9.585567 9.585161 9.584842 9.58444 9.584178 9.583231 9.582532 9.58183 9.581617 9.580885 9.579908 9.579045 9.578018 9.57529 9.573351 9.571508
9.62532 9.625801 9.625338 9.626125 9.626337 9.627596 9.627119 9.629289 9.628679 9.62797 9.626835 9.626459 9.625683 9.624472 9.623283 9.622298 9.621405 9.620551 9.61937 9.617585 9.616733 9.615335 9.613874 9.613119 9.611774 9.610557 9.609228 9.606441 9.604972 9.603623 9.602368 9.601443 9.600318 9.599242 9.597909 9.596966 9.597442 9.596415 9.594543 9.592772 9.591697 9.590693 9.589774 9.589457 9.588696 9.587688 9.587008 9.58647 9.586275 9.586111 9.585459 9.584564 9.583899 9.583515 9.582892 9.582067 9.581186 9.580216 9.578308 9.576431 9.574473 9.572294 9.569907
