inputs/Middelgrunden/Resource grid 1   Sector 3   Height 64m   Weibull-A.grd
DSAA
 111           201 
 728800        731000
 6176000       6180000
 7.868675      7.88268
[rows 84 to 111 of 201, columns 0 to 62 of 111]
7.88155 7.881613 7.881602 7.881578 7.881628 7.881604 7.881627 7.881784 7.881733 7.881687 7.88168 7.881613 7.881587 7.881503 7.881539 7.881528 7.881537 7.881545 7.881552 7.881589 7.881613 7.881523 7.881698 7.881752 7.881752 7.88183 7.881809 7.881752 7.88182 7.881866 7.881796 7.881951 7.88174 7.881981 7.881998 7.881798 7.881856 7.881888 7.881917 7.88205 7.882015 7.882064 7.882165 7.882183 7.882189 7.882093 7.882126 7.882339 7.882447 7.882255 7.882131 7.882054 7.881966 7.881723 7.881658 7.881675 7.88166 7.881757 7.88153 7.881512 7.881699 7.881748 7.881772
7.881761 7.881588 7.881435 7.881547 7.881588 7.881547 7.881496 7.881668 7.881758 7.881784 7.881856 7.881745 7.881659 7.881568 7.88162 7.881592 7.881662 7.881664 7.881671 7.881638 7.881588 7.881523 7.881531 7.881592 7.881689 7.881743 7.881801 7.881842 7.881824 7.881728 7.881765 7.88184 7.881691 7.881729 7.881933 7.881954 7.881748 7.881821 7.881842 7.881937 7.882043 7.88192 7.882142 7.882192 7.882227 7.882279 7.882068 7.882112 7.882362 7.88221 7.882181 7.882185 7.882197 7.881946 7.881874 7.8818 7.881738 7.881806 7.8818 7.881565 7.881539 7.88173 7.881719
7.881788 7.881642 7.881604 7.88158 7.881604 7.881634 7.881448 7.881516 7.881663 7.881682 7.88175 7.88181 7.881855 7.881806 7.881707 7.881683 7.881689 7.881763 7.881756 7.881711 7.881685 7.881685 7.881512 7.881562 7.881635 7.881675 7.88173 7.881829 7.881719 7.881768 7.881745 7.881789 7.881874 7.881714 7.881699 7.881904 7.881742 7.881718 7.881752 7.881842 7.881856 7.881988 7.882063 7.882106 7.882133 7.882222 7.882307 7.882091 7.882274 7.882338 7.882185 7.882206 7.882215 7.882212 7.882082 7.88202 7.881938 7.881857 7.881861 7.881823 7.881617 7.881594 7.881743
7.881906 7.88189 7.881589 7.881533 7.881536 7.88159 7.881625 7.881573 7.881705 7.881673 7.881623 7.881736 7.881853 7.881915 7.881845 7.881942 7.881925 7.881935 7.881826 7.881845 7.881794 7.881684 7.881577 7.881567 7.881654 7.881646 7.881676 7.881698 7.881665 7.881668 7.881721 7.881796 7.881933 7.881909 7.881712 7.88192 7.881916 7.881718 7.881728 7.881772 7.881755 7.881887 7.881791 7.882036 7.882047 7.882165 7.882223 7.882019 7.882009 7.882235 7.882135 7.882179 7.882167 7.882236 7.88228 7.88211 7.882114 7.88206 7.881978 7.881967 7.881893 7.881626 7.881638
7.881686 7.881763 7.881622 7.881751 7.881594 7.881688 7.88172 7.881565 7.881588 7.881642 7.881583 7.881715 7.881734 7.881722 7.881787 7.881875 7.881985 7.882049 7.882143 7.88226 7.881984 7.881839 7.881659 7.881701 7.881755 7.881773 7.881759 7.881701 7.881686 7.881673 7.881601 7.881659 7.881701 7.881839 7.88171 7.88176 7.881942 7.881966 7.881769 7.881757 7.881736 7.881737 7.881763 7.881906 7.881967 7.882092 7.882115 7.882113 7.88191 7.881943 7.882033 7.882149 7.88219 7.88223 7.882226 7.882266 7.882076 7.882099 7.882093 7.882115 7.882056 7.88201 7.881754
7.88158 7.881632 7.881648 7.88151 7.881588 7.881685 7.881627 7.881483 7.881496 7.881665 7.88167 7.881692 7.881692 7.88169 7.881758 7.881728 7.881909 7.881949 7.882038 7.882291 7.882295 7.882078 7.881783 7.88174 7.881644 7.881753 7.881771 7.88172 7.881734 7.881727 7.881668 7.881667 7.881634 7.881787 7.881805 7.881688 7.88177 7.881996 7.881835 7.88181 7.88183 7.881829 7.88185 7.88193 7.88195 7.882039 7.881986 7.881982 7.881987 7.881829 7.881888 7.882032 7.882092 7.882131 7.882241 7.882239 7.882082 7.882079 7.882104 7.882116 7.882153 7.882216 7.882158
7.881635 7.881629 7.881663 7.881471 7.881569 7.881538 7.881715 7.881707 7.881476 7.881536 7.881604 7.881586 7.881648 7.881707 7.88176 7.881783 7.88182 7.881896 7.881946 7.882027 7.882235 7.882084 7.882047 7.881844 7.881924 7.881912 7.881825 7.881714 7.881752 7.881776 7.881797 7.881691 7.88176 7.881718 7.881775 7.881793 7.881658 7.881837 7.881888 7.881759 7.881838 7.881833 7.881826 7.881931 7.881995 7.881923 7.881978 7.881936 7.881961 7.882013 7.88185 7.881958 7.882043 7.882084 7.882136 7.882199 7.882217 7.882081 7.882086 7.882065 7.88212 7.882206 7.882219
7.881717 7.881607 7.881648 7.881749 7.881609 7.881511 7.881548 7.881556 7.881508 7.881591 7.88167 7.881613 7.881752 7.881797 7.881804 7.881782 7.881824 7.88179 7.881803 7.881932 7.882165 7.88221 7.882014 7.881856 7.881929 7.882012 7.881972 7.881945 7.881831 7.881752 7.881689 7.881743 7.881753 7.881772 7.881859 7.881835 7.881647 7.881627 7.881775 7.88182 7.88168 7.88176 7.881797 7.881855 7.88195 7.88193 7.881976 7.881935 7.881959 7.881986 7.881804 7.881694 7.881931 7.882052 7.882133 7.882155 7.882175 7.882215 7.882069 7.882081 7.882153 7.882171 7.882253
7.881621 7.881542 7.881636 7.881678 7.881586 7.881676 7.881532 7.881546 7.881404 7.881422 7.881573 7.88165 7.8816 7.881772 7.881835 7.881847 7.88178 7.881861 7.881878 7.881979 7.88221 7.882185 7.882109 7.881918 7.88189 7.881927 7.881985 7.881976 7.882006 7.881984 7.88192 7.88186 7.88168 7.881729 7.881774 7.881838 7.881814 7.881684 7.881674 7.881844 7.881673 7.881646 7.881669 7.881722 7.881997 7.881912 7.881961 7.88197 7.881985 7.881948 7.88199 7.881814 7.881717 7.881987 7.882067 7.88207 7.882119 7.882137 7.882153 7.882058 7.882102 7.882091 7.882137
7.881635 7.881486 7.881577 7.881634 7.88167 7.881511 7.881415 7.881461 7.881485 7.881352 7.881388 7.881498 7.881558 7.881708 7.88174 7.881857 7.881801 7.881851 7.881894 7.881942 7.88214 7.882215 7.882218 7.881906 7.881904 7.881893 7.881907 7.881986 7.882017 7.881998 7.882001 7.882004 7.882027 7.881915 7.881893 7.881856 7.881851 7.881936 7.881764 7.881829 7.881826 7.881652 7.881622 7.881611 7.881571 7.881919 7.881881 7.881944 7.881946 7.882009 7.882013 7.882013 7.881719 7.881737 7.881979 7.882028 7.882047 7.882086 7.882105 7.881987 7.881993 7.882085 7.882092
7.881489 7.881464 7.881479 7.881626 7.881603 7.881459 7.881486 7.88135 7.881407 7.881377 7.881374 7.881422 7.881433 7.881561 7.881716 7.881746 7.881741 7.88176 7.881769 7.881906 7.882001 7.882174 7.882145 7.882065 7.881854 7.881786 7.8819 7.881987 7.881986 7.882008 7.882009 7.88202 7.882026 7.881998 7.882016 7.882027 7.88202 7.881941 7.881677 7.881737 7.881953 7.88194 7.881685 7.881655 7.881644 7.881867 7.881833 7.881812 7.881908 7.881992 7.882018 7.882054 7.88192 7.88174 7.881953 7.882023 7.88205 7.882032 7.882058 7.882051 7.881933 7.88196 7.881966
7.881346 7.881405 7.881377 7.881478 7.881509 7.881617 7.881413 7.881273 7.881341 7.881166 7.881215 7.881242 7.881338 7.881366 7.88153 7.881601 7.88171 7.881673 7.881731 7.881837 7.881874 7.882059 7.882161 7.882193 7.881894 7.881757 7.881801 7.881821 7.881958 7.881988 7.881953 7.881979 7.88201 7.882065 7.881987 7.882039 7.882108 7.882141 7.882105 7.881889 7.881795 7.881876 7.881658 7.881649 7.881663 7.881878 7.881996 7.881852 7.881859 7.881858 7.881851 7.881969 7.882057 7.881766 7.881816 7.882121 7.882108 7.882114 7.882119 7.8821 7.882111 7.881911 7.881924
7.881328 7.881366 7.881308 7.881293 7.881292 7.881434 7.881317 7.881382 7.881272 7.881271 7.881237 7.881217 7.881284 7.881361 7.881416 7.881477 7.881561 7.881605 7.881736 7.881721 7.881708 7.881969 7.882029 7.882036 7.88188 7.881685 7.881664 7.88181 7.881915 7.881877 7.881972 7.882008 7.882028 7.882025 7.881984 7.882025 7.88205 7.882087 7.882168 7.88219 7.882026 7.882048 7.881918 7.881661 7.881597 7.881599 7.881924 7.881851 7.881858 7.88186 7.881899 7.881972 7.881933 7.881779 7.881724 7.881797 7.882073 7.882099 7.882078 7.882119 7.882095 7.882075 7.881871
7.88137 7.881412 7.881274 7.881258 7.881255 7.881302 7.881324 7.881205 7.881094 7.881223 7.881205 7.881232 7.88132 7.881349 7.881431 7.881509 7.881528 7.881602 7.881608 7.881635 7.881748 7.88201 7.881942 7.881901 7.881766 7.881644 7.881541 7.881574 7.881718 7.881801 7.881863 7.881887 7.88194 7.881953 7.881941 7.881909 7.881915 7.881997 7.882102 7.882171 7.881985 7.881943 7.882129 7.882132 7.881805 7.881744 7.881888 7.881963 7.881838 7.881881 7.881942 7.881912 7.881904 7.881754 7.881742 7.881645 7.881614 7.881996 7.882027 7.882049 7.882033 7.882036 7.881897
7.881444 7.881454 7.88135 7.881303 7.881325 7.88137 7.881351 7.881149 7.881227 7.881165 7.881015 7.881144 7.881218 7.881313 7.88137 7.881505 7.881553 7.881648 7.881512 7.881592 7.881658 7.881678 7.881935 7.881912 7.88188 7.88174 7.881588 7.881543 7.881623 7.881716 7.881751 7.881746 7.881791 7.881889 7.881976 7.881915 7.881938 7.881966 7.882048 7.882044 7.882069 7.881947 7.88194 7.882029 7.881923 7.881868 7.882145 7.882031 7.881998 7.881876 7.881888 7.881901 7.881955 7.881944 7.881782 7.881788 7.881628 7.881847 7.881839 7.881807 7.881903 7.881958 7.881989
7.881673 7.881452 7.881433 7.881351 7.881384 7.881357 7.881427 7.88141 7.881296 7.881203 7.881209 7.881204 7.8812 7.881207 7.881239 7.881354 7.881516 7.881615 7.88159 7.88159 7.881653 7.881627 7.881812 7.881798 7.881876 7.881789 7.881607 7.881503 7.881475 7.881641 7.88171 7.881689 7.881739 7.881782 7.881843 7.881851 7.88197 7.881984 7.882015 7.881989 7.88201 7.882036 7.881885 7.882021 7.881969 7.881871 7.881961 7.882134 7.882256 7.882173 7.88208 7.882001 7.881949 7.88192 7.881739 7.881786 7.881626 7.881641 7.881782 7.881763 7.881711 7.881735 7.881761
7.881805 7.881782 7.881771 7.881641 7.881544 7.881459 7.88149 7.881516 7.881397 7.881434 7.881369 7.881354 7.881307 7.88126 7.881246 7.881348 7.881403 7.88137 7.881445 7.881531 7.881569 7.881656 7.881759 7.881822 7.881879 7.881757 7.881786 7.881603 7.881409 7.881608 7.881637 7.881652 7.881677 7.881718 7.881754 7.881774 7.88185 7.881836 7.881856 7.881948 7.881982 7.881998 7.881766 7.881797 7.881961 7.881999 7.881909 7.88213 7.882226 7.882282 7.882206 7.882239 7.882174 7.882112 7.881814 7.881771 7.881775 7.881648 7.881592 7.881826 7.881776 7.881735 7.881702
7.881712 7.881688 7.881673 7.881683 7.881695 7.881691 7.881634 7.881625 7.881539 7.881412 7.881387 7.881286 7.881341 7.881375 7.881419 7.881454 7.881516 7.881531 7.881527 7.881571 7.881483 7.881505 7.881763 7.881855 7.881866 7.881766 7.881741 7.881728 7.881503 7.881481 7.881569 7.881606 7.881677 7.88171 7.881668 7.881746 7.881783 7.881753 7.881775 7.881789 7.881895 7.88191 7.88184 7.881771 7.881798 7.881948 7.881915 7.882205 7.882215 7.882256 7.882168 7.882199 7.882189 7.882277 7.882247 7.881972 7.881949 7.881787 7.881618 7.881627 7.88176 7.881792 7.881789
7.881701 7.881651 7.881639 7.881624 7.881656 7.881646 7.88171 7.881788 7.881837 7.881751 7.88169 7.881396 7.881326 7.881415 7.881421 7.881458 7.881491 7.881524 7.881588 7.88157 7.881575 7.881537 7.881482 7.881679 7.881729 7.881758 7.881707 7.881763 7.881607 7.881493 7.881635 7.881704 7.881668 7.881672 7.881687 7.88175 7.88171 7.881721 7.881648 7.881685 7.881779 7.881752 7.881769 7.881847 7.881721 7.881906 7.882022 7.881979 7.882174 7.882202 7.882298 7.882189 7.88223 7.882188 7.882223 7.882087 7.882063 7.882094 7.881959 7.881664 7.881809 7.881801 7.881772
7.881562 7.881625 7.881693 7.881728 7.881634 7.881742 7.881718 7.881788 7.881855 7.881953 7.881758 7.88164 7.881612 7.881599 7.881459 7.881425 7.881465 7.881545 7.881548 7.881594 7.881603 7.881475 7.881477 7.88166 7.881652 7.881659 7.881454 7.881478 7.881526 7.881299 7.88146 7.881567 7.881645 7.881662 7.881637 7.881721 7.881687 7.881667 7.881639 7.881689 7.881726 7.881719 7.881712 7.881759 7.881709 7.881733 7.881967 7.882026 7.882085 7.882131 7.882183 7.882174 7.882239 7.882159 7.882177 7.882052 7.882026 7.882069 7.882018 7.881497 7.881818 7.881978 7.881823
7.881546 7.881618 7.881588 7.881591 7.881491 7.881608 7.88178 7.881894 7.88198 7.881979 7.881843 7.881889 7.881584 7.881656 7.881731 7.881679 7.881611 7.881639 7.881567 7.881677 7.881568 7.881499 7.881497 7.881667 7.881653 7.881644 7.881547 7.881517 7.881493 7.881357 7.881234 7.881371 7.88146 7.881554 7.8817 7.881706 7.881638 7.881616 7.881651 7.881586 7.881569 7.881615 7.881651 7.881616 7.881672 7.881629 7.881731 7.88199 7.88209 7.882104 7.882134 7.882262 7.882132 7.882219 7.882268 7.88221 7.882056 7.882013 7.882061 7.882061 7.881865 7.881551 7.882053
7.881516 7.881535 7.881566 7.881573 7.881544 7.881642 7.881691 7.881775 7.881924 7.881961 7.882093 7.881958 7.881814 7.881788 7.881824 7.881759 7.881761 7.881859 7.881936 7.881932 7.881777 7.881616 7.88158 7.881728 7.881721 7.881735 7.881573 7.881583 7.881575 7.881561 7.881341 7.88143 7.881469 7.881543 7.881484 7.881496 7.881612 7.881692 7.88168 7.881695 7.881546 7.881678 7.88169 7.881679 7.881773 7.881822 7.881631 7.881863 7.881945 7.881999 7.882103 7.882128 7.88217 7.882113 7.882161 7.882108 7.881948 7.882003 7.882019 7.882093 7.882071 7.88156 7.881642
7.881475 7.881512 7.881563 7.881512 7.881489 7.88155 7.881692 7.881799 7.881831 7.881959 7.881935 7.881825 7.881872 7.881669 7.881804 7.881785 7.881754 7.881808 7.881915 7.881921 7.881946 7.881987 7.881918 7.881854 7.881829 7.88178 7.881788 7.881659 7.881654 7.881652 7.881443 7.881389 7.881544 7.881584 7.881552 7.881509 7.881488 7.881482 7.881551 7.88161 7.881569 7.88164 7.881673 7.88172 7.881836 7.881833 7.88167 7.881735 7.881839 7.882059 7.881991 7.881983 7.88206 7.882034 7.882005 7.882004 7.881814 7.881855 7.88188 7.881894 7.881989 7.882018 7.881529
7.881469 7.881507 7.881495 7.881547 7.881598 7.881549 7.88169 7.881742 7.881837 7.881843 7.881874 7.881916 7.881817 7.881648 7.881646 7.881681 7.88171 7.881695 7.881761 7.881864 7.881921 7.881963 7.881919 7.881934 7.882094 7.8821 7.882123 7.881891 7.881782 7.881774 7.881648 7.881467 7.881506 7.881549 7.881566 7.881539 7.881559 7.88155 7.881535 7.881452 7.881598 7.881555 7.881601 7.881702 7.881834 7.881833 7.881848 7.881724 7.881733 7.882027 7.881918 7.881862 7.881954 7.881979 7.881906 7.881871 7.881883 7.881771 7.88181 7.881794 7.88186 7.881881 7.881804
7.881489 7.881511 7.881522 7.88166 7.881655 7.881633 7.881644 7.88173 7.881821 7.881835 7.881861 7.881935 7.881738 7.881718 7.881519 7.881735 7.881711 7.881626 7.881597 7.881743 7.881803 7.881805 7.881974 7.881948 7.88209 7.8821 7.882148 7.882043 7.882076 7.882056 7.881936 7.881825 7.881597 7.881571 7.881598 7.881625 7.881554 7.881567 7.881527 7.881562 7.881575 7.881572 7.881647 7.881695 7.881621 7.881724 7.881719 7.881871 7.881746 7.881864 7.88201 7.881915 7.881925 7.88192 7.881832 7.881803 7.88183 7.881706 7.881712 7.881769 7.881795 7.881777 7.881835
7.881396 7.881438 7.881501 7.881577 7.881668 7.881599 7.881687 7.881739 7.881763 7.881788 7.881938 7.881903 7.881994 7.881782 7.881587 7.881642 7.881648 7.881506 7.881531 7.881701 7.88173 7.881777 7.881804 7.881791 7.881997 7.882037 7.882174 7.882057 7.882034 7.882076 7.882027 7.882051 7.881869 7.881786 7.881662 7.881634 7.881634 7.881655 7.881618 7.881638 7.88167 7.881727 7.8816 7.881684 7.881706 7.881714 7.881667 7.881742 7.881631 7.881699 7.881972 7.882058 7.881857 7.881829 7.881858 7.881765 7.881855 7.881682 7.881654 7.881689 7.881692 7.881729 7.88173
7.881358 7.881492 7.881429 7.881467 7.881586 7.881531 7.881506 7.881576 7.881685 7.881757 7.881853 7.881891 7.881927 7.881783 7.881734 7.881583 7.881591 7.88157 7.881503 7.881621 7.881731 7.8818 7.881787 7.88182 7.881848 7.882081 7.882111 7.882144 7.882016 7.882039 7.882085 7.88203 7.88199 7.881819 7.881848 7.881953 7.881935 7.881727 7.88168 7.881698 7.881762 7.881784 7.881723 7.881671 7.881727 7.881769 7.881827 7.881918 7.881801 7.881582 7.881756 7.881903 7.881781 7.88179 7.881819 7.881894 7.881771 7.881809 7.881714 7.881702 7.881691 7.881673 7.881697
7.881302 7.881447 7.881484 7.881473 7.881571 7.881594 7.881504 7.881531 7.881569 7.881612 7.881662 7.881769 7.881846 7.881872 7.881701 7.881509 7.881477 7.881495 7.881436 7.881462 7.881579 7.88175 7.881758 7.881805 7.881827 7.881972 7.882043 7.882129 7.881978 7.882008 7.882001 7.881934 7.881915 7.881776 7.881907 7.881939 7.881968 7.881966 7.882003 7.882073 7.882011 7.881941 7.881789 7.881707 7.881732 7.881776 7.88181 7.881889 7.881978 7.881963 7.881741 7.881944 7.881899 7.881731 7.881685 7.881815 7.881756 7.881817 7.881692 7.881677 7.881719 7.881728 7.881731
