inputs/Middelgrunden/Resource grid 1   Sector 11   Height 64m   Sector frequency.grd
DSAA
 111           201 
 728800        731000
 6176000       6180000
 9.081858E-02  .1045527
[rows 27 to 53 of 201, columns 0 to 60 of 111]
9.156591E-02 9.165876E-02 9.172156E-02 9.177795E-02 9.180678E-02 9.185672E-02 9.189808E-02 9.195491E-02 9.199763E-02 9.202861E-02 9.205154E-02 9.212162E-02 9.220399E-02 9.317152E-02 9.326144E-02 9.336516E-02 9.346819E-02 9.359139E-02 9.379774E-02 9.393304E-02 9.409159E-02 9.427457E-02 9.446063E-02 9.458848E-02 9.472509E-02 9.486951E-02 9.503821E-02 .0952048 9.533948E-02 .0954347 9.554067E-02 9.568353E-02 9.581921E-02 9.595063E-02 9.608884E-02 9.625106E-02 9.640939E-02 9.655227E-02 9.670626E-02 9.683149E-02 9.695168E-02 9.707247E-02 9.723646E-02 .0973946 9.754566E-02 9.764965E-02 9.779356E-02 .0979773 9.807332E-02 9.820152E-02 9.830949E-02 9.839208E-02 9.847341E-02 9.859555E-02 9.868614E-02 9.878591E-02 9.889612E-02 9.900247E-02 9.911296E-02 9.917954E-02 9.925565E-02
9.154116E-02 9.161839E-02 9.166669E-02 9.171703E-02 9.176333E-02 9.180151E-02 9.184641E-02 9.188086E-02 9.191266E-02 9.194054E-02 9.198216E-02 .0929712 9.307183E-02 9.317283E-02 .0932782 9.339619E-02 .0935098 9.372298E-02 9.387421E-02 9.403273E-02 9.422162E-02 9.440693E-02 9.453435E-02 9.466071E-02 9.481435E-02 9.496798E-02 9.512989E-02 9.529142E-02 9.538978E-02 9.552506E-02 9.565243E-02 9.578507E-02 9.591896E-02 9.605659E-02 9.622482E-02 9.639846E-02 9.653804E-02 9.666658E-02 9.679865E-02 9.695127E-02 .0970894 9.723093E-02 .0973794 9.752567E-02 9.765604E-02 9.775422E-02 9.784653E-02 9.801913E-02 9.817945E-02 9.828438E-02 9.837542E-02 9.845842E-02 9.856012E-02 9.865944E-02 .0987763 9.888814E-02 9.898911E-02 9.908146E-02 9.913864E-02 9.921093E-02 9.932674E-02
9.150249E-02 9.156601E-02 9.160869E-02 .0916518 9.170385E-02 .0917469 9.176626E-02 9.178559E-02 .0918313 9.188372E-02 9.285004E-02 9.294215E-02 9.305581E-02 9.319384E-02 9.331436E-02 9.344428E-02 9.360137E-02 9.381631E-02 9.397707E-02 9.415983E-02 9.433623E-02 9.448665E-02 9.463011E-02 9.475505E-02 9.491093E-02 9.507051E-02 9.523579E-02 9.535296E-02 9.548808E-02 9.563041E-02 9.575026E-02 9.589574E-02 9.603782E-02 9.621838E-02 9.638187E-02 9.651771E-02 9.665202E-02 9.678415E-02 9.691574E-02 9.706461E-02 9.724753E-02 9.739896E-02 9.752087E-02 9.764086E-02 9.775557E-02 9.784851E-02 9.793451E-02 .0981384 9.822962E-02 9.831064E-02 9.842554E-02 9.852454E-02 9.863897E-02 9.875103E-02 9.886207E-02 9.897975E-02 9.905873E-02 9.913951E-02 9.919712E-02 9.931915E-02 9.942136E-02
9.146436E-02 9.150647E-02 9.154969E-02 9.159262E-02 9.162538E-02 9.164891E-02 9.168067E-02 9.172713E-02 9.269425E-02 9.276172E-02 9.281983E-02 9.294186E-02 9.307719E-02 9.323284E-02 9.338713E-02 9.354012E-02 9.369036E-02 9.390552E-02 9.409599E-02 9.426907E-02 9.442592E-02 9.456907E-02 9.471931E-02 9.487334E-02 9.502268E-02 9.519055E-02 9.530655E-02 9.544673E-02 .0956071 9.574736E-02 9.586611E-02 9.602955E-02 9.620979E-02 9.636868E-02 9.650594E-02 9.663679E-02 9.676225E-02 9.689914E-02 9.705795E-02 9.722261E-02 9.739266E-02 9.753171E-02 9.763626E-02 9.774572E-02 .0978322 9.793269E-02 9.803684E-02 9.821484E-02 9.827528E-02 9.835926E-02 9.846159E-02 9.857423E-02 9.872638E-02 9.884384E-02 9.894821E-02 9.901996E-02 9.910778E-02 9.919795E-02 9.931068E-02 .0994109 9.947389E-02
9.140247E-02 9.144303E-02 9.148117E-02 9.151177E-02 9.153114E-02 9.158532E-02 9.163466E-02 9.260628E-02 9.267028E-02 9.272953E-02 9.282043E-02 9.293455E-02 .0931326 9.329482E-02 9.347221E-02 .0936317 9.378205E-02 9.403148E-02 9.421618E-02 9.436539E-02 9.451625E-02 9.466351E-02 9.481751E-02 9.499515E-02 9.516163E-02 9.527544E-02 9.542587E-02 9.556911E-02 9.572621E-02 9.584948E-02 9.600093E-02 9.619713E-02 9.636427E-02 9.650207E-02 9.662759E-02 9.675729E-02 9.690391E-02 9.706017E-02 9.721827E-02 9.737602E-02 9.751149E-02 9.763561E-02 9.773219E-02 9.781764E-02 9.791671E-02 9.803596E-02 .0980983 9.824276E-02 .0983288 9.843456E-02 9.854636E-02 9.866473E-02 9.879129E-02 9.887896E-02 9.899435E-02 9.908006E-02 .0991819 9.933079E-02 9.939647E-02 9.946513E-02 9.954637E-02
9.134581E-02 9.137601E-02 9.139145E-02 9.142926E-02 9.147761E-02 9.244575E-02 9.252267E-02 9.258661E-02 9.264306E-02 9.274861E-02 9.287092E-02 .0929969 9.320338E-02 9.337183E-02 9.354495E-02 9.372292E-02 9.392392E-02 .094163 .0943155 9.446093E-02 9.461988E-02 .0947859 .0949521 9.512465E-02 9.526028E-02 .0954012 9.554753E-02 9.569297E-02 9.585302E-02 9.599017E-02 9.618683E-02 9.634741E-02 9.648806E-02 9.662751E-02 9.677015E-02 9.691767E-02 .0970754 9.722294E-02 9.736903E-02 9.749267E-02 9.760396E-02 .0977134 9.779438E-02 9.791558E-02 9.800339E-02 9.807271E-02 9.820695E-02 9.829902E-02 9.841012E-02 9.852509E-02 9.863946E-02 9.874412E-02 9.882914E-02 9.892555E-02 9.903043E-02 9.914344E-02 9.931616E-02 9.939687E-02 9.944684E-02 9.953097E-02 9.963441E-02
9.125918E-02 9.129197E-02 9.133065E-02 .0913793 9.236076E-02 9.241699E-02 9.248512E-02 9.257469E-02 9.268893E-02 9.279906E-02 9.292851E-02 9.307289E-02 9.328748E-02 9.346096E-02 .0936384 9.385299E-02 9.413014E-02 9.427996E-02 .0944251 9.458321E-02 9.475099E-02 9.492126E-02 9.508181E-02 9.522633E-02 .0953773 .0955295 9.568099E-02 9.582301E-02 9.599171E-02 9.617957E-02 9.634032E-02 .0964849 9.663381E-02 9.678446E-02 9.693149E-02 9.707803E-02 9.722046E-02 9.736082E-02 9.748204E-02 9.758904E-02 9.769063E-02 9.777332E-02 9.787767E-02 9.797736E-02 .0980443 9.811565E-02 9.827029E-02 9.837964E-02 9.849607E-02 9.862158E-02 .0987061 9.879163E-02 9.889389E-02 9.900235E-02 9.913577E-02 9.927544E-02 9.936354E-02 9.943029E-02 9.953137E-02 9.962174E-02 9.968471E-02
9.119282E-02 9.123076E-02 9.221251E-02 9.226401E-02 .0923375 9.241284E-02 9.247676E-02 9.259162E-02 9.273175E-02 .0928733 9.301455E-02 .0931672 .0933921 9.356911E-02 9.379933E-02 9.400309E-02 9.424682E-02 9.439543E-02 .0945561 9.471137E-02 9.489264E-02 9.503913E-02 9.519772E-02 9.535928E-02 9.551005E-02 9.565878E-02 9.582403E-02 9.599537E-02 9.618565E-02 9.635032E-02 9.649424E-02 9.663259E-02 9.678324E-02 9.692261E-02 9.707009E-02 9.722278E-02 .0973552 9.746456E-02 9.756901E-02 9.766716E-02 9.774623E-02 9.784567E-02 9.795622E-02 9.799916E-02 9.809988E-02 9.818958E-02 9.835622E-02 9.847233E-02 9.857943E-02 9.867202E-02 9.876847E-02 9.887691E-02 9.898987E-02 9.912633E-02 9.925959E-02 9.934361E-02 9.945866E-02 9.952389E-02 9.957078E-02 9.962784E-02 .0997653
9.114299E-02 9.211899E-02 .092185 9.225764E-02 9.232679E-02 9.240321E-02 9.251942E-02 9.267101E-02 9.283052E-02 9.298732E-02 9.313205E-02 .093291 9.352089E-02 9.375398E-02 9.394895E-02 9.411375E-02 9.435538E-02 9.450033E-02 9.467897E-02 9.485321E-02 9.499656E-02 9.517057E-02 9.534761E-02 9.549372E-02 9.565762E-02 9.582386E-02 .0960097 9.620427E-02 .0963649 9.647031E-02 9.662351E-02 .096773 9.691455E-02 9.706429E-02 9.720958E-02 9.733751E-02 9.745178E-02 9.754902E-02 9.762713E-02 9.772791E-02 9.782877E-02 9.793184E-02 9.798601E-02 9.805995E-02 9.815678E-02 9.827457E-02 9.847509E-02 9.855023E-02 9.864228E-02 .0987451 9.886073E-02 9.897986E-02 9.912337E-02 9.925038E-02 9.934779E-02 .0994231 .0994973 9.957501E-02 9.962879E-02 9.972886E-02 9.980271E-02
9.204721E-02 9.211073E-02 9.216949E-02 9.224521E-02 9.231792E-02 9.247664E-02 9.264274E-02 9.279884E-02 9.294935E-02 9.311958E-02 9.326763E-02 9.342213E-02 9.365553E-02 9.389344E-02 9.406178E-02 9.421793E-02 9.445462E-02 9.462187E-02 .0948175 9.497067E-02 9.514835E-02 9.533037E-02 .0954963 9.567718E-02 9.584632E-02 .096027 9.620357E-02 .0963517 9.649095E-02 .0966095 9.676352E-02 9.690647E-02 9.704751E-02 9.720275E-02 9.732649E-02 9.742641E-02 9.750908E-02 9.760559E-02 9.771095E-02 9.781235E-02 9.791166E-02 9.796196E-02 9.805259E-02 .0981546 9.825465E-02 9.836572E-02 9.854456E-02 9.862865E-02 .0987371 9.885457E-02 9.896877E-02 9.912768E-02 .0992497 9.933994E-02 9.940156E-02 9.947933E-02 .0995414 9.964395E-02 9.970845E-02 9.981786E-02 9.991308E-02
9.211218E-02 9.214828E-02 9.218588E-02 9.224725E-02 9.246615E-02 9.263474E-02 .0927842 9.292774E-02 9.308002E-02 9.322849E-02 .0933978 9.361602E-02 9.378938E-02 9.399621E-02 9.415743E-02 9.439851E-02 9.457727E-02 .09477 9.493291E-02 9.515177E-02 9.534904E-02 9.550459E-02 9.567484E-02 9.584923E-02 9.602829E-02 9.621175E-02 9.634539E-02 9.647787E-02 9.661963E-02 9.673931E-02 9.687915E-02 9.703242E-02 9.718575E-02 9.730658E-02 9.739107E-02 9.747931E-02 9.759095E-02 .0976886 .0977944 9.788422E-02 .0979418 9.803015E-02 9.813878E-02 9.826857E-02 .0983471 9.852248E-02 9.864375E-02 9.873746E-02 9.886882E-02 9.899333E-02 9.913735E-02 9.925967E-02 9.931231E-02 .0993725 9.944459E-02 .0995152 9.962168E-02 9.973699E-02 9.980708E-02 .0998965 9.999208E-02
9.216904E-02 9.221987E-02 9.226418E-02 9.241727E-02 9.258828E-02 9.274678E-02 9.290088E-02 9.304705E-02 9.318729E-02 9.335246E-02 9.356547E-02 9.374707E-02 9.389209E-02 9.408556E-02 9.426052E-02 .0945342 9.476989E-02 9.493125E-02 9.513497E-02 9.533293E-02 9.550991E-02 9.568711E-02 9.585245E-02 9.601936E-02 9.619582E-02 9.634116E-02 9.646886E-02 9.660847E-02 9.674317E-02 9.686201E-02 9.701104E-02 9.716592E-02 .0972616 9.735142E-02 9.745879E-02 9.758203E-02 9.766975E-02 9.776701E-02 .0978485 9.791946E-02 9.802212E-02 9.813381E-02 9.825265E-02 9.835229E-02 9.844234E-02 9.864508E-02 9.875389E-02 9.887594E-02 .0990023 9.915552E-02 9.923887E-02 9.928504E-02 9.933726E-02 9.941339E-02 9.950171E-02 9.962071E-02 9.972559E-02 9.981476E-02 9.987999E-02 9.999046E-02 .1000751
9.222299E-02 9.228089E-02 9.238863E-02 .0925327 .092678 9.284198E-02 9.299653E-02 9.313864E-02 9.331324E-02 9.351815E-02 9.367776E-02 9.383645E-02 9.399966E-02 9.422317E-02 9.443681E-02 9.473623E-02 9.491267E-02 9.512758E-02 9.531017E-02 .0954909 9.566829E-02 9.585081E-02 9.601709E-02 9.617679E-02 9.632461E-02 9.646021E-02 9.659719E-02 .0967286 9.687272E-02 .0969914 9.710864E-02 9.722867E-02 9.732106E-02 9.743788E-02 9.756095E-02 9.764471E-02 9.774034E-02 9.782165E-02 .0979007 9.800394E-02 9.813699E-02 9.823754E-02 9.835241E-02 9.848481E-02 9.860409E-02 .0987706 9.888826E-02 9.899211E-02 9.913792E-02 9.920129E-02 9.924778E-02 9.932014E-02 9.939148E-02 9.951676E-02 9.961601E-02 9.970786E-02 9.980324E-02 9.990904E-02 9.996277E-02 .100047 .1001172
9.228982E-02 9.232101E-02 9.249297E-02 9.263649E-02 9.278236E-02 .0929324 9.309611E-02 9.327234E-02 9.347572E-02 9.361711E-02 9.377326E-02 9.395133E-02 9.414701E-02 9.435699E-02 9.462333E-02 9.488136E-02 9.510467E-02 9.530592E-02 9.547438E-02 9.563912E-02 9.581494E-02 9.598392E-02 9.615981E-02 9.630384E-02 9.644017E-02 9.658331E-02 9.672277E-02 .0968586 .0969597 9.707332E-02 .0971761 9.728132E-02 9.743107E-02 .0975292 9.761341E-02 9.771926E-02 9.779592E-02 9.788871E-02 9.800406E-02 9.812146E-02 9.825087E-02 9.837749E-02 9.850213E-02 9.861634E-02 9.871708E-02 9.888483E-02 9.902863E-02 9.911826E-02 9.915619E-02 .0992139 9.928775E-02 9.940836E-02 .099522 9.962122E-02 9.969752E-02 9.979847E-02 .099879 9.996905E-02 .1000298 .100098 .1001393
9.235034E-02 9.242903E-02 9.258464E-02 9.273751E-02 9.289353E-02 9.304415E-02 9.323893E-02 9.343126E-02 9.358212E-02 9.372517E-02 9.390013E-02 9.408931E-02 9.431811E-02 9.454574E-02 9.484449E-02 9.506492E-02 9.527524E-02 9.546226E-02 9.562191E-02 9.577537E-02 9.595041E-02 9.611763E-02 .0962672 9.642693E-02 9.656826E-02 9.671205E-02 9.682465E-02 .0969532 9.704719E-02 9.714473E-02 9.725675E-02 9.739035E-02 9.750748E-02 9.759109E-02 .0977037 9.778234E-02 9.788538E-02 9.802875E-02 9.813133E-02 9.826623E-02 9.839116E-02 9.850021E-02 9.861641E-02 9.871358E-02 9.883978E-02 9.901474E-02 9.909537E-02 9.913741E-02 9.917528E-02 9.928481E-02 .0994142 9.951551E-02 9.961376E-02 9.971543E-02 9.978165E-02 9.985654E-02 9.994363E-02 .1000341 .1000758 .1001075 .1001588
9.241086E-02 9.253615E-02 9.268785E-02 9.286145E-02 9.301754E-02 9.319768E-02 9.339814E-02 9.355881E-02 9.370606E-02 9.385569E-02 9.403535E-02 9.427397E-02 9.449959E-02 9.468569E-02 9.503333E-02 9.523682E-02 9.542523E-02 9.559676E-02 9.574152E-02 9.591089E-02 9.608043E-02 9.624019E-02 9.639283E-02 9.654988E-02 9.668357E-02 9.679052E-02 9.692954E-02 .0970459 9.711862E-02 9.724256E-02 9.736381E-02 9.746579E-02 9.756201E-02 9.769902E-02 9.779245E-02 9.791674E-02 9.802038E-02 .0981441 .0982744 9.838574E-02 9.849609E-02 9.861007E-02 9.872852E-02 .0988258 9.893725E-02 .0990611 9.911042E-02 9.920534E-02 9.928054E-02 9.940267E-02 9.949709E-02 9.962706E-02 9.969132E-02 9.976158E-02 9.984187E-02 9.992537E-02 .1000102 .1000633 .1000805 .1001391 .1002434
.0925293 9.267242E-02 9.281097E-02 9.297655E-02 9.318874E-02 9.339131E-02 9.352745E-02 .0936674 .0938216 9.400251E-02 9.422697E-02 9.446634E-02 9.465367E-02 9.485906E-02 9.520514E-02 9.539399E-02 9.555461E-02 9.572435E-02 9.587611E-02 9.604388E-02 9.620231E-02 9.635033E-02 9.649175E-02 .0966232 .0967602 9.690146E-02 9.700669E-02 9.711987E-02 9.722302E-02 9.734729E-02 9.745499E-02 9.756675E-02 9.769326E-02 9.779271E-02 9.791976E-02 9.803465E-02 9.815182E-02 9.826741E-02 9.837741E-02 9.849035E-02 9.860076E-02 9.870826E-02 9.880884E-02 .0989052 9.905095E-02 9.913994E-02 9.920318E-02 9.930541E-02 9.940042E-02 9.950618E-02 9.958775E-02 9.967125E-02 9.974469E-02 9.982399E-02 9.990921E-02 9.999102E-02 .100029 .1001157 .100168 .1002564 .1003274
9.264686E-02 .0928065 9.296686E-02 9.315764E-02 9.335423E-02 9.351273E-02 9.365514E-02 .0938006 9.398831E-02 9.420629E-02 9.443085E-02 9.461372E-02 9.481562E-02 9.503347E-02 9.529973E-02 9.552284E-02 9.568551E-02 9.585124E-02 9.600815E-02 9.616665E-02 9.630409E-02 9.643487E-02 9.656999E-02 .0967171 9.685528E-02 9.697662E-02 9.710267E-02 9.724674E-02 9.733643E-02 9.746546E-02 9.758271E-02 9.768486E-02 9.778675E-02 9.790622E-02 9.802312E-02 9.814716E-02 9.826705E-02 9.837504E-02 9.848139E-02 9.860237E-02 9.868231E-02 .0987917 9.887664E-02 9.898462E-02 9.914082E-02 9.922863E-02 9.932146E-02 .0994316 9.949188E-02 .0995553 9.963155E-02 9.971251E-02 9.980775E-02 9.989242E-02 9.995229E-02 .100045 .1001215 .100211 .1002524 .1003091 .1003661
9.278841E-02 9.294867E-02 9.314214E-02 9.332876E-02 9.347486E-02 9.364257E-02 9.379485E-02 9.397509E-02 9.417731E-02 9.439986E-02 9.456363E-02 9.476653E-02 9.498933E-02 9.526322E-02 .0954259 9.563622E-02 9.581748E-02 9.598913E-02 9.611892E-02 9.625571E-02 9.638876E-02 9.652849E-02 9.666507E-02 9.682073E-02 .0969554 9.709511E-02 9.725772E-02 9.737954E-02 9.746363E-02 9.756442E-02 9.765685E-02 9.777765E-02 9.789667E-02 9.800424E-02 9.813448E-02 9.824859E-02 .0983695 9.849232E-02 9.857552E-02 .0986587 9.877124E-02 9.889334E-02 9.898522E-02 9.905525E-02 9.922226E-02 9.936487E-02 9.941903E-02 9.949878E-02 9.954096E-02 9.960933E-02 9.969261E-02 9.977593E-02 .0998448 9.997504E-02 .100051 .1001377 .1001961 .1002457 .1003006 .1003532 .1004112
9.292585E-02 9.311757E-02 9.330951E-02 9.345889E-02 9.360341E-02 9.375467E-02 9.396872E-02 9.417475E-02 9.436938E-02 9.452217E-02 9.472325E-02 9.495009E-02 9.514286E-02 9.538866E-02 9.554393E-02 9.576719E-02 9.593497E-02 9.608527E-02 9.620785E-02 .0963475 9.649157E-02 9.664117E-02 9.679726E-02 9.695144E-02 9.711449E-02 9.723648E-02 9.736474E-02 9.747794E-02 9.756003E-02 .0976488 9.776177E-02 9.788016E-02 9.798364E-02 9.810317E-02 .0982298 9.836235E-02 9.846013E-02 9.855671E-02 .0986372 9.878247E-02 .0988905 .0989757 9.904943E-02 9.916836E-02 9.934655E-02 9.941885E-02 9.949721E-02 9.953973E-02 9.961223E-02 9.967589E-02 9.980552E-02 9.988961E-02 9.997146E-02 .1000429 .1001194 .1001924 .1002656 .1002948 .1003434 .100402 .1004582
9.308691E-02 9.328883E-02 9.343216E-02 9.357885E-02 9.373771E-02 9.392291E-02 9.413418E-02 9.435195E-02 9.450045E-02 9.468685E-02 9.491362E-02 9.510967E-02 .0952742 9.549751E-02 9.566502E-02 9.587932E-02 9.603184E-02 9.619001E-02 9.633759E-02 9.646157E-02 9.662318E-02 9.679739E-02 9.694406E-02 9.709716E-02 9.721268E-02 9.734238E-02 9.744532E-02 .0975571 9.765416E-02 9.774849E-02 9.785918E-02 9.795894E-02 9.808003E-02 9.819389E-02 9.831832E-02 9.842617E-02 9.851574E-02 9.863206E-02 9.877897E-02 9.887759E-02 9.896111E-02 9.905925E-02 .0991605 9.924833E-02 9.939724E-02 9.946904E-02 9.953195E-02 9.958775E-02 9.973441E-02 9.981854E-02 9.992079E-02 9.996507E-02 .100024 .1000935 .100165 .1002554 .1003096 .1003315 .1003873 .1004381 .1004904
9.323528E-02 9.339332E-02 9.354043E-02 9.370343E-02 9.389558E-02 9.411076E-02 9.431205E-02 9.446835E-02 9.466445E-02 9.487565E-02 9.506807E-02 9.523437E-02 9.537062E-02 9.562296E-02 9.579666E-02 9.595373E-02 9.614487E-02 9.630438E-02 9.647129E-02 9.662019E-02 9.677915E-02 9.693138E-02 9.706592E-02 9.718554E-02 9.730786E-02 9.741659E-02 9.754023E-02 .0976235 9.774442E-02 9.785277E-02 9.794018E-02 9.805889E-02 9.819235E-02 9.828575E-02 9.837754E-02 9.850595E-02 9.862649E-02 9.876264E-02 9.884953E-02 .0989641 .0990334 9.914199E-02 9.921567E-02 9.929062E-02 .0994307 9.950482E-02 9.965362E-02 9.974556E-02 9.985172E-02 9.989756E-02 9.994773E-02 .100015 .1000948 .100165 .100215 .1002658 .1003397 .1003765 .1004254 .1005176 9.996679E-02
9.334829E-02 9.349634E-02 9.366617E-02 9.386897E-02 9.408982E-02 9.428708E-02 9.443413E-02 9.463304E-02 9.485257E-02 9.505055E-02 9.518119E-02 9.532402E-02 9.560333E-02 9.577086E-02 9.592867E-02 9.609563E-02 9.628829E-02 .096441 9.661642E-02 .096763 9.691187E-02 9.702723E-02 9.714966E-02 9.728281E-02 9.738994E-02 9.750691E-02 9.762607E-02 9.771226E-02 .0978215 9.793743E-02 9.807105E-02 .0981599 9.825286E-02 9.837464E-02 9.848344E-02 9.860482E-02 9.874279E-02 9.885005E-02 9.892228E-02 9.900389E-02 9.911442E-02 .0991891 9.925643E-02 9.945515E-02 9.956114E-02 9.967807E-02 9.977328E-02 9.984508E-02 9.987682E-02 9.992485E-02 .1000182 .1000912 .1001536 .1002097 .1002547 .1003084 .100429 .1005045 .1005421 9.992597E-02 9.995508E-02
9.345353E-02 9.362418E-02 9.384592E-02 9.405997E-02 .0942542 9.441594E-02 9.461819E-02 9.482717E-02 9.499644E-02 9.515934E-02 9.530821E-02 9.549944E-02 .0957612 9.592558E-02 9.607249E-02 .0962192 9.642761E-02 9.659258E-02 9.674787E-02 9.687281E-02 9.698961E-02 9.711317E-02 9.725141E-02 9.738887E-02 9.748084E-02 9.759689E-02 9.770311E-02 9.779971E-02 9.791575E-02 9.804025E-02 9.813748E-02 9.825806E-02 9.836489E-02 9.847175E-02 9.860513E-02 9.873435E-02 9.880619E-02 9.887546E-02 .098982 9.907603E-02 9.915433E-02 9.930024E-02 9.939338E-02 9.959123E-02 9.966974E-02 9.974656E-02 9.981142E-02 9.987687E-02 9.992614E-02 .1000007 .1000816 .1001407 .1001973 .100269 .1003958 .1004471 .1004838 .1005203 9.988253E-02 9.991666E-02 9.995426E-02
9.360363E-02 9.381157E-02 9.404413E-02 9.423005E-02 9.440929E-02 9.461812E-02 9.480224E-02 9.497336E-02 .0951143 9.527686E-02 9.550824E-02 9.567891E-02 9.589672E-02 9.605655E-02 9.620176E-02 9.635989E-02 9.656462E-02 9.671974E-02 9.684208E-02 9.694842E-02 9.708633E-02 .0972371 9.736595E-02 9.744839E-02 9.757187E-02 9.768125E-02 9.779266E-02 9.790161E-02 9.800509E-02 .098134 9.825261E-02 9.836216E-02 9.846606E-02 9.861238E-02 9.869841E-02 9.875562E-02 9.882834E-02 .0989561 9.905552E-02 9.919963E-02 9.930723E-02 9.941449E-02 .0994914 9.964871E-02 9.972585E-02 9.978703E-02 9.985167E-02 9.993134E-02 .1000018 .1000655 .1001303 .1002593 .1003323 .1003903 .1004289 .1004591 .1004861 9.980736E-02 9.986667E-02 9.991788E-02 9.998168E-02
.0938005 9.403138E-02 9.420319E-02 9.440793E-02 9.459924E-02 9.478815E-02 9.495675E-02 9.510844E-02 9.527991E-02 9.548493E-02 .0956677 9.581362E-02 9.602382E-02 9.617358E-02 .096347 9.649269E-02 9.667572E-02 9.679981E-02 9.692786E-02 9.705679E-02 9.723076E-02 9.733653E-02 9.743041E-02 9.755006E-02 9.765664E-02 9.778786E-02 .0978911 9.799705E-02 9.811419E-02 9.823547E-02 9.834629E-02 9.846434E-02 9.858997E-02 9.866545E-02 9.871598E-02 9.880971E-02 9.897427E-02 9.910098E-02 9.922212E-02 9.931765E-02 9.938645E-02 .0994637 9.953687E-02 .0996969 9.976366E-02 9.983642E-02 9.991883E-02 .1000106 .1001244 .1002253 .1002644 .1003213 .1003664 .1004012 .1004277 9.974923E-02 9.977899E-02 9.979307E-02 9.986439E-02 9.993703E-02 9.997388E-02
9.402587E-02 9.419933E-02 .0943856 9.458406E-02 9.479907E-02 .0949754 9.511156E-02 9.527289E-02 9.546507E-02 9.563074E-02 .0957547 .095928 9.615645E-02 9.631667E-02 9.645294E-02 9.659691E-02 .0967151 9.689456E-02 9.705605E-02 9.719737E-02 9.729534E-02 9.739961E-02 .0975339 9.766013E-02 9.775209E-02 9.788533E-02 9.800524E-02 9.809713E-02 9.820915E-02 9.834631E-02 9.843758E-02 .0985459 9.862226E-02 .0986931 9.886279E-02 9.898962E-02 9.911761E-02 9.919705E-02 9.928311E-02 9.935461E-02 9.943159E-02 9.951873E-02 9.959783E-02 9.974602E-02 9.982279E-02 9.995463E-02 .1001111 .1001669 .1002266 .1002647 .1003067 .1003481 .1003714 .1003915 9.969838E-02 9.973133E-02 9.976601E-02 9.982038E-02 9.987274E-02 9.995961E-02 .1001069
