inputs/Middelgrunden/Resource grid 1   Sector 2   Height 64m   Weibull-A.grd
DSAA
 111           201 
 728800        731000
 6176000       6180000
 6.732592      6.758048
[rows 56 to 83 of 201, columns 0 to 62 of 111]
6.756493 6.756082 6.755959 6.756067 6.756167 6.756307 6.756252 6.756381 6.75648 6.756407 6.756399 6.756611 6.75664 6.756266 6.755951 6.756306 6.75605 6.75598 6.756159 6.756346 6.756565 6.756844 6.75679 6.756935 6.756446 6.756454 6.756801 6.756783 6.756776 6.75692 6.756915 6.756905 6.756958 6.756996 6.757042 6.756641 6.756729 6.757095 6.757085 6.757045 6.756773 6.756838 6.756817 6.75702 6.756993 6.756997 6.756593 6.756417 6.756779 6.756804 6.756772 6.756714 6.756696 6.756796 6.757153 6.757215 6.757162 6.757002 6.757011 6.757165 6.757161 6.757178 6.756876
6.756556 6.756422 6.756044 6.756032 6.756103 6.756302 6.75617 6.756313 6.756395 6.756439 6.756414 6.756804 6.756594 6.756644 6.755972 6.75635 6.756328 6.756127 6.756138 6.756343 6.756477 6.756736 6.756795 6.756779 6.756961 6.756508 6.756488 6.756835 6.756773 6.756796 6.756899 6.756887 6.756679 6.757019 6.757049 6.756995 6.756772 6.756767 6.757103 6.757154 6.756843 6.756829 6.756808 6.756977 6.757 6.757013 6.756919 6.7566 6.756431 6.756779 6.756791 6.756711 6.756641 6.756759 6.757112 6.757135 6.757169 6.757138 6.756999 6.757002 6.757167 6.757171 6.75717
6.75655 6.75663 6.756141 6.755973 6.75601 6.756308 6.75634 6.756312 6.75635 6.75644 6.756355 6.756325 6.756631 6.756639 6.756301 6.756066 6.756408 6.756379 6.756162 6.756412 6.756418 6.756636 6.756784 6.756769 6.756961 6.756855 6.75651 6.756847 6.7568 6.756817 6.756803 6.756932 6.756979 6.757031 6.757052 6.757032 6.757004 6.756786 6.756845 6.757165 6.756872 6.75685 6.756815 6.756959 6.757008 6.756983 6.756938 6.75692 6.756607 6.756467 6.75677 6.75671 6.756649 6.756775 6.756765 6.757057 6.757082 6.757139 6.757166 6.757017 6.757034 6.757195 6.757169
6.756648 6.756544 6.756446 6.756065 6.756026 6.756101 6.75633 6.75631 6.756317 6.7564 6.756402 6.756365 6.756794 6.756608 6.756661 6.756031 6.756094 6.756405 6.756245 6.756362 6.756422 6.756569 6.756816 6.756803 6.756803 6.75696 6.756512 6.756473 6.756812 6.756817 6.756834 6.757001 6.757041 6.757386 6.757053 6.75704 6.757058 6.757043 6.756828 6.75716 6.757173 6.756935 6.75678 6.756989 6.756972 6.756994 6.756917 6.756898 6.756881 6.756459 6.756469 6.756744 6.756726 6.756794 6.756748 6.757058 6.757071 6.757104 6.757095 6.757112 6.75706 6.757062 6.75719
6.756688 6.756576 6.756648 6.756347 6.756023 6.756041 6.756341 6.756445 6.756334 6.756408 6.756425 6.756408 6.756798 6.756623 6.756645 6.756333 6.756115 6.756436 6.75637 6.756379 6.756412 6.756572 6.7568 6.756834 6.756808 6.756924 6.756799 6.756506 6.756507 6.756813 6.756857 6.756927 6.757053 6.757082 6.757388 6.757039 6.757051 6.75707 6.756704 6.756868 6.757163 6.756936 6.756815 6.756992 6.756977 6.757012 6.756921 6.756921 6.756852 6.756926 6.756461 6.756551 6.756806 6.756791 6.756783 6.756809 6.757072 6.757056 6.757115 6.757137 6.757137 6.756976 6.75703
6.756712 6.756645 6.756668 6.756421 6.756113 6.756098 6.75628 6.75646 6.756334 6.756358 6.756399 6.756444 6.756691 6.7568 6.756604 6.756351 6.756105 6.756126 6.756385 6.75667 6.756425 6.756541 6.756751 6.756863 6.756826 6.75679 6.75693 6.75684 6.756475 6.756498 6.756919 6.756887 6.756915 6.757098 6.757453 6.757111 6.757063 6.757056 6.757051 6.756841 6.756849 6.756922 6.756834 6.756982 6.757003 6.75699 6.756926 6.756913 6.756883 6.756919 6.756991 6.756547 6.756545 6.756784 6.756798 6.756804 6.757111 6.7571 6.757102 6.757119 6.757102 6.757115 6.756971
6.756692 6.75669 6.756631 6.756438 6.756426 6.756112 6.756124 6.756448 6.75651 6.756362 6.756448 6.756454 6.75643 6.756827 6.756668 6.756691 6.756395 6.756233 6.756158 6.756495 6.756503 6.756522 6.756709 6.756882 6.756863 6.756859 6.756795 6.756958 6.756793 6.756494 6.75685 6.756918 6.756925 6.757072 6.757355 6.757333 6.757019 6.757073 6.757045 6.757018 6.756824 6.756887 6.756828 6.757011 6.756988 6.75698 6.756898 6.756917 6.756893 6.756994 6.756981 6.756986 6.756497 6.756652 6.756821 6.756811 6.757111 6.75712 6.757117 6.757121 6.757101 6.757094 6.757111
6.756687 6.756692 6.756648 6.756635 6.756467 6.75623 6.756191 6.756341 6.756521 6.756359 6.756396 6.756429 6.756451 6.756753 6.756871 6.756694 6.756425 6.756505 6.75621 6.756546 6.756711 6.756506 6.756706 6.756913 6.756909 6.756893 6.756914 6.756983 6.756832 6.756527 6.756538 6.75685 6.756902 6.756909 6.757017 6.757355 6.757331 6.757085 6.757062 6.75705 6.756999 6.756893 6.756503 6.756986 6.756989 6.756958 6.756915 6.756901 6.756968 6.756957 6.757007 6.756968 6.756931 6.756577 6.756673 6.756832 6.756828 6.75715 6.757146 6.757116 6.757122 6.757097 6.757111
6.756736 6.756762 6.756668 6.756647 6.756399 6.756443 6.756282 6.756262 6.756534 6.756523 6.756335 6.756484 6.756531 6.756781 6.756857 6.756856 6.756414 6.756567 6.756244 6.756318 6.756595 6.756799 6.756652 6.756835 6.756896 6.756932 6.75693 6.756883 6.757057 6.756849 6.756521 6.756477 6.756821 6.756855 6.756951 6.757384 6.757329 6.757324 6.757083 6.757077 6.757092 6.757209 6.756578 6.756722 6.756992 6.756948 6.756868 6.756918 6.756949 6.75694 6.756956 6.756961 6.75696 6.756976 6.756588 6.756842 6.756864 6.75716 6.757133 6.757133 6.757133 6.757116 6.75709
6.756532 6.756813 6.756765 6.75661 6.756586 6.756454 6.756592 6.756247 6.756441 6.756488 6.756328 6.756437 6.756441 6.756802 6.756786 6.756855 6.756482 6.756471 6.756549 6.756371 6.756331 6.756753 6.756654 6.756813 6.756909 6.756908 6.756905 6.756894 6.75703 6.756864 6.756828 6.756491 6.756495 6.756817 6.756888 6.757354 6.757331 6.757329 6.757125 6.757116 6.757143 6.757201 6.757204 6.756767 6.756998 6.756996 6.756905 6.756959 6.75697 6.756972 6.75697 6.756997 6.756964 6.756978 6.756605 6.756618 6.756871 6.756888 6.757163 6.75713 6.757115 6.757131 6.757118
6.756564 6.756801 6.756817 6.756643 6.756672 6.756469 6.756589 6.756387 6.756352 6.756415 6.756483 6.756396 6.756466 6.756504 6.756775 6.756859 6.756925 6.756468 6.756599 6.756732 6.756325 6.7566 6.756808 6.7567 6.756931 6.756875 6.756842 6.75686 6.756876 6.756938 6.756835 6.756821 6.756454 6.756812 6.756857 6.756883 6.757346 6.757377 6.757379 6.757163 6.757154 6.757208 6.757078 6.756564 6.756749 6.757048 6.75696 6.756975 6.756973 6.756927 6.756979 6.756976 6.756982 6.756999 6.757003 6.756633 6.756658 6.75687 6.75715 6.757135 6.757135 6.757129 6.757103
6.756659 6.756835 6.756871 6.756695 6.75674 6.75672 6.75658 6.756643 6.756324 6.756418 6.756509 6.756361 6.756489 6.756464 6.756751 6.756889 6.756904 6.756525 6.756606 6.756734 6.756354 6.756282 6.756752 6.756936 6.756883 6.756867 6.756867 6.756875 6.756875 6.756818 6.756823 6.75678 6.756551 6.75654 6.756875 6.756891 6.757239 6.757308 6.757373 6.757443 6.757135 6.757174 6.757059 6.756768 6.756741 6.756699 6.757015 6.756995 6.756943 6.756953 6.756979 6.756992 6.756994 6.757016 6.757021 6.757024 6.756638 6.756632 6.756909 6.757141 6.757138 6.757108 6.757082
6.75659 6.756753 6.756841 6.756831 6.756668 6.756733 6.75659 6.756629 6.756389 6.756402 6.756445 6.756473 6.756474 6.756528 6.756834 6.756817 6.756927 6.756622 6.75647 6.756725 6.756661 6.756293 6.756296 6.756864 6.756872 6.756918 6.756878 6.756903 6.756893 6.756891 6.756949 6.75681 6.756825 6.756529 6.756548 6.756911 6.757236 6.757312 6.757336 6.757359 6.757413 6.757175 6.757044 6.757056 6.756988 6.756726 6.756722 6.756968 6.756938 6.756976 6.75699 6.756991 6.757064 6.757022 6.757004 6.757002 6.757007 6.756629 6.75661 6.757126 6.757133 6.757103 6.757097
6.757043 6.756694 6.756793 6.756842 6.7567 6.756814 6.756614 6.756646 6.756672 6.756346 6.756455 6.756523 6.75642 6.756516 6.756809 6.756832 6.756939 6.756628 6.756573 6.756622 6.756593 6.756515 6.756271 6.756734 6.757021 6.756986 6.756971 6.756971 6.756946 6.756924 6.756883 6.756992 6.756845 6.756841 6.756584 6.75665 6.756914 6.757211 6.757314 6.757316 6.757327 6.757171 6.757065 6.757083 6.757001 6.757019 6.756733 6.756673 6.756967 6.75697 6.756976 6.757045 6.757071 6.756992 6.757019 6.756986 6.75699 6.757017 6.75664 6.756885 6.757108 6.757084 6.757078
6.757002 6.756693 6.75678 6.756821 6.756741 6.756832 6.75677 6.75661 6.756649 6.75647 6.756448 6.756405 6.756485 6.756553 6.756524 6.756812 6.756817 6.756891 6.756537 6.756599 6.756611 6.756511 6.756264 6.756329 6.756971 6.75729 6.757032 6.756972 6.756964 6.756922 6.756925 6.757 6.756856 6.756879 6.756902 6.756663 6.756959 6.757214 6.75717 6.757268 6.757271 6.757378 6.757074 6.757099 6.757022 6.756938 6.756985 6.756717 6.756699 6.756982 6.756991 6.757027 6.757112 6.75706 6.757015 6.757011 6.75701 6.757029 6.757009 6.756603 6.756852 6.757087 6.757087
6.756866 6.756631 6.756683 6.756794 6.756836 6.756741 6.756768 6.756597 6.756669 6.756688 6.756521 6.756444 6.756468 6.756502 6.756525 6.75682 6.756842 6.756866 6.756562 6.756648 6.756589 6.756607 6.756571 6.756345 6.756634 6.757213 6.757082 6.757006 6.756994 6.756937 6.756943 6.756932 6.757009 6.756908 6.756908 6.756682 6.756669 6.757191 6.757185 6.757249 6.75733 6.757368 6.757326 6.757051 6.757288 6.756948 6.756929 6.757011 6.756751 6.757031 6.757036 6.757061 6.757098 6.757056 6.757044 6.757069 6.757042 6.757003 6.757013 6.756849 6.756872 6.75686 6.757083
6.756761 6.757026 6.756748 6.756817 6.756837 6.756727 6.756817 6.756742 6.756635 6.756689 6.756739 6.756487 6.75641 6.756536 6.756547 6.756809 6.756824 6.756887 6.756574 6.756695 6.756652 6.756629 6.756571 6.756601 6.756441 6.757142 6.757329 6.75705 6.756969 6.756936 6.756942 6.75694 6.757076 6.756913 6.756918 6.756964 6.756711 6.756651 6.757216 6.75719 6.757354 6.757362 6.757288 6.757309 6.757265 6.756959 6.756969 6.756942 6.756772 6.75676 6.757032 6.757057 6.757124 6.757093 6.757057 6.757044 6.757056 6.757034 6.757023 6.756994 6.756875 6.756866 6.756851
6.756762 6.756999 6.756661 6.756802 6.756816 6.75678 6.756793 6.756755 6.756595 6.756623 6.75669 6.756586 6.756441 6.756423 6.756574 6.756886 6.756801 6.756821 6.756582 6.756715 6.756769 6.756612 6.756585 6.756639 6.756409 6.756782 6.757326 6.757332 6.757017 6.756946 6.75695 6.756966 6.756959 6.757064 6.756947 6.756968 6.757005 6.756723 6.75695 6.757225 6.75731 6.757423 6.757352 6.757319 6.757199 6.756876 6.756886 6.75694 6.757052 6.756789 6.756767 6.757068 6.757135 6.75714 6.757065 6.757052 6.75703 6.757015 6.756993 6.757037 6.757005 6.757123 6.756876
6.75677 6.756805 6.756608 6.756716 6.756824 6.756837 6.756712 6.75675 6.756547 6.756649 6.756708 6.756782 6.756436 6.756391 6.756633 6.756643 6.756855 6.756857 6.756889 6.756742 6.756721 6.756687 6.756675 6.756632 6.75666 6.756574 6.756992 6.757291 6.757074 6.756973 6.756971 6.756998 6.756988 6.756988 6.757102 6.756968 6.757036 6.756981 6.756952 6.757257 6.75733 6.75742 6.757331 6.757349 6.75746 6.757152 6.756901 6.756918 6.756948 6.757049 6.756798 6.756845 6.757143 6.757139 6.757073 6.757049 6.75704 6.757009 6.756997 6.756989 6.757009 6.757274 6.757105
6.756764 6.756745 6.756922 6.756716 6.756813 6.756775 6.756744 6.75675 6.756727 6.756669 6.756696 6.756746 6.756607 6.756405 6.756477 6.756637 6.756839 6.756815 6.75686 6.756783 6.75676 6.756779 6.756635 6.756637 6.756696 6.756752 6.756905 6.757339 6.757308 6.757033 6.757005 6.757022 6.757073 6.757057 6.757167 6.756975 6.757015 6.75701 6.756688 6.757 6.757355 6.757343 6.757321 6.75735 6.757512 6.757426 6.756934 6.756923 6.756918 6.756876 6.756993 6.756765 6.756897 6.757174 6.757086 6.757047 6.756989 6.756998 6.75699 6.756969 6.756986 6.756999 6.757292
6.756906 6.756766 6.756694 6.756735 6.756822 6.7568 6.756752 6.756793 6.756729 6.756588 6.756662 6.756759 6.756801 6.75652 6.756422 6.756732 6.756863 6.756814 6.756858 6.756817 6.75679 6.756858 6.756799 6.756606 6.75669 6.756699 6.75669 6.757113 6.757365 6.75733 6.757044 6.757074 6.757083 6.757093 6.757045 6.757135 6.75696 6.75703 6.756997 6.757029 6.757089 6.75733 6.757215 6.757343 6.757544 6.757462 6.757183 6.756941 6.756897 6.75687 6.7569 6.757 6.756878 6.756876 6.757022 6.75701 6.756977 6.756977 6.756977 6.756965 6.756964 6.756989 6.757281
6.756668 6.756711 6.756669 6.756597 6.756773 6.756857 6.756917 6.756755 6.756741 6.756727 6.756691 6.75672 6.756785 6.756814 6.756418 6.75658 6.756882 6.756853 6.75684 6.756721 6.756755 6.756751 6.756816 6.756698 6.756729 6.756707 6.75688 6.757062 6.757174 6.757422 6.757194 6.757074 6.757056 6.757035 6.757064 6.757146 6.756985 6.75707 6.757027 6.75729 6.757107 6.75709 6.757247 6.757321 6.757542 6.757442 6.757448 6.75694 6.756909 6.756918 6.756883 6.756959 6.757069 6.75686 6.757003 6.75695 6.756972 6.756961 6.756982 6.75694 6.756964 6.757009 6.757009
6.756683 6.756844 6.756653 6.756721 6.756804 6.756853 6.75686 6.756774 6.756792 6.756785 6.756732 6.756744 6.756779 6.756792 6.756523 6.756481 6.756659 6.756858 6.756828 6.756968 6.756813 6.756815 6.756879 6.756811 6.756675 6.756768 6.756828 6.757175 6.757179 6.757399 6.757355 6.757082 6.757098 6.75708 6.757044 6.757043 6.75717 6.757061 6.757037 6.757035 6.757369 6.757096 6.757223 6.757229 6.757325 6.757453 6.757418 6.757141 6.756932 6.756919 6.756883 6.756879 6.757051 6.756794 6.756742 6.756967 6.756938 6.756938 6.756908 6.756963 6.756951 6.756964 6.756993
6.756651 6.756851 6.756624 6.756724 6.756782 6.756891 6.756868 6.756803 6.756863 6.75681 6.756772 6.756723 6.756791 6.75678 6.756732 6.756416 6.756674 6.7569 6.756845 6.756971 6.756838 6.756838 6.756874 6.756821 6.756691 6.756773 6.75679 6.757032 6.757195 6.757205 6.757369 6.757373 6.757091 6.757065 6.757069 6.75705 6.757055 6.757084 6.757095 6.757018 6.757334 6.757072 6.756987 6.757236 6.757178 6.757467 6.757427 6.757158 6.757129 6.756917 6.756897 6.756879 6.756967 6.756985 6.756721 6.756686 6.756931 6.756923 6.75693 6.756912 6.756939 6.756979 6.757019
6.756683 6.756816 6.756692 6.756641 6.756586 6.756876 6.756907 6.756844 6.756838 6.75683 6.756807 6.756711 6.756761 6.756782 6.756763 6.756473 6.756602 6.756985 6.756874 6.757021 6.756788 6.756847 6.756817 6.756822 6.756795 6.756721 6.756791 6.756969 6.75728 6.757227 6.757187 6.757409 6.757195 6.757072 6.757036 6.757033 6.757031 6.757149 6.757066 6.757005 6.757338 6.757343 6.757002 6.757015 6.757191 6.757414 6.757422 6.757428 6.757136 6.757148 6.756908 6.756956 6.756967 6.756901 6.756907 6.756662 6.75667 6.756892 6.756942 6.756972 6.756999 6.757011 6.756993
6.756637 6.75661 6.756744 6.756737 6.756733 6.756892 6.756936 6.756863 6.756828 6.756888 6.756837 6.75675 6.756756 6.756737 6.756781 6.756708 6.7565 6.756971 6.756917 6.757061 6.756759 6.75685 6.756815 6.756839 6.756835 6.756794 6.756725 6.756902 6.757188 6.757452 6.757246 6.75743 6.757326 6.757064 6.75708 6.757073 6.757079 6.757048 6.757187 6.756986 6.757055 6.757367 6.757257 6.757015 6.756931 6.757318 6.757446 6.757426 6.757149 6.757135 6.756917 6.756931 6.75687 6.756903 6.756919 6.756885 6.756635 6.756678 6.756909 6.756994 6.75701 6.757023 6.757019
6.756772 6.756558 6.756814 6.756844 6.756708 6.756721 6.756898 6.756888 6.756856 6.756865 6.7568 6.756788 6.756727 6.756797 6.756824 6.756741 6.756494 6.756638 6.756955 6.757035 6.757037 6.756791 6.756843 6.75688 6.756813 6.756783 6.756764 6.756867 6.757096 6.757379 6.757223 6.757148 6.757376 6.757373 6.757111 6.75707 6.75707 6.757031 6.757166 6.75702 6.757072 6.757367 6.757283 6.757251 6.756934 6.75733 6.757323 6.757423 6.757151 6.75712 6.757107 6.756884 6.756878 6.756907 6.756866 6.756905 6.756897 6.756681 6.756715 6.756964 6.756989 6.757027 6.757025
6.756834 6.756658 6.756783 6.756779 6.756703 6.756572 6.756818 6.756876 6.756854 6.756822 6.756849 6.75683 6.756712 6.756781 6.756787 6.756724 6.756668 6.756668 6.756984 6.757051 6.757043 6.756788 6.756852 6.756815 6.756815 6.756765 6.756828 6.756792 6.757029 6.757334 6.757428 6.757174 6.757182 6.757331 6.757149 6.757079 6.75707 6.757067 6.757138 6.757253 6.757076 6.75735 6.757264 6.757217 6.756952 6.757102 6.757348 6.757451 6.757419 6.757137 6.757082 6.757093 6.756877 6.75692 6.756863 6.75682 6.756912 6.756928 6.756738 6.75695 6.756964 6.75695 6.757001
