inputs/Middelgrunden/Resource grid 1   Sector 5   Height 64m   Weibull-A.grd
DSAA
 111           201 
 728800        731000
 6176000       6180000
 9.496202      9.696421
[rows 140 to 167 of 201, columns 0 to 62 of 111]
9.656475 9.656326 9.656166 9.656057 9.655973 9.6558 9.65544 9.65494 9.654328 9.653899 9.653843 9.653391 9.652781 9.652455 9.652136 9.651928 9.651728 9.65157 9.651861 9.651745 9.650737 9.650581 9.650832 9.650986 9.651114 9.651228 9.651259 9.651295 9.649218 9.651351 9.651919 9.651731 9.651333 9.651124 9.65121 9.650802 9.650888 9.651058 9.651008 9.650787 9.650349 9.649758 9.650243 9.649525 9.649658 9.649348 9.649044 9.649029 9.648669 9.64817 9.647645 9.647042 9.646348 9.646322 9.646252 9.646336 9.645871 9.6459 9.64503 9.645221 9.644883 9.644994 9.645296
9.65683 9.65677 9.656695 9.656512 9.656281 9.655806 9.655348 9.655303 9.655065 9.654553 9.65403 9.653566 9.653143 9.652884 9.652642 9.652414 9.652966 9.652774 9.651838 9.651318 9.651484 9.651758 9.652019 9.652174 9.6521 9.652237 9.652245 9.652276 9.65289 9.652809 9.652457 9.652141 9.651896 9.651517 9.651704 9.651898 9.651936 9.651747 9.651441 9.650801 9.650067 9.650544 9.65068 9.650407 9.650113 9.650216 9.649839 9.649329 9.648775 9.648299 9.647537 9.647554 9.646864 9.646782 9.646662 9.646708 9.646422 9.646558 9.645821 9.645839 9.646001 9.646223 9.646491
9.657249 9.657273 9.657115 9.656815 9.656493 9.656218 9.655917 9.655502 9.655088 9.654608 9.654144 9.65389 9.653575 9.653357 9.653747 9.653663 9.653318 9.652128 9.652265 9.652462 9.652741 9.65295 9.652968 9.653056 9.653166 9.653215 9.653909 9.653896 9.653622 9.653193 9.65294 9.652824 9.652669 9.652695 9.652658 9.652576 9.653383 9.652842 9.65222 9.651541 9.651715 9.651433 9.651307 9.651341 9.651039 9.650531 9.649981 9.64924 9.648655 9.648268 9.647856 9.647812 9.647758 9.647532 9.647503 9.64678 9.646875 9.646548 9.646779 9.64695 9.6473 9.647784 9.647918
9.657799 9.657661 9.65774 9.657384 9.65678 9.656284 9.655942 9.655563 9.655084 9.654699 9.65449 9.654144 9.654544 9.654448 9.654572 9.653144 9.653131 9.653293 9.653464 9.653727 9.653737 9.653933 9.654207 9.654169 9.653925 9.654847 9.654633 9.654187 9.653767 9.653646 9.653277 9.653501 9.653635 9.653575 9.653251 9.653672 9.653101 9.652559 9.6522 9.652284 9.652243 9.652513 9.652052 9.651578 9.651015 9.650351 9.649948 9.649621 9.649086 9.648942 9.648775 9.648617 9.648453 9.648275 9.648088 9.647425 9.647541 9.647693 9.647983 9.648766 9.648895 9.649063 9.649151
9.658633 9.658266 9.657894 9.657353 9.656819 9.656477 9.655919 9.655581 9.655282 9.655076 9.655422 9.655381 9.655344 9.654192 9.653904 9.654078 9.654299 9.654452 9.654597 9.654568 9.655053 9.655023 9.654799 9.655594 9.65549 9.65525 9.654886 9.654484 9.653897 9.654027 9.655093 9.654198 9.654141 9.654635 9.653959 9.65347 9.653282 9.653291 9.653176 9.653593 9.653363 9.652745 9.652122 9.651692 9.651288 9.650836 9.650351 9.65005 9.649912 9.649726 9.649378 9.649112 9.648512 9.648476 9.648438 9.648676 9.648933 9.649393 9.650023 9.649931 9.650161 9.650056 9.650215
9.658793 9.658434 9.657784 9.657265 9.656919 9.656389 9.656119 9.655796 9.65637 9.656383 9.65624 9.655706 9.654641 9.654861 9.655075 9.655161 9.655135 9.655192 9.655549 9.655688 9.655632 9.656496 9.656366 9.656285 9.656155 9.655742 9.654935 9.65486 9.655663 9.65559 9.654654 9.654379 9.655023 9.654342 9.654163 9.654337 9.654077 9.654471 9.654407 9.653874 9.653251 9.652891 9.652553 9.652122 9.65163 9.651175 9.651052 9.650805 9.650359 9.650079 9.649711 9.649741 9.649193 9.649432 9.649868 9.650087 9.650506 9.650676 9.650968 9.650952 9.650949 9.651654 9.651762
9.658751 9.65808 9.657572 9.657187 9.656947 9.656735 9.657078 9.656931 9.657118 9.656805 9.655412 9.655542 9.655762 9.656004 9.65597 9.65596 9.656281 9.656475 9.656329 9.656327 9.657453 9.657317 9.657253 9.657024 9.655863 9.655697 9.655424 9.656254 9.655199 9.655057 9.65459 9.655316 9.655152 9.655022 9.655004 9.655255 9.655068 9.654831 9.654523 9.654099 9.653684 9.653321 9.65292 9.652411 9.652093 9.651769 9.651457 9.650999 9.650738 9.650015 9.650417 9.650204 9.650503 9.650821 9.651178 9.651374 9.652336 9.652418 9.652333 9.652365 9.652454 9.652791 9.653368
9.658554 9.65805 9.657828 9.657617 9.658081 9.657929 9.657858 9.65781 9.656362 9.656309 9.65649 9.656801 9.656895 9.656751 9.65682 9.657206 9.65719 9.657115 9.658275 9.65831 9.65817 9.658034 9.655809 9.656584 9.656312 9.656038 9.656765 9.655786 9.655384 9.656032 9.655917 9.655835 9.656067 9.656319 9.655974 9.65579 9.655505 9.65521 9.654773 9.654332 9.653925 9.653564 9.65294 9.652751 9.652485 9.652043 9.65164 9.65146 9.650758 9.651025 9.651181 9.651353 9.651729 9.652223 9.652934 9.65319 9.653235 9.653194 9.6532 9.65356 9.654377 9.654499 9.654762
9.658492 9.658364 9.658894 9.658922 9.658778 9.658709 9.65766 9.65725 9.657173 9.657681 9.657691 9.657686 9.657649 9.657955 9.657929 9.658109 9.659142 9.6592 9.659228 9.659121 9.658823 9.656459 9.657135 9.656872 9.657579 9.657385 9.656193 9.655735 9.656842 9.656629 9.65699 9.657283 9.657218 9.657005 9.656535 9.656207 9.655839 9.655419 9.65498 9.65447 9.653993 9.653576 9.653348 9.653047 9.652835 9.652617 9.652078 9.651813 9.651944 9.652089 9.652286 9.652556 9.652957 9.653798 9.654006 9.654007 9.654073 9.654484 9.655035 9.655231 9.655337 9.655668 9.656003
9.659609 9.659586 9.659646 9.659557 9.659155 9.65793 9.658271 9.658357 9.658379 9.658524 9.658457 9.65881 9.658771 9.658902 9.660103 9.660199 9.660124 9.660067 9.659888 9.657635 9.657162 9.657697 9.657421 9.658128 9.656962 9.656621 9.656555 9.657743 9.657784 9.658175 9.65828 9.658062 9.65766 9.657269 9.656871 9.656549 9.655986 9.655516 9.654906 9.654415 9.654246 9.654099 9.653915 9.653701 9.65336 9.652538 9.652613 9.652785 9.653065 9.653236 9.653492 9.654512 9.654667 9.654848 9.654879 9.65536 9.655784 9.655879 9.655945 9.656138 9.656395 9.656672 9.656587
9.660364 9.660404 9.660261 9.658997 9.659025 9.659177 9.659141 9.659159 9.65906 9.659354 9.659564 9.659563 9.659729 9.661109 9.660995 9.660918 9.660763 9.6587 9.658393 9.657751 9.658253 9.658943 9.658796 9.657517 9.657369 9.6573 9.65832 9.659084 9.659277 9.659156 9.658811 9.658364 9.657951 9.657673 9.657243 9.656522 9.655964 9.655365 9.655258 9.655188 9.65506 9.654769 9.654368 9.65366 9.653047 9.653491 9.653673 9.653946 9.654164 9.655069 9.655212 9.655347 9.655791 9.656281 9.656376 9.656493 9.65669 9.656768 9.65691 9.657012 9.657297 9.656992 9.656731
9.661254 9.660075 9.659817 9.659915 9.659867 9.659806 9.659889 9.660169 9.660235 9.660356 9.660416 9.661759 9.661756 9.661673 9.661473 9.659483 9.659203 9.658925 9.659358 9.658858 9.659652 9.65936 9.658333 9.658054 9.659273 9.660054 9.660187 9.66013 9.65999 9.659668 9.659132 9.658671 9.65816 9.657528 9.657009 9.656477 9.656131 9.656023 9.65592 9.655617 9.655227 9.6548 9.654166 9.654243 9.654355 9.654592 9.654865 9.655655 9.655862 9.655991 9.656549 9.657116 9.657174 9.657273 9.65728 9.657384 9.657376 9.657537 9.657663 9.657695 9.65749 9.657162 9.656768
9.661896 9.660634 9.660516 9.660493 9.660562 9.660811 9.660984 9.661132 9.661254 9.66244 9.662459 9.662477 9.662333 9.660352 9.660092 9.659867 9.659622 9.660032 9.659655 9.660126 9.65907 9.659035 9.660093 9.660977 9.661427 9.661473 9.66137 9.661293 9.660883 9.660269 9.659075 9.658553 9.658081 9.657598 9.657315 9.657001 9.656786 9.656457 9.656166 9.655792 9.655183 9.65473 9.655068 9.655315 9.655525 9.656421 9.656655 9.656713 9.657356 9.657826 9.658105 9.658123 9.657973 9.658018 9.658133 9.658091 9.658124 9.658267 9.658176 9.657754 9.657512 9.657558 9.657001
9.661441 9.661428 9.661426 9.661524 9.661757 9.661961 9.661934 9.661878 9.663119 9.663006 9.662966 9.661778 9.660876 9.66066 9.660422 9.66 9.66056 9.660027 9.660764 9.659986 9.661082 9.662416 9.662302 9.662256 9.662216 9.662099 9.661725 9.661214 9.660626 9.660196 9.659732 9.659309 9.658348 9.657905 9.657642 9.657327 9.657018 9.656759 9.65636 9.655758 9.655527 9.655966 9.656224 9.657022 9.657262 9.657576 9.658157 9.658385 9.658736 9.659068 9.658905 9.658669 9.658708 9.658755 9.658749 9.658766 9.658744 9.658433 9.658294 9.657774 9.657859 9.65742 9.657311
9.662227 9.662219 9.662399 9.662523 9.662653 9.662601 9.663915 9.663754 9.663753 9.664175 9.662766 9.662023 9.661711 9.661475 9.660463 9.660844 9.661695 9.661701 9.661934 9.663078 9.663251 9.663021 9.66292 9.662839 9.662673 9.662225 9.661734 9.661235 9.660857 9.660527 9.659958 9.659397 9.658458 9.658194 9.657825 9.65756 9.657317 9.656804 9.656155 9.656812 9.656854 9.657696 9.657872 9.658484 9.658929 9.659093 9.659391 9.659671 9.659888 9.659655 9.659378 9.659357 9.65937 9.659333 9.659286 9.659163 9.658805 9.658495 9.658598 9.658183 9.657971 9.6582 9.658152
9.662966 9.663072 9.663145 9.663502 9.66457 9.664538 9.664456 9.665026 9.663518 9.663344 9.662506 9.662161 9.661883 9.662356 9.662493 9.662502 9.662189 9.663886 9.664074 9.663984 9.663598 9.663521 9.663333 9.663155 9.662677 9.662321 9.661913 9.661502 9.661018 9.660505 9.659855 9.659625 9.659304 9.658358 9.658068 9.657892 9.65739 9.657092 9.658199 9.658317 9.658401 9.659125 9.65958 9.659733 9.65992 9.660269 9.660604 9.660526 9.660394 9.66001 9.659939 9.659976 9.659997 9.659816 9.659582 9.659281 9.658826 9.65896 9.658547 9.658839 9.659001 9.658916 9.659289
9.66392 9.663938 9.664268 9.66536 9.665189 9.665178 9.664312 9.664046 9.66388 9.662904 9.662662 9.662486 9.664058 9.663784 9.663867 9.664704 9.664875 9.664736 9.664536 9.664142 9.663989 9.663885 9.663669 9.663307 9.662902 9.662394 9.661964 9.661499 9.660999 9.660534 9.660301 9.659904 9.659466 9.659358 9.658944 9.657938 9.658528 9.659077 9.659369 9.659923 9.660155 9.660297 9.660561 9.660779 9.661046 9.661202 9.66116 9.661018 9.660653 9.660515 9.660505 9.660589 9.660218 9.659908 9.659546 9.659753 9.659414 9.659425 9.659712 9.65974 9.659962 9.660409 9.660138
9.664533 9.666236 9.666003 9.665705 9.666253 9.664757 9.664556 9.664328 9.663712 9.66503 9.664947 9.664766 9.664477 9.665334 9.665823 9.665474 9.665298 9.665173 9.664817 9.664519 9.66448 9.664285 9.663932 9.663323 9.662844 9.662355 9.661963 9.661446 9.661117 9.660864 9.6605 9.660135 9.659844 9.659447 9.659383 9.65977 9.660165 9.660629 9.660787 9.661016 9.661207 9.661389 9.661597 9.661832 9.661934 9.661842 9.661658 9.661325 9.661165 9.661111 9.661039 9.660501 9.660219 9.659865 9.660052 9.659957 9.660249 9.66048 9.660558 9.660922 9.660964 9.660606 9.660254
9.666612 9.666464 9.66679 9.665364 9.665116 9.665193 9.665921 9.665825 9.665839 9.665655 9.665441 9.665982 9.666049 9.666363 9.666183 9.665891 9.665698 9.665577 9.66534 9.665158 9.664809 9.664369 9.663833 9.663214 9.662792 9.662385 9.661978 9.661706 9.661428 9.661059 9.660992 9.660314 9.659904 9.660154 9.661183 9.661388 9.661479 9.661586 9.661793 9.662036 9.662163 9.662399 9.662488 9.662606 9.662468 9.662254 9.662082 9.661863 9.661839 9.661358 9.660934 9.660507 9.660826 9.660545 9.660846 9.6611 9.661122 9.661525 9.661674 9.661359 9.660954 9.660656 9.660455
9.667521 9.667176 9.665892 9.665897 9.666757 9.666492 9.666578 9.666483 9.666311 9.666718 9.66644 9.666877 9.666777 9.666608 9.666521 9.666367 9.666198 9.665855 9.66555 9.665186 9.664841 9.664311 9.663754 9.663301 9.662717 9.662469 9.662179 9.661851 9.66175 9.661471 9.660898 9.660957 9.661593 9.662152 9.66228 9.662318 9.662464 9.66259 9.6628 9.66303 9.663197 9.663155 9.663182 9.663079 9.662866 9.662732 9.662594 9.662282 9.661792 9.661401 9.661061 9.661265 9.661443 9.661642 9.661855 9.662033 9.662525 9.66219 9.661826 9.66139 9.661025 9.661053 9.661056
9.666549 9.666506 9.667406 9.667245 9.667321 9.667386 9.667227 9.667714 9.667275 9.667363 9.667295 9.667238 9.667281 9.667036 9.666853 9.666597 9.666216 9.665868 9.665553 9.665129 9.664681 9.664105 9.663597 9.66335 9.663049 9.662788 9.662626 9.661695 9.66197 9.661783 9.662272 9.663001 9.66307 9.663013 9.663146 9.663217 9.663353 9.663495 9.663681 9.663682 9.663829 9.663811 9.663728 9.663552 9.663414 9.663266 9.662798 9.662394 9.662099 9.662125 9.661967 9.662156 9.662435 9.662671 9.663086 9.662903 9.662603 9.662246 9.661797 9.661632 9.661651 9.661725 9.66163
9.668126 9.668043 9.668038 9.668127 9.667987 9.668665 9.668231 9.668134 9.667862 9.667976 9.667961 9.667736 9.667525 9.667161 9.66693 9.666602 9.666224 9.665894 9.665491 9.665054 9.664469 9.664027 9.663857 9.66361 9.663444 9.663386 9.663094 9.662889 9.663029 9.663236 9.663784 9.663841 9.663896 9.663857 9.664012 9.664175 9.664186 9.664229 9.664149 9.664246 9.66437 9.66426 9.664109 9.663916 9.663712 9.663263 9.662938 9.662606 9.662577 9.662715 9.66297 9.663066 9.663624 9.663735 9.663412 9.663177 9.662846 9.662449 9.662368 9.662329 9.662242 9.661987 9.661521
9.66878 9.668757 9.668786 9.66937 9.669157 9.668654 9.668547 9.66861 9.668561 9.668443 9.66821 9.668104 9.667656 9.667244 9.666946 9.666625 9.666265 9.665906 9.665515 9.6649 9.664598 9.664439 9.664138 9.664155 9.663312 9.664021 9.663625 9.663803 9.663907 9.664471 9.664468 9.664578 9.664578 9.664756 9.664788 9.664769 9.664841 9.664869 9.664832 9.664914 9.664882 9.664774 9.664407 9.664171 9.663795 9.663526 9.663585 9.663429 9.663479 9.663527 9.664119 9.664497 9.664248 9.663913 9.663576 9.663237 9.662945 9.662951 9.662815 9.662678 9.662592 9.662061 9.661622
9.669449 9.670035 9.669818 9.669662 9.669486 9.66924 9.669156 9.669063 9.668926 9.668733 9.668497 9.668054 9.667692 9.667414 9.667006 9.666688 9.666244 9.665696 9.665298 9.66506 9.664839 9.664829 9.664149 9.665146 9.664588 9.664598 9.664595 9.665225 9.665118 9.665137 9.665202 9.665283 9.665481 9.665397 9.665321 9.665484 9.665491 9.665527 9.665538 9.66536 9.665298 9.665086 9.664783 9.66437 9.664061 9.66435 9.664216 9.664262 9.66465 9.665222 9.664968 9.664561 9.664284 9.663963 9.663744 9.663544 9.663367 9.663351 9.663267 9.663067 9.662531 9.662333 9.66269
9.67062 9.670586 9.670423 9.669888 9.669623 9.669592 9.669405 9.669337 9.66912 9.668926 9.668475 9.66804 9.66774 9.667379 9.666964 9.666477 9.666087 9.665832 9.665627 9.665513 9.665942 9.665173 9.665654 9.665298 9.66549 9.66556 9.665938 9.665874 9.665883 9.665944 9.666115 9.666063 9.666021 9.666017 9.666077 9.66604 9.666203 9.666208 9.665986 9.665751 9.665497 9.665229 9.665038 9.665144 9.664921 9.664907 9.665169 9.66567 9.66575 9.665433 9.665111 9.664906 9.664459 9.664192 9.66402 9.663987 9.663933 9.66396 9.663606 9.66298 9.663162 9.663664 9.663878
9.671204 9.67065 9.670349 9.670262 9.670001 9.669829 9.66971 9.669598 9.66923 9.668853 9.668494 9.668216 9.667832 9.667375 9.666842 9.666504 9.666373 9.666345 9.666718 9.666006 9.665775 9.666171 9.666209 9.666281 9.66628 9.666663 9.666671 9.666677 9.66673 9.666795 9.666707 9.666563 9.666582 9.666656 9.666743 9.666797 9.666916 9.666705 9.666305 9.66599 9.665703 9.665472 9.665697 9.665345 9.665501 9.666057 9.666419 9.666271 9.665844 9.665666 9.66542 9.664968 9.664546 9.66469 9.664695 9.664654 9.664665 9.664169 9.663856 9.664204 9.664509 9.664728 9.664926
9.670984 9.67068 9.670675 9.670462 9.670294 9.67011 9.670006 9.669611 9.669228 9.668945 9.668615 9.668224 9.667802 9.667199 9.667014 9.667028 9.667645 9.666811 9.666819 9.667266 9.666945 9.66704 9.66713 9.667467 9.667427 9.66746 9.667482 9.667458 9.667385 9.667306 9.667157 9.667157 9.667285 9.667429 9.66756 9.667609 9.667281 9.66691 9.6666 9.666011 9.666288 9.666017 9.666022 9.666481 9.667133 9.666983 9.666818 9.666409 9.666113 9.665732 9.665456 9.665201 9.665373 9.665451 9.665463 9.665272 9.664862 9.664611 9.664981 9.665317 9.663122 9.664446 9.664481
9.671128 9.671073 9.670847 9.670689 9.670483 9.670333 9.669963 9.669621 9.669373 9.668984 9.668539 9.668129 9.667672 9.66781 9.668152 9.667481 9.667506 9.667402 9.667795 9.667588 9.667846 9.66785 9.668221 9.668277 9.668294 9.668208 9.668046 9.668015 9.667901 9.667791 9.667807 9.668066 9.668191 9.668271 9.668258 9.667832 9.667322 9.66703 9.666725 9.666855 9.666673 9.666948 9.667653 9.66785 9.667607 9.667365 9.666911 9.666585 9.666247 9.666049 9.665918 9.664463 9.664369 9.666031 9.665727 9.665359 9.66524 9.665646 9.664456 9.664952 9.665147 9.665105 9.665186
