inputs/Middelgrunden/Resource grid 1   Sector 12   Height 64m   Sector frequency.grd
DSAA
 111           201 
 728800        731000
 6176000       6180000
 5.494025E-02  5.575248E-02
[rows 0 to 22 of 201, columns 53 to 105 of 111]
5.571415E-02 5.567122E-02 5.567541E-02 5.567716E-02 5.567831E-02 5.567639E-02 5.567027E-02 5.564956E-02 5.564291E-02 5.563632E-02 5.563055E-02 5.562244E-02 5.561529E-02 5.560893E-02 5.560345E-02 5.558868E-02 5.558506E-02 5.558021E-02 .0556315 5.562891E-02 5.562473E-02 5.562121E-02 5.561476E-02 .0556135 5.560714E-02 5.560404E-02 5.564812E-02 5.564676E-02 .0556393 5.564352E-02 5.563879E-02 5.563618E-02 5.563065E-02 5.562283E-02 5.559582E-02 5.559102E-02 5.558904E-02 5.558532E-02 5.558364E-02 5.558043E-02 5.557627E-02 5.554855E-02 5.554429E-02 5.554061E-02 5.554628E-02 5.554409E-02 5.554019E-02 .0555375 5.554029E-02 5.553765E-02 5.553518E-02 5.554078E-02 5.554065E-02
5.567199E-02 5.567722E-02 5.567363E-02 5.567273E-02 5.567289E-02 5.567842E-02 5.567428E-02 .0556453 5.563721E-02 5.563034E-02 5.561156E-02 5.561751E-02 5.561146E-02 5.560552E-02 .0555995 5.559691E-02 5.558386E-02 5.558062E-02 5.563181E-02 5.562738E-02 5.562283E-02 5.561831E-02 5.561263E-02 5.560879E-02 5.560236E-02 5.559734E-02 5.563993E-02 5.564095E-02 5.563567E-02 5.563656E-02 5.563082E-02 .0556268 5.562162E-02 5.561689E-02 5.559094E-02 5.558635E-02 5.558516E-02 5.558305E-02 5.558011E-02 5.557763E-02 5.557267E-02 5.554779E-02 .0555445 5.554014E-02 .0555438 5.554242E-02 5.554159E-02 5.553919E-02 5.553747E-02 5.553552E-02 5.554383E-02 .0555404 .0555401
5.567108E-02 5.567774E-02 5.567585E-02 5.567108E-02 5.566985E-02 5.567059E-02 5.566313E-02 5.564602E-02 5.563825E-02 5.562731E-02 5.561028E-02 5.560413E-02 5.560609E-02 .0556036 5.559749E-02 5.559537E-02 5.558191E-02 5.562975E-02 5.563106E-02 5.562469E-02 5.562083E-02 5.561575E-02 5.560812E-02 5.560283E-02 5.559775E-02 5.559194E-02 5.563376E-02 5.563077E-02 5.562685E-02 5.562538E-02 5.562779E-02 5.562416E-02 5.561779E-02 5.560496E-02 5.558678E-02 5.558259E-02 .0555827 5.557952E-02 5.557734E-02 .0555724 5.556939E-02 5.554537E-02 .055541 5.553584E-02 5.553422E-02 5.554094E-02 5.553918E-02 5.553726E-02 5.553493E-02 .0555394 5.553754E-02 5.553603E-02 .0555389
5.567594E-02 5.567561E-02 5.567255E-02 5.566801E-02 5.566507E-02 5.566823E-02 5.566112E-02 .0556394 .0556361 5.562864E-02 5.562256E-02 5.560124E-02 5.559514E-02 5.560008E-02 5.559594E-02 5.559263E-02 5.557832E-02 5.562796E-02 5.562646E-02 5.562128E-02 5.561633E-02 5.561025E-02 5.560238E-02 5.559841E-02 5.559335E-02 5.558724E-02 5.562929E-02 5.562808E-02 .0556237 5.561497E-02 5.561014E-02 5.562016E-02 5.561391E-02 5.560365E-02 5.558317E-02 5.558009E-02 5.557961E-02 5.557617E-02 5.557392E-02 5.557064E-02 5.556801E-02 5.556395E-02 5.553873E-02 5.553536E-02 5.553223E-02 5.553791E-02 5.553839E-02 5.553508E-02 .055531 .0555359 5.553542E-02 5.553466E-02 .0555306
5.567835E-02 5.567412E-02 5.566837E-02 .0556643 5.566236E-02 5.566405E-02 5.565664E-02 5.563533E-02 5.562827E-02 5.562236E-02 5.561787E-02 .0556007 5.559064E-02 5.558531E-02 5.558846E-02 5.558867E-02 5.557421E-02 5.562493E-02 5.562103E-02 .055617 5.561239E-02 5.560437E-02 5.559674E-02 5.559498E-02 .0555893 5.558407E-02 5.562745E-02 5.562349E-02 .055618 5.561145E-02 5.560511E-02 5.561154E-02 5.560096E-02 5.559825E-02 5.558158E-02 5.558092E-02 5.557675E-02 5.557518E-02 5.557268E-02 5.556974E-02 5.556631E-02 5.556101E-02 5.553728E-02 5.553272E-02 5.552871E-02 5.553477E-02 5.553335E-02 5.553244E-02 .0555354 5.553376E-02 .0555324 5.553057E-02 5.552716E-02
5.567506E-02 5.566979E-02 5.566265E-02 5.565841E-02 5.565875E-02 .0556582 5.565009E-02 5.562886E-02 5.562193E-02 5.561588E-02 5.561015E-02 5.559292E-02 5.559057E-02 5.558494E-02 5.557673E-02 5.558257E-02 5.562903E-02 5.562046E-02 .0556174 5.561333E-02 5.560828E-02 .0556031 5.559371E-02 5.559177E-02 5.558612E-02 5.558286E-02 5.562377E-02 5.561852E-02 5.561457E-02 5.560698E-02 5.560161E-02 5.559654E-02 .055597 5.559322E-02 .0555758 5.557445E-02 5.557736E-02 5.557694E-02 .0555695 5.556442E-02 5.556292E-02 5.555863E-02 5.555385E-02 5.553072E-02 5.552677E-02 5.552756E-02 5.553179E-02 5.553729E-02 5.553639E-02 5.553377E-02 5.553098E-02 5.552875E-02 5.555843E-02
5.566574E-02 5.566232E-02 5.565761E-02 5.565444E-02 5.565206E-02 5.565274E-02 5.564534E-02 5.562458E-02 5.561718E-02 5.561006E-02 5.560671E-02 5.560187E-02 5.558318E-02 5.558188E-02 5.557659E-02 5.557251E-02 5.562714E-02 5.561515E-02 5.561344E-02 5.561004E-02 5.560542E-02 5.559971E-02 5.559264E-02 5.558935E-02 5.558455E-02 5.557618E-02 5.561706E-02 5.561248E-02 5.560771E-02 5.560105E-02 5.559548E-02 5.558202E-02 5.559197E-02 5.559079E-02 .0555742 5.557093E-02 5.557341E-02 5.557372E-02 5.557135E-02 5.556837E-02 5.556399E-02 5.556065E-02 5.555446E-02 5.553043E-02 5.552743E-02 5.552686E-02 5.553843E-02 5.553739E-02 5.553597E-02 5.553533E-02 .055529 5.555905E-02 5.555598E-02
5.566177E-02 5.565801E-02 5.565567E-02 5.565112E-02 5.564602E-02 5.564735E-02 5.564058E-02 .0556201 5.561251E-02 5.560834E-02 5.560273E-02 5.559774E-02 5.558079E-02 .0555743 5.556832E-02 5.561799E-02 5.561535E-02 5.560881E-02 5.560699E-02 5.560372E-02 5.559921E-02 5.559408E-02 5.558828E-02 5.558667E-02 5.557864E-02 5.557233E-02 5.561469E-02 5.560903E-02 .0556058 5.559792E-02 5.559165E-02 5.558014E-02 5.558077E-02 .0555892 5.557561E-02 5.557398E-02 5.557345E-02 5.556977E-02 .0555655 5.556813E-02 5.556669E-02 5.556427E-02 5.555589E-02 5.554956E-02 5.552623E-02 5.552499E-02 5.553794E-02 .0555368 5.553445E-02 5.553092E-02 5.556137E-02 5.555756E-02 5.555774E-02
5.566112E-02 5.565242E-02 .0556472 .0556439 5.564294E-02 5.564103E-02 5.563414E-02 5.561389E-02 5.560726E-02 5.560204E-02 5.559661E-02 5.559113E-02 5.557462E-02 5.556807E-02 5.556249E-02 5.561069E-02 5.560961E-02 5.559851E-02 5.560832E-02 5.559925E-02 5.559378E-02 5.559388E-02 5.558882E-02 5.558363E-02 5.557667E-02 5.561585E-02 5.560981E-02 5.560497E-02 5.560115E-02 5.559308E-02 5.558172E-02 .0555772 5.557615E-02 5.558923E-02 5.557347E-02 5.557363E-02 5.557346E-02 5.557122E-02 5.556529E-02 5.556337E-02 5.556255E-02 5.556381E-02 5.555777E-02 .0555523 5.552568E-02 5.553264E-02 5.553765E-02 5.553592E-02 5.553065E-02 5.556262E-02 5.556044E-02 .0555602 5.555806E-02
5.565273E-02 .0556489 5.564254E-02 5.563581E-02 5.563568E-02 5.563058E-02 5.562846E-02 5.560803E-02 5.560344E-02 5.559737E-02 5.559262E-02 5.558699E-02 5.558184E-02 5.556423E-02 5.561115E-02 5.560679E-02 5.560588E-02 5.560093E-02 .0555869 5.559751E-02 5.559398E-02 5.558532E-02 5.558482E-02 5.557845E-02 .0555726 5.561211E-02 5.560548E-02 .0555998 5.559758E-02 5.559187E-02 5.557794E-02 5.557511E-02 5.557507E-02 5.557649E-02 5.557307E-02 5.557178E-02 5.557301E-02 5.557085E-02 5.556707E-02 5.556333E-02 .05556 5.555577E-02 5.555327E-02 5.555196E-02 5.553468E-02 .0555331 5.552776E-02 5.553131E-02 5.556124E-02 5.555846E-02 5.555696E-02 5.555505E-02 5.555228E-02
5.564471E-02 5.563944E-02 5.563959E-02 .0556353 5.562821E-02 5.562281E-02 5.560821E-02 5.560159E-02 5.559732E-02 5.559235E-02 5.558748E-02 5.558133E-02 5.557667E-02 5.556143E-02 5.560844E-02 5.560636E-02 5.560402E-02 5.559745E-02 5.558358E-02 5.557812E-02 5.558982E-02 5.558452E-02 5.558029E-02 5.557404E-02 5.556786E-02 5.560738E-02 5.560119E-02 5.559694E-02 5.559546E-02 5.557991E-02 5.557562E-02 5.557353E-02 5.557419E-02 5.557489E-02 5.555929E-02 5.557066E-02 5.557241E-02 5.557046E-02 5.556672E-02 5.556132E-02 5.555676E-02 5.555394E-02 5.554916E-02 5.555192E-02 .0555491 5.552711E-02 5.552574E-02 5.556352E-02 5.555797E-02 5.555451E-02 5.555276E-02 5.555078E-02 5.554957E-02
5.563808E-02 5.563622E-02 5.563156E-02 .0556308 5.562732E-02 5.561806E-02 5.560056E-02 5.559817E-02 .0555924 5.558741E-02 5.558052E-02 5.557622E-02 5.557267E-02 5.556992E-02 5.560449E-02 5.560442E-02 5.560154E-02 5.559361E-02 5.557878E-02 5.557306E-02 5.556626E-02 5.557557E-02 5.557346E-02 5.556665E-02 5.555844E-02 5.560077E-02 5.559666E-02 5.559422E-02 5.559087E-02 5.557702E-02 5.557396E-02 5.557282E-02 .0555721 5.557511E-02 5.556073E-02 5.557245E-02 5.557498E-02 5.557207E-02 5.556631E-02 5.556084E-02 .055557 5.555308E-02 .0555486 5.554859E-02 5.554509E-02 5.552296E-02 5.555735E-02 5.556386E-02 5.555943E-02 .0555554 5.555189E-02 5.554982E-02 5.554816E-02
5.563309E-02 5.562945E-02 .0556234 5.561822E-02 5.561512E-02 5.561377E-02 5.559682E-02 5.558929E-02 5.558428E-02 5.557774E-02 5.557438E-02 5.557118E-02 5.556719E-02 5.561606E-02 .0556003 5.560245E-02 .0555971 5.558821E-02 .055574 5.556815E-02 5.556174E-02 5.555669E-02 5.556575E-02 5.555881E-02 .0555562 5.559945E-02 5.559423E-02 5.559053E-02 5.558135E-02 5.557643E-02 5.557365E-02 5.557285E-02 5.557488E-02 5.557604E-02 5.556168E-02 5.555909E-02 5.557286E-02 5.556814E-02 .0555623 5.555874E-02 5.555562E-02 5.555118E-02 5.555325E-02 .0555478 5.554331E-02 5.557551E-02 5.555326E-02 5.555234E-02 5.555476E-02 5.555497E-02 5.555204E-02 5.555014E-02 5.559421E-02
5.561957E-02 5.562372E-02 5.561808E-02 5.561204E-02 5.560979E-02 5.560563E-02 5.559326E-02 5.558581E-02 5.557584E-02 5.557378E-02 5.557246E-02 5.556891E-02 5.556671E-02 5.561397E-02 5.559834E-02 5.559942E-02 5.559351E-02 5.558565E-02 5.557077E-02 5.556311E-02 5.555753E-02 5.555165E-02 5.554746E-02 5.555755E-02 5.555206E-02 5.559783E-02 5.559206E-02 .0555931 .0555831 5.557831E-02 5.557513E-02 .0555729 5.557387E-02 5.557532E-02 5.556122E-02 5.555677E-02 5.557185E-02 5.556687E-02 5.556185E-02 5.555771E-02 5.555372E-02 5.555813E-02 5.555366E-02 5.554822E-02 .0555779 5.557426E-02 5.555236E-02 5.554824E-02 5.555371E-02 5.555101E-02 5.554905E-02 5.554863E-02 5.559359E-02
.0556152 5.561928E-02 5.561515E-02 5.560979E-02 .0556064 5.560237E-02 5.558573E-02 5.557812E-02 5.557762E-02 5.557476E-02 5.556948E-02 5.556811E-02 5.561686E-02 .0556128 5.560865E-02 5.559595E-02 5.558835E-02 5.558099E-02 5.557539E-02 5.555866E-02 5.555283E-02 5.554838E-02 5.554312E-02 5.553884E-02 5.554816E-02 5.559059E-02 .0555887 5.558396E-02 5.558427E-02 5.557828E-02 .0555751 5.557212E-02 5.557365E-02 5.557261E-02 5.555847E-02 5.555642E-02 5.555607E-02 5.556638E-02 5.556047E-02 5.555601E-02 5.555795E-02 5.555688E-02 5.555259E-02 5.558218E-02 5.557724E-02 5.557242E-02 .0555705 .0555476 5.555224E-02 5.554771E-02 5.554596E-02 5.559156E-02 5.558907E-02
5.560943E-02 5.560459E-02 5.560982E-02 5.560483E-02 .0556018 5.559434E-02 5.557583E-02 5.557546E-02 5.557071E-02 .0555701 5.556718E-02 5.556156E-02 5.561125E-02 5.560831E-02 5.560597E-02 5.559097E-02 5.558346E-02 5.557581E-02 5.557036E-02 .0555555 5.554859E-02 5.554293E-02 5.553817E-02 5.553127E-02 5.554303E-02 5.559025E-02 5.558653E-02 5.557795E-02 5.557883E-02 5.557658E-02 5.557644E-02 5.557118E-02 5.556848E-02 5.556842E-02 5.555599E-02 5.555313E-02 5.555245E-02 5.556292E-02 5.555736E-02 5.555224E-02 5.555417E-02 5.555185E-02 5.558256E-02 5.557818E-02 5.557314E-02 5.556931E-02 5.556709E-02 5.554629E-02 .0555403 5.554315E-02 5.554077E-02 5.558844E-02 5.563159E-02
5.560375E-02 5.560021E-02 5.560604E-02 .0555998 5.559431E-02 5.558895E-02 5.557255E-02 5.557163E-02 5.556756E-02 5.556408E-02 5.556011E-02 5.561168E-02 5.560846E-02 5.560364E-02 5.560477E-02 5.558571E-02 5.557964E-02 5.557274E-02 5.556808E-02 5.555164E-02 5.554474E-02 5.553798E-02 5.553107E-02 5.552842E-02 5.557278E-02 .0555873 5.557714E-02 5.557685E-02 5.557879E-02 5.557418E-02 5.557109E-02 5.557296E-02 5.557195E-02 5.556869E-02 5.555316E-02 5.555358E-02 5.555172E-02 5.554754E-02 5.555483E-02 5.555623E-02 5.555266E-02 5.558357E-02 5.557905E-02 5.557599E-02 5.557239E-02 5.556934E-02 5.556413E-02 5.554194E-02 5.553924E-02 5.554162E-02 5.558724E-02 5.558479E-02 5.562951E-02
5.559505E-02 5.559186E-02 5.559255E-02 .0555919 5.558775E-02 5.558468E-02 5.556719E-02 5.556669E-02 5.556282E-02 5.556081E-02 5.555797E-02 5.560689E-02 .0556063 5.560225E-02 5.560099E-02 5.559608E-02 5.557595E-02 5.556878E-02 5.556374E-02 5.554623E-02 5.553916E-02 .0555329 5.552992E-02 5.552774E-02 5.557043E-02 .0555681 .0555758 .0555759 5.557637E-02 5.557229E-02 .0555691 5.556682E-02 5.556866E-02 5.556982E-02 5.555396E-02 5.555184E-02 5.554894E-02 5.554429E-02 5.554552E-02 5.555605E-02 .0555849 5.558165E-02 5.557838E-02 5.557411E-02 5.557084E-02 5.556648E-02 5.556461E-02 5.556049E-02 5.553884E-02 5.554205E-02 5.558716E-02 5.558383E-02 5.562614E-02
5.558765E-02 5.558383E-02 5.558038E-02 5.558225E-02 5.558369E-02 5.557963E-02 5.556212E-02 5.556347E-02 5.556041E-02 5.555865E-02 5.560796E-02 5.560337E-02 5.559797E-02 5.559475E-02 5.559568E-02 .0555938 5.556982E-02 5.556312E-02 5.555657E-02 5.554901E-02 5.553421E-02 5.553093E-02 5.552946E-02 5.552556E-02 5.556818E-02 5.555898E-02 5.555908E-02 5.557384E-02 5.557481E-02 .0555694 5.556815E-02 5.556431E-02 5.556416E-02 5.556307E-02 5.555179E-02 5.554993E-02 5.554565E-02 5.554719E-02 5.554364E-02 5.558867E-02 5.558377E-02 5.558116E-02 5.557735E-02 5.557198E-02 5.556803E-02 .0555643 5.556273E-02 5.556064E-02 5.553864E-02 5.559056E-02 5.558768E-02 5.558265E-02 .0556274
5.558147E-02 5.557507E-02 5.557262E-02 5.556939E-02 5.557928E-02 5.557474E-02 5.555814E-02 .055558 5.555735E-02 5.555704E-02 .0556046 5.559856E-02 5.559245E-02 5.559119E-02 5.558681E-02 5.558631E-02 5.556603E-02 5.555581E-02 5.554939E-02 5.554378E-02 5.553117E-02 5.552949E-02 5.552608E-02 5.552289E-02 5.556511E-02 5.555592E-02 5.555544E-02 5.555383E-02 5.557012E-02 5.556567E-02 5.556443E-02 5.556386E-02 5.556152E-02 5.555904E-02 5.554301E-02 5.554533E-02 5.554562E-02 5.558201E-02 5.557602E-02 5.557305E-02 5.558314E-02 5.557974E-02 .0555758 5.557052E-02 5.556511E-02 5.556316E-02 5.556157E-02 5.556105E-02 5.560631E-02 5.558524E-02 5.558736E-02 5.558351E-02 5.562751E-02
5.556836E-02 5.556933E-02 5.557057E-02 5.556758E-02 .0555743 5.557212E-02 5.555456E-02 .0555578 5.555596E-02 5.555318E-02 5.559962E-02 5.559386E-02 5.558898E-02 5.558735E-02 5.558174E-02 5.557661E-02 5.557124E-02 5.555025E-02 5.554749E-02 5.554122E-02 5.552907E-02 5.552547E-02 5.552156E-02 .0555207 5.555431E-02 5.555272E-02 5.555117E-02 .0555505 5.555117E-02 5.556312E-02 5.556215E-02 5.556018E-02 5.555778E-02 5.555501E-02 5.553949E-02 .0555383 5.558096E-02 .05558 5.557514E-02 5.557296E-02 5.558099E-02 5.557731E-02 5.557217E-02 5.556864E-02 5.556643E-02 5.556376E-02 5.556089E-02 .0555595 .0556039 5.558256E-02 5.558692E-02 5.558271E-02 5.562706E-02
5.556234E-02 5.556215E-02 5.556289E-02 5.556435E-02 5.556013E-02 5.556704E-02 5.555326E-02 5.555041E-02 5.555214E-02 5.560085E-02 5.559538E-02 5.559092E-02 5.558507E-02 5.558341E-02 5.557707E-02 5.557209E-02 5.556596E-02 5.554509E-02 5.554533E-02 5.554237E-02 5.552479E-02 .0555215 5.551894E-02 5.551885E-02 5.555223E-02 5.555104E-02 5.554923E-02 5.554951E-02 5.554865E-02 5.554564E-02 .0555578 5.555526E-02 5.555316E-02 .0555518 5.553719E-02 5.557761E-02 5.557667E-02 5.557147E-02 5.556951E-02 5.556848E-02 5.556308E-02 .055572 5.557019E-02 5.556692E-02 .0555638 5.556149E-02 5.555798E-02 5.560449E-02 5.560274E-02 5.560097E-02 5.558482E-02 5.558232E-02 5.562387E-02
5.555774E-02 5.555543E-02 5.555309E-02 5.555771E-02 5.555907E-02 5.556357E-02 5.554952E-02 5.554706E-02 5.554773E-02 5.559424E-02 5.558943E-02 5.558604E-02 5.558132E-02 5.558018E-02 5.557161E-02 5.556661E-02 5.556319E-02 5.555943E-02 5.554019E-02 5.553487E-02 5.553477E-02 5.552227E-02 .055518 5.550955E-02 5.554985E-02 5.554953E-02 5.554896E-02 5.554853E-02 5.554718E-02 5.554306E-02 .0555387 5.555236E-02 5.554992E-02 5.554916E-02 5.557636E-02 5.557309E-02 .0555726 5.556902E-02 .0555642 5.556199E-02 5.555939E-02 5.555945E-02 5.557157E-02 5.556476E-02 5.556145E-02 5.555816E-02 5.555345E-02 5.560163E-02 5.560088E-02 5.559753E-02 5.557568E-02 5.557754E-02 5.561899E-02
