inputs/Middelgrunden/Resource grid 1   Sector 2   Height 64m   Sector frequency.grd
DSAA
 111           201 
 728800        731000
 6176000       6180000
 3.977445E-02  4.047586E-02
[rows 23 to 45 of 201, columns 0 to 52 of 111]
.0403764 .0403742 4.037385E-02 4.036853E-02 4.036522E-02 .0403573 4.034735E-02 4.033493E-02 4.032335E-02 4.032593E-02 4.030041E-02 4.030926E-02 4.031225E-02 4.031269E-02 4.031093E-02 4.030835E-02 4.029291E-02 4.029148E-02 4.029523E-02 4.028267E-02 .0402785 .0402756 4.026897E-02 4.026126E-02 4.025456E-02 4.025023E-02 4.024307E-02 4.023906E-02 4.023569E-02 4.022677E-02 4.021154E-02 4.020724E-02 4.020124E-02 4.019585E-02 4.019036E-02 4.019349E-02 4.018409E-02 4.017912E-02 4.018892E-02 4.018511E-02 4.017301E-02 .0401683 4.016581E-02 .0401645 .0401568 4.014594E-02 4.014269E-02 .0401376 4.016653E-02 4.016122E-02 4.015495E-02 4.015179E-02 .0401501
4.037065E-02 4.036495E-02 4.036919E-02 4.036507E-02 .0403645 4.035595E-02 4.034548E-02 4.033692E-02 4.032071E-02 4.031874E-02 4.030181E-02 4.030522E-02 4.031226E-02 4.031441E-02 4.031418E-02 4.031225E-02 4.030329E-02 4.025453E-02 4.028525E-02 .0402869 4.027984E-02 4.027287E-02 4.026794E-02 4.026134E-02 4.025363E-02 4.024643E-02 4.023987E-02 4.023705E-02 4.023354E-02 4.022388E-02 4.020907E-02 4.020454E-02 4.020233E-02 4.019635E-02 4.019004E-02 4.018867E-02 4.018603E-02 4.017976E-02 4.017447E-02 4.016899E-02 4.016759E-02 4.016394E-02 4.016103E-02 4.015769E-02 4.015571E-02 4.014255E-02 4.013371E-02 4.013019E-02 4.015858E-02 4.015715E-02 4.015109E-02 4.014877E-02 4.014604E-02
4.037411E-02 4.037056E-02 4.036096E-02 4.036159E-02 4.035579E-02 4.035296E-02 4.034356E-02 .0403363 4.032513E-02 4.031597E-02 4.029361E-02 4.030621E-02 4.031365E-02 4.031546E-02 .0403154 4.031398E-02 4.026554E-02 .0402624 4.028618E-02 4.028296E-02 .0402817 4.027356E-02 4.027018E-02 4.026062E-02 4.024886E-02 4.024671E-02 4.023796E-02 4.023323E-02 .0402311 4.022341E-02 .0402096 4.020699E-02 4.020161E-02 4.019582E-02 4.018836E-02 4.018303E-02 4.018058E-02 4.017557E-02 4.016987E-02 4.016495E-02 4.015357E-02 4.015182E-02 4.016005E-02 4.015686E-02 4.014904E-02 4.013814E-02 4.012921E-02 4.012194E-02 4.015001E-02 4.014987E-02 4.014986E-02 .0401446 4.014061E-02
.0403713 4.037026E-02 4.035674E-02 .0403542 4.035096E-02 4.034464E-02 .0403432 4.033456E-02 4.032866E-02 4.032049E-02 4.029569E-02 4.030265E-02 .0403134 4.031729E-02 4.027708E-02 .0402769 4.026772E-02 .0402637 4.029184E-02 .0402827 4.027969E-02 4.027711E-02 4.026921E-02 4.025804E-02 4.024834E-02 4.024197E-02 4.024098E-02 4.023354E-02 4.022714E-02 4.022438E-02 4.020974E-02 4.020562E-02 4.020109E-02 4.019477E-02 4.018816E-02 4.017999E-02 .0401729 4.017015E-02 .0401642 4.016142E-02 4.015755E-02 4.014855E-02 4.014368E-02 4.013904E-02 4.014574E-02 .040133 4.012934E-02 4.015674E-02 4.014751E-02 4.014427E-02 4.014266E-02 .0401377 4.013715E-02
4.037079E-02 .0403671 4.035474E-02 4.034597E-02 4.034799E-02 4.034233E-02 4.034121E-02 4.033259E-02 4.032801E-02 4.032201E-02 4.030959E-02 4.030532E-02 4.030893E-02 4.027684E-02 4.027859E-02 4.027775E-02 4.026764E-02 4.026364E-02 4.029187E-02 4.028802E-02 4.027811E-02 .0402724 4.026492E-02 4.025856E-02 4.024953E-02 4.024161E-02 4.024064E-02 4.023497E-02 4.022677E-02 4.022351E-02 4.020843E-02 4.020222E-02 .0401978 4.019275E-02 4.018646E-02 4.017667E-02 4.016937E-02 4.016177E-02 4.016161E-02 4.015647E-02 4.015464E-02 .0401408 4.013767E-02 4.013269E-02 4.012732E-02 4.011589E-02 4.012357E-02 .0401543 4.014981E-02 4.014311E-02 4.013975E-02 4.013734E-02 .0401363
4.036813E-02 4.036552E-02 4.035481E-02 4.034577E-02 4.034279E-02 4.034182E-02 .0403377 4.033373E-02 4.032823E-02 .0403209 4.031131E-02 4.027149E-02 .0402714 4.027278E-02 .0402774 4.027905E-02 4.026799E-02 .0402965 4.029207E-02 .040288 .0402801 4.026552E-02 4.026308E-02 4.025614E-02 4.024702E-02 .0402399 4.023368E-02 4.023467E-02 .0402304 4.022292E-02 .0402043 4.020034E-02 4.019489E-02 4.018928E-02 .040181 4.017413E-02 4.016579E-02 4.015936E-02 4.015407E-02 4.015363E-02 4.014837E-02 4.013632E-02 4.013292E-02 4.012739E-02 4.012388E-02 .040112 4.010833E-02 .040137 .040145 4.014208E-02 .0401374 4.013431E-02 4.013221E-02
4.036781E-02 4.036593E-02 4.035671E-02 4.035169E-02 4.034218E-02 4.033743E-02 4.033934E-02 4.033577E-02 4.032724E-02 4.032049E-02 4.027063E-02 4.027329E-02 4.027709E-02 4.027428E-02 4.027949E-02 4.027838E-02 4.027428E-02 4.029561E-02 4.029131E-02 4.028453E-02 4.027738E-02 .0402647 4.025687E-02 .0402544 4.024625E-02 4.023865E-02 4.023262E-02 4.023485E-02 4.022818E-02 4.022223E-02 4.020378E-02 4.019561E-02 .0401915 4.018328E-02 4.017618E-02 4.016941E-02 4.016295E-02 4.015613E-02 4.015072E-02 4.014508E-02 4.014315E-02 4.013685E-02 4.012583E-02 4.012344E-02 4.011883E-02 4.011592E-02 4.010445E-02 4.013174E-02 4.012753E-02 .0401263 4.013719E-02 4.013342E-02 .0401267
4.037492E-02 .0403675 4.035838E-02 4.035023E-02 4.034727E-02 4.033988E-02 4.034075E-02 .0403371 4.028865E-02 4.027998E-02 .0402711 .040276 4.027734E-02 .0402737 4.027221E-02 4.027414E-02 4.027217E-02 4.029471E-02 4.028809E-02 .0402822 .0402751 4.026881E-02 4.025673E-02 4.024698E-02 4.024682E-02 4.023753E-02 4.023377E-02 4.022695E-02 4.022591E-02 4.022005E-02 4.020372E-02 4.019343E-02 4.018499E-02 .0401788 4.017169E-02 4.016494E-02 4.015817E-02 4.015174E-02 4.014345E-02 4.013618E-02 4.013712E-02 4.013069E-02 4.011767E-02 4.011835E-02 4.011662E-02 4.011248E-02 4.010179E-02 4.012911E-02 4.012719E-02 4.012461E-02 4.012172E-02 .0401189 4.012796E-02
4.037721E-02 .0403683 4.036041E-02 4.035278E-02 .040351 4.034329E-02 4.033839E-02 4.029588E-02 4.028622E-02 4.027916E-02 .0402692 4.025763E-02 4.027698E-02 .0402757 4.026851E-02 4.026651E-02 4.027019E-02 4.029103E-02 4.028456E-02 4.027972E-02 .0402743 4.026717E-02 4.025688E-02 4.024456E-02 4.023935E-02 4.023903E-02 4.023188E-02 4.022343E-02 4.022286E-02 4.020726E-02 4.019998E-02 4.018956E-02 4.018031E-02 4.017372E-02 4.016865E-02 4.016134E-02 4.015371E-02 4.014583E-02 4.013914E-02 4.013103E-02 4.012559E-02 .040128 4.011379E-02 4.011134E-02 4.011196E-02 4.010636E-02 4.009605E-02 4.012796E-02 4.012508E-02 4.012188E-02 4.011833E-02 4.011367E-02 .0401118
4.038149E-02 4.037354E-02 4.036554E-02 4.035661E-02 4.035076E-02 4.030919E-02 4.029703E-02 4.029192E-02 .0402846 4.027756E-02 4.026464E-02 4.025323E-02 4.027261E-02 4.027646E-02 4.027142E-02 4.026592E-02 4.026086E-02 4.028605E-02 4.028336E-02 4.027762E-02 .0402718 4.026373E-02 4.025266E-02 4.024398E-02 4.023661E-02 4.023176E-02 .0402304 4.022021E-02 4.021909E-02 4.020338E-02 4.019463E-02 4.018714E-02 4.017965E-02 .0401707 .0401633 4.015715E-02 4.014829E-02 .0401405 4.013392E-02 4.012849E-02 4.012284E-02 4.011859E-02 4.011352E-02 4.010671E-02 4.010645E-02 4.010503E-02 4.012585E-02 4.012343E-02 4.012083E-02 4.011719E-02 .0401136 4.010973E-02 4.010926E-02
4.039003E-02 4.037939E-02 .0403693 4.036089E-02 4.031222E-02 .0403093 4.030247E-02 .0402904 4.027676E-02 4.027176E-02 4.026126E-02 4.024757E-02 4.026867E-02 4.026866E-02 4.026893E-02 4.026609E-02 4.028767E-02 4.027782E-02 4.027963E-02 4.027534E-02 4.026905E-02 4.025768E-02 4.024971E-02 .0402423 4.023588E-02 4.022777E-02 4.022298E-02 4.021919E-02 4.020957E-02 4.019701E-02 4.018935E-02 4.018387E-02 .0401754 4.016741E-02 4.015785E-02 4.015008E-02 4.014421E-02 4.013685E-02 4.013084E-02 4.012586E-02 4.012139E-02 4.011667E-02 4.011236E-02 4.010792E-02 .0401054 4.010036E-02 4.012365E-02 .040119 4.011534E-02 4.011317E-02 4.011071E-02 4.010787E-02 4.010599E-02
4.039567E-02 4.038558E-02 4.033102E-02 4.032304E-02 4.031346E-02 4.030587E-02 4.030125E-02 4.029009E-02 4.027405E-02 4.026604E-02 4.025724E-02 4.024493E-02 4.026457E-02 .0402662 4.026372E-02 .0402608 4.028952E-02 .0402738 4.026921E-02 4.027148E-02 4.026501E-02 4.025613E-02 4.024786E-02 4.024002E-02 4.023228E-02 4.022908E-02 4.021827E-02 4.020968E-02 4.020495E-02 4.019212E-02 4.018511E-02 4.017971E-02 4.017038E-02 4.016382E-02 4.015635E-02 4.014599E-02 4.013851E-02 4.013459E-02 4.012959E-02 4.012448E-02 4.012089E-02 4.011694E-02 4.011038E-02 4.010143E-02 4.010436E-02 4.009836E-02 4.011854E-02 .0401147 4.011087E-02 4.010899E-02 4.010801E-02 4.010447E-02 4.010219E-02
4.039617E-02 4.034736E-02 4.033504E-02 4.032512E-02 4.031648E-02 4.030812E-02 4.030013E-02 4.028797E-02 4.026914E-02 4.025558E-02 4.024864E-02 4.024221E-02 4.026206E-02 .0402596 .040259 4.025883E-02 4.028603E-02 4.027566E-02 .040266 4.026487E-02 4.026289E-02 4.025307E-02 4.024503E-02 4.023824E-02 4.023013E-02 4.022644E-02 4.021624E-02 4.020289E-02 4.019529E-02 4.018235E-02 4.018186E-02 4.017565E-02 4.016855E-02 4.015904E-02 4.015233E-02 4.014516E-02 4.013621E-02 4.013113E-02 .0401291 4.012405E-02 4.011929E-02 4.011604E-02 4.011323E-02 .0401009 4.009524E-02 4.009859E-02 4.012443E-02 4.011078E-02 4.010807E-02 4.010497E-02 4.010139E-02 .0400985 4.009615E-02
4.035651E-02 .0403496 4.034125E-02 4.032806E-02 4.031936E-02 4.030793E-02 4.029646E-02 4.028488E-02 .0402714 4.025156E-02 4.024017E-02 4.024084E-02 4.023546E-02 4.025322E-02 4.025512E-02 4.025347E-02 4.028521E-02 4.027147E-02 4.026241E-02 4.025826E-02 4.025309E-02 4.024756E-02 4.024135E-02 4.023295E-02 4.022592E-02 4.021883E-02 4.021092E-02 4.020358E-02 4.019248E-02 .040176 4.017789E-02 4.017174E-02 4.016577E-02 4.015551E-02 4.014841E-02 4.014267E-02 4.013772E-02 4.013089E-02 4.012571E-02 4.012221E-02 4.011764E-02 4.011647E-02 4.011287E-02 4.010776E-02 4.009255E-02 4.008705E-02 4.012292E-02 4.011165E-02 4.010415E-02 4.009998E-02 4.009688E-02 4.009165E-02 4.008918E-02
4.034412E-02 .0403386 4.033705E-02 .040333 4.031681E-02 4.030385E-02 4.029337E-02 4.028075E-02 4.026715E-02 4.025092E-02 4.023726E-02 4.022889E-02 4.023081E-02 4.024841E-02 4.025006E-02 4.028065E-02 4.027849E-02 .0402653 4.026132E-02 .0402517 4.024235E-02 .0402423 4.023426E-02 4.022743E-02 4.022058E-02 4.021352E-02 4.020769E-02 4.020078E-02 4.019408E-02 4.017292E-02 4.016679E-02 4.016793E-02 4.016113E-02 4.015286E-02 4.014742E-02 4.014233E-02 4.013628E-02 .0401307 4.012387E-02 .0401199 4.011913E-02 4.011609E-02 .0401117 4.010564E-02 4.009258E-02 4.011757E-02 4.012151E-02 4.011007E-02 4.010396E-02 4.009541E-02 .0400896 4.008709E-02 4.008679E-02
4.033763E-02 4.032928E-02 4.032369E-02 4.031578E-02 4.030396E-02 4.029318E-02 4.028234E-02 4.027222E-02 4.026073E-02 4.024896E-02 4.023209E-02 4.022499E-02 4.022602E-02 4.024618E-02 4.024436E-02 .0402734 4.026939E-02 4.026789E-02 4.025216E-02 4.024729E-02 .0402361 4.022987E-02 4.022792E-02 4.022116E-02 4.021479E-02 4.020945E-02 4.020393E-02 4.019738E-02 4.019161E-02 4.017438E-02 4.016358E-02 .0401641 4.015941E-02 4.015369E-02 4.014587E-02 4.013981E-02 .0401348 .0401288 4.012423E-02 4.012052E-02 4.011658E-02 4.011416E-02 4.010898E-02 4.010472E-02 4.009084E-02 4.011537E-02 4.011075E-02 4.010479E-02 4.009833E-02 4.009131E-02 4.008566E-02 4.008431E-02 4.008458E-02
4.032581E-02 4.032315E-02 .04031 4.030247E-02 4.029404E-02 4.028036E-02 4.026975E-02 4.026015E-02 4.025107E-02 4.023634E-02 4.022556E-02 4.022018E-02 4.021844E-02 4.023896E-02 .0402365 4.026354E-02 4.026203E-02 4.025571E-02 4.024596E-02 4.023625E-02 4.023147E-02 4.022306E-02 .0402168 4.021517E-02 4.021099E-02 4.020573E-02 .0401977 4.019305E-02 4.018635E-02 4.016971E-02 4.016345E-02 4.016178E-02 4.015744E-02 4.015115E-02 4.014323E-02 4.013754E-02 4.013316E-02 4.012912E-02 4.012521E-02 4.012056E-02 4.011321E-02 4.010972E-02 4.010552E-02 4.009933E-02 4.009338E-02 4.011105E-02 4.010372E-02 4.009269E-02 4.009298E-02 4.009026E-02 4.008864E-02 4.008521E-02 4.008158E-02
.0403219 4.031273E-02 .0402995 4.028941E-02 4.028341E-02 4.027167E-02 4.025836E-02 4.024918E-02 4.023576E-02 4.022429E-02 4.021562E-02 4.021273E-02 4.020867E-02 4.020359E-02 4.022542E-02 4.025385E-02 4.025029E-02 4.024562E-02 4.023486E-02 4.022985E-02 4.022229E-02 4.021758E-02 4.020959E-02 4.020447E-02 4.020524E-02 4.019868E-02 4.019259E-02 4.018802E-02 4.017339E-02 .0401675 4.016297E-02 4.015891E-02 4.015357E-02 4.015032E-02 4.014158E-02 4.013605E-02 4.013166E-02 4.012692E-02 4.012138E-02 4.011652E-02 4.011086E-02 .0401042 4.009892E-02 4.009509E-02 4.009049E-02 4.010827E-02 4.010081E-02 4.009598E-02 .0400865 4.009182E-02 .0400897 4.008489E-02 4.007694E-02
4.031724E-02 4.030539E-02 4.029543E-02 4.027894E-02 4.026848E-02 4.026011E-02 4.024487E-02 4.023424E-02 4.022354E-02 .0402126 4.020479E-02 4.020211E-02 4.019906E-02 4.019037E-02 4.024078E-02 4.024091E-02 4.023756E-02 4.023469E-02 4.022552E-02 4.022234E-02 4.021442E-02 4.020948E-02 4.020665E-02 4.019855E-02 4.020022E-02 4.019456E-02 4.018958E-02 4.018566E-02 4.017132E-02 4.016628E-02 4.016074E-02 4.015456E-02 4.015137E-02 4.014688E-02 4.014174E-02 4.013493E-02 4.012932E-02 4.012213E-02 4.011772E-02 .0401121 4.010674E-02 4.010202E-02 4.009497E-02 4.009075E-02 4.008577E-02 4.010389E-02 4.009994E-02 4.009715E-02 4.008811E-02 4.008327E-02 4.008603E-02 4.008256E-02 4.007593E-02
4.031618E-02 4.030006E-02 4.028414E-02 4.027268E-02 4.025793E-02 4.024909E-02 4.023613E-02 4.022162E-02 4.021196E-02 4.020084E-02 .0401963 4.019065E-02 4.018722E-02 4.018398E-02 4.022715E-02 4.022993E-02 4.022704E-02 4.022441E-02 .0402136 4.021108E-02 4.020958E-02 4.020274E-02 4.019979E-02 4.019226E-02 4.019038E-02 4.018999E-02 4.018382E-02 4.018048E-02 4.016936E-02 4.016367E-02 4.015751E-02 4.015224E-02 .0401472 4.014313E-02 4.013784E-02 .04013 4.012473E-02 4.011818E-02 .0401122 4.010788E-02 .0401031 4.009884E-02 4.009324E-02 4.008703E-02 4.008136E-02 .0401028 4.010045E-02 .0400957 4.008653E-02 4.008023E-02 4.007754E-02 4.007911E-02 4.007467E-02
4.030933E-02 4.029351E-02 4.027767E-02 4.026152E-02 .0402493 4.023688E-02 .0402276 4.021562E-02 4.020248E-02 4.019079E-02 4.018534E-02 4.017974E-02 4.017699E-02 4.017295E-02 4.021677E-02 .0402161 4.021864E-02 4.021671E-02 4.020402E-02 4.020108E-02 4.019909E-02 4.019763E-02 4.019211E-02 4.019048E-02 4.018318E-02 4.017745E-02 4.017976E-02 4.017627E-02 4.016428E-02 4.015901E-02 .0401536 4.014843E-02 4.014301E-02 .040144 4.013325E-02 4.012542E-02 4.012059E-02 4.011475E-02 4.010902E-02 4.010426E-02 4.010018E-02 4.009567E-02 4.009159E-02 4.008724E-02 4.011249E-02 4.010732E-02 4.009686E-02 4.009149E-02 4.008031E-02 4.007744E-02 4.007398E-02 4.007815E-02 4.007423E-02
4.030088E-02 .0402856 .0402715 4.025482E-02 4.023979E-02 4.022902E-02 4.021832E-02 4.020703E-02 4.019428E-02 4.018041E-02 4.017305E-02 4.017131E-02 4.016764E-02 4.016425E-02 4.019127E-02 4.020681E-02 4.020723E-02 4.020452E-02 4.019485E-02 4.019318E-02 4.019071E-02 .0401898 4.018752E-02 4.018448E-02 4.017996E-02 .0401715 4.016694E-02 4.016696E-02 4.015573E-02 4.015141E-02 4.014722E-02 4.014433E-02 4.013994E-02 4.013366E-02 4.013348E-02 4.012392E-02 .0401157 4.011194E-02 .0401063 4.010079E-02 4.009841E-02 .0400934 4.009067E-02 4.008524E-02 4.011128E-02 4.010537E-02 4.009141E-02 4.008637E-02 4.007677E-02 4.007572E-02 4.007366E-02 4.006913E-02 4.006922E-02
4.029177E-02 4.027678E-02 4.026204E-02 4.024933E-02 .0402347 4.022594E-02 4.021033E-02 4.019822E-02 4.018482E-02 4.017134E-02 4.016484E-02 4.016192E-02 4.015627E-02 4.018605E-02 4.018377E-02 4.020187E-02 4.019604E-02 .0401929 4.018763E-02 4.018657E-02 .0401841 4.018188E-02 4.018145E-02 4.017627E-02 4.017234E-02 .0401672 4.015862E-02 4.015541E-02 .0401453 4.014273E-02 4.014083E-02 4.013719E-02 4.013393E-02 4.012922E-02 4.012852E-02 4.012376E-02 4.011336E-02 4.010682E-02 .040103 4.009979E-02 4.009502E-02 4.009014E-02 4.008678E-02 4.008266E-02 4.010898E-02 4.010201E-02 .0400892 4.008484E-02 4.007653E-02 4.007424E-02 4.007244E-02 4.006775E-02 .04006
