inputs/Middelgrunden/Resource grid 1   Sector 9   Height 64m   Weibull-A.grd
DSAA
 111           201 
 728800        731000
 6176000       6180000
 7.1678        9.123199
[rows 168 to 195 of 201, columns 0 to 62 of 111]
8.403111 8.399529 8.39426 8.403333 8.398304 8.404135 8.396594 8.399175 8.40406 8.420748 8.417975 8.418636 8.417108 8.416432 8.425504 8.421323 8.425713 8.428292 8.428745 8.447579 8.464774 8.489986 8.51244 8.514498 8.499999 8.525456 8.529773 8.513815 8.507616 8.444363 8.443118 8.449291 8.45253 8.469113 8.4947 8.505543 8.508946 8.500728 8.509703 8.521645 8.534904 8.550628 8.556701 8.57517 8.585213 8.584681 8.601707 8.598804 8.635053 8.641749 8.625096 8.599004 8.60133 8.621941 8.647423 8.656186 8.668284 8.616712 8.666583 8.673488 8.681037 8.708025 8.66609
8.40736 8.409221 8.389626 8.401196 8.422551 8.415918 8.435496 8.4219 8.417017 8.418884 8.424427 8.431787 8.435972 8.43756 8.437162 8.45963 8.434829 8.438453 8.442655 8.443628 8.46033 8.472096 8.496776 8.522887 8.535104 8.541733 8.519702 8.516811 8.533256 8.519077 8.46742 8.465371 8.469181 8.472253 8.476667 8.490638 8.513937 8.526468 8.518548 8.53103 8.537557 8.54813 8.562723 8.574505 8.590709 8.598746 8.608228 8.606788 8.626518 8.61952 8.621477 8.645454 8.614631 8.609946 8.641244 8.665077 8.670782 8.679917 8.631916 8.633091 8.68978 8.695579 8.668988
8.411284 8.41583 8.404782 8.403008 8.413781 8.428917 8.435456 8.449121 8.447146 8.439839 8.438665 8.439824 8.446487 8.450325 8.451972 8.452583 8.453897 8.483257 8.449266 8.453579 8.455687 8.473783 8.486428 8.504484 8.530949 8.542377 8.553557 8.562984 8.551074 8.526628 8.535743 8.521564 8.485024 8.4909 8.496807 8.501044 8.503577 8.514833 8.522236 8.536905 8.547971 8.549968 8.581226 8.577466 8.586353 8.606206 8.617377 8.62535 8.623877 8.628812 8.634112 8.648253 8.65246 8.644209 8.628717 8.639633 8.668081 8.692344 8.696837 8.672991 8.70544 8.663724 8.685537
8.404715 8.419486 8.423558 8.409372 8.419447 8.420397 8.431156 8.442859 8.456252 8.457997 8.459438 8.459433 8.459414 8.462674 8.462133 8.466297 8.466819 8.465888 8.454401 8.502787 8.449806 8.466439 8.484904 8.500771 8.512219 8.539956 8.551361 8.561648 8.571151 8.576218 8.566949 8.550836 8.539713 8.503765 8.510081 8.514324 8.519222 8.528642 8.546453 8.53012 8.5412 8.551948 8.579034 8.592397 8.589956 8.598845 8.613718 8.631973 8.642596 8.641612 8.645939 8.648932 8.664257 8.683848 8.668884 8.659417 8.667686 8.688499 8.693752 8.716358 8.74924 8.753645 8.718379
8.438948 8.420935 8.430536 8.431969 8.418668 8.423712 8.434518 8.446298 8.453884 8.464013 8.464585 8.466166 8.475997 8.479701 8.482821 8.479332 8.479232 8.481165 8.480494 8.479815 8.48132 8.499627 8.479185 8.488522 8.512049 8.524736 8.548312 8.560289 8.571029 8.580178 8.588084 8.579185 8.569181 8.553444 8.522078 8.527466 8.534013 8.537822 8.542587 8.548788 8.562014 8.557046 8.563853 8.574347 8.615578 8.595095 8.6095 8.622303 8.644728 8.656499 8.658678 8.662919 8.681123 8.693735 8.700289 8.68096 8.673719 8.681816 8.695761 8.723063 8.742133 8.731904 8.732193
8.435423 8.449486 8.452221 8.436198 8.445144 8.446457 8.429049 8.438831 8.450199 8.468409 8.473718 8.474185 8.486416 8.480818 8.492598 8.503082 8.499423 8.496431 8.495208 8.495058 8.492743 8.491346 8.501554 8.506992 8.510448 8.524525 8.53358 8.555034 8.568668 8.579895 8.59022 8.598038 8.592556 8.581411 8.562109 8.554711 8.553372 8.551535 8.55655 8.561279 8.564693 8.569537 8.579249 8.583282 8.590215 8.618671 8.626176 8.617537 8.628637 8.654044 8.668554 8.677577 8.679343 8.698028 8.704995 8.716393 8.696346 8.689091 8.697657 8.70926 8.720165 8.743246 8.764138
8.467006 8.473633 8.451014 8.481027 8.46661 8.451442 8.450294 8.442698 8.445559 8.454947 8.465011 8.480735 8.483882 8.499555 8.505065 8.501907 8.512819 8.517748 8.516638 8.513054 8.508839 8.498547 8.497828 8.501049 8.511992 8.532434 8.547936 8.554541 8.569444 8.578726 8.587955 8.59876 8.608152 8.608103 8.595451 8.575584 8.566612 8.57369 8.581445 8.580836 8.583924 8.582513 8.586761 8.590302 8.60162 8.608627 8.634439 8.629202 8.653632 8.661947 8.653113 8.68442 8.690364 8.693295 8.713161 8.716776 8.731969 8.732221 8.704727 8.71342 8.72384 8.73367 8.754314
8.469561 8.476318 8.483487 8.488871 8.465872 8.494432 8.480709 8.466187 8.464789 8.460023 8.466417 8.472471 8.48557 8.492034 8.513943 8.518929 8.511226 8.52197 8.526659 8.531349 8.532614 8.529716 8.517413 8.511991 8.516387 8.522133 8.53561 8.553857 8.568452 8.590781 8.593946 8.601057 8.621801 8.617518 8.619837 8.61196 8.591156 8.578908 8.585045 8.592848 8.604829 8.610676 8.605935 8.615682 8.607769 8.615795 8.624348 8.63549 8.645288 8.657629 8.677667 8.692575 8.723365 8.729913 8.710393 8.713894 8.735403 8.757709 8.75167 8.732571 8.729406 8.738957 8.748161
8.46955 8.477921 8.485901 8.492467 8.498114 8.502678 8.481571 8.484615 8.481458 8.467053 8.475867 8.482181 8.488326 8.492989 8.52428 8.526951 8.53542 8.519822 8.531292 8.537575 8.54081 8.546193 8.547541 8.541491 8.532628 8.532661 8.536751 8.546415 8.561995 8.580419 8.625665 8.630827 8.633941 8.644441 8.642937 8.645165 8.62519 8.614241 8.592717 8.635393 8.604553 8.616241 8.622653 8.631392 8.636931 8.633659 8.63097 8.639606 8.650887 8.662059 8.67399 8.69091 8.703536 8.702765 8.724639 8.753037 8.754992 8.748504 8.768478 8.775779 8.750345 8.744103 8.752508
8.471601 8.478174 8.485471 8.493702 8.501868 8.50776 8.512048 8.516701 8.500378 8.497272 8.485838 8.487709 8.497663 8.496165 8.508844 8.523456 8.544551 8.549763 8.555276 8.550419 8.547666 8.550845 8.556593 8.558246 8.56322 8.556787 8.553852 8.55314 8.554523 8.573334 8.589513 8.638522 8.650888 8.650297 8.653088 8.662606 8.662239 8.63273 8.631456 8.607007 8.648369 8.621909 8.624 8.631828 8.643409 8.65328 8.657784 8.65856 8.654891 8.666215 8.677741 8.687538 8.705083 8.715775 8.720423 8.721928 8.728939 8.736474 8.778472 8.782845 8.792238 8.772986 8.769942
8.47541 8.478926 8.486837 8.492921 8.501326 8.510022 8.516796 8.520787 8.525474 8.529473 8.514088 8.513872 8.505424 8.5099 8.51209 8.517296 8.538768 8.559996 8.565309 8.570424 8.560041 8.566441 8.561526 8.56659 8.571939 8.572251 8.596982 8.577827 8.574746 8.571442 8.587279 8.599849 8.643658 8.662218 8.662556 8.669859 8.671929 8.68259 8.699091 8.647328 8.623719 8.65587 8.629769 8.636612 8.643871 8.655851 8.664956 8.672117 8.671475 8.682214 8.685829 8.693098 8.701596 8.71293 8.730145 8.747637 8.739936 8.745699 8.752247 8.759627 8.782078 8.830107 8.792787
8.491575 8.491618 8.49303 8.495194 8.499417 8.509149 8.517137 8.524078 8.52928 8.542582 8.546761 8.547862 8.528269 8.540643 8.525244 8.527164 8.532373 8.535098 8.550415 8.549656 8.58842 8.59556 8.575309 8.571703 8.576788 8.582149 8.582139 8.589577 8.614765 8.619976 8.593305 8.60593 8.612617 8.653421 8.677114 8.679997 8.682213 8.669933 8.676095 8.696626 8.695995 8.641896 8.677574 8.669995 8.648367 8.656191 8.663822 8.677672 8.690644 8.685621 8.693539 8.705989 8.721098 8.718008 8.727231 8.741624 8.762016 8.758659 8.764447 8.769158 8.785166 8.797734 8.820792
8.496024 8.502372 8.505381 8.503326 8.505185 8.509269 8.51539 8.524188 8.531719 8.536957 8.550366 8.555342 8.555559 8.561097 8.54566 8.558614 8.561116 8.541792 8.548498 8.564818 8.566411 8.565245 8.610836 8.572452 8.581964 8.586411 8.592213 8.592327 8.599745 8.626407 8.631564 8.63497 8.62703 8.631031 8.647924 8.690785 8.69361 8.681464 8.687366 8.684549 8.67703 8.710209 8.697183 8.701659 8.696754 8.659247 8.66774 8.676325 8.689519 8.712054 8.710284 8.704291 8.716208 8.730445 8.742237 8.753545 8.749146 8.774372 8.774094 8.780727 8.786664 8.802881 8.807983
8.502131 8.488975 8.513423 8.513518 8.514281 8.515262 8.515641 8.5219 8.528337 8.536689 8.544541 8.558219 8.562872 8.549559 8.551182 8.555307 8.563878 8.577475 8.579968 8.558579 8.577518 8.580278 8.583007 8.623857 8.623561 8.590979 8.59649 8.601381 8.607469 8.612881 8.635423 8.641848 8.646974 8.646219 8.650673 8.66539 8.703909 8.693097 8.698311 8.701937 8.69743 8.69099 8.686646 8.709918 8.716594 8.719839 8.678051 8.680595 8.68704 8.696369 8.726163 8.734974 8.730697 8.739962 8.748101 8.752594 8.765859 8.775462 8.79231 8.789598 8.796507 8.802608 8.818491
8.508089 8.512985 8.519196 8.507034 8.525256 8.52545 8.501148 8.526939 8.52985 8.532955 8.543049 8.549288 8.561814 8.553331 8.557567 8.561624 8.565938 8.57353 8.581279 8.579 8.597002 8.573999 8.592796 8.595184 8.598347 8.63666 8.630149 8.627832 8.611279 8.617332 8.625138 8.628962 8.651113 8.657575 8.655287 8.666758 8.684508 8.720373 8.709168 8.714074 8.716451 8.72201 8.711486 8.70387 8.684896 8.730433 8.737331 8.744514 8.703691 8.702463 8.706915 8.715953 8.747884 8.75722 8.753131 8.760718 8.769837 8.778831 8.78527 8.800642 8.819715 8.816084 8.818758
8.515043 8.519149 8.523062 8.529252 8.541182 8.542468 8.542067 8.515512 8.513584 8.538754 8.539505 8.548412 8.554925 8.568259 8.574427 8.578951 8.570658 8.57588 8.583203 8.591739 8.599445 8.597128 8.589678 8.605832 8.607637 8.610113 8.634143 8.641025 8.643353 8.643301 8.627981 8.639468 8.647628 8.657959 8.664997 8.666901 8.678677 8.702232 8.734468 8.726294 8.731986 8.732416 8.736083 8.731443 8.720765 8.706363 8.705597 8.748843 8.750969 8.753345 8.723702 8.723289 8.729183 8.761992 8.76965 8.780174 8.77335 8.782629 8.789781 8.797149 8.804917 8.829139 8.835655
8.49918 8.526854 8.529354 8.533469 8.538453 8.545595 8.555302 8.554787 8.554429 8.527992 8.514461 8.559505 8.557882 8.563372 8.568979 8.581309 8.588031 8.596918 8.58787 8.594946 8.600285 8.608087 8.616738 8.612962 8.61869 8.619785 8.620252 8.627432 8.64805 8.6544 8.652506 8.655087 8.658304 8.661064 8.690034 8.675336 8.675223 8.709005 8.709316 8.735777 8.741372 8.745642 8.751456 8.751046 8.745721 8.736514 8.723153 8.722141 8.723401 8.764985 8.765708 8.768313 8.736629 8.76664 8.774041 8.782759 8.792335 8.797192 8.79432 8.801069 8.808829 8.815441 8.835176
8.490924 8.496017 8.515039 8.539561 8.544005 8.54866 8.555609 8.562436 8.567864 8.567087 8.527277 8.527709 8.52974 8.568764 8.575207 8.581603 8.59386 8.598784 8.608107 8.599319 8.60393 8.612074 8.619611 8.625848 8.626119 8.632246 8.633341 8.635663 8.633995 8.658772 8.66154 8.666137 8.664797 8.659523 8.697873 8.703738 8.671834 8.687458 8.718237 8.720181 8.746667 8.751213 8.757695 8.771404 8.772243 8.768363 8.76385 8.73783 8.736635 8.738259 8.739526 8.779639 8.781138 8.783134 8.753532 8.761742 8.80572 8.804354 8.825386 8.80365 8.81191 8.820282 8.827187
8.486019 8.498924 8.520521 8.51158 8.521469 8.536874 8.560221 8.564664 8.571321 8.580773 8.580111 8.549712 8.540381 8.542558 8.550603 8.555407 8.592752 8.599935 8.612387 8.602967 8.607565 8.614274 8.620382 8.627961 8.636973 8.643362 8.644331 8.666232 8.649983 8.650017 8.670101 8.672437 8.67456 8.675479 8.675977 8.678402 8.715696 8.720633 8.700805 8.73401 8.746809 8.755557 8.763468 8.766862 8.772981 8.791623 8.788589 8.76896 8.754601 8.74913 8.747165 8.751224 8.754803 8.756642 8.797612 8.802883 8.775532 8.784086 8.818686 8.83812 8.811643 8.819285 8.830382
8.502616 8.497789 8.508489 8.515352 8.535341 8.545068 8.535852 8.553596 8.576232 8.581863 8.587222 8.591956 8.562006 8.563558 8.55711 8.563853 8.566146 8.573689 8.601161 8.608228 8.61417 8.622102 8.62513 8.628725 8.635908 8.64294 8.652924 8.651164 8.666499 8.682921 8.664045 8.673015 8.683082 8.685396 8.686797 8.686915 8.690717 8.696186 8.70235 8.746511 8.748954 8.761557 8.769777 8.772209 8.778103 8.783378 8.803443 8.807766 8.793139 8.774057 8.763243 8.75741 8.762985 8.770545 8.771568 8.775457 8.785282 8.823375 8.797994 8.809051 8.8184 8.82728 8.832766
8.506289 8.511962 8.517996 8.518899 8.524827 8.531405 8.535434 8.553805 8.559102 8.567457 8.591292 8.598179 8.604512 8.575381 8.575125 8.570563 8.577368 8.580251 8.59227 8.600174 8.616948 8.624331 8.632361 8.634109 8.641504 8.645272 8.65125 8.657363 8.660108 8.676598 8.682701 8.698066 8.688924 8.687681 8.695827 8.697534 8.697838 8.704696 8.709832 8.705613 8.730791 8.773543 8.776671 8.800769 8.785446 8.787628 8.794413 8.812904 8.813272 8.805214 8.792089 8.780212 8.771021 8.774265 8.780068 8.785812 8.790184 8.797015 8.806908 8.846697 8.821761 8.831138 8.839368
8.504453 8.510586 8.524375 8.530128 8.528202 8.534235 8.54171 8.546785 8.563861 8.568065 8.573785 8.581192 8.607214 8.614032 8.601971 8.590181 8.591245 8.590148 8.608606 8.611364 8.608954 8.617267 8.634106 8.641575 8.651141 8.657116 8.655565 8.662103 8.667562 8.669971 8.690926 8.71101 8.697549 8.699736 8.702615 8.714844 8.71362 8.711604 8.710993 8.714989 8.719335 8.739636 8.751602 8.78811 8.819729 8.818054 8.798963 8.80485 8.811255 8.834441 8.821487 8.831239 8.807364 8.811467 8.817732 8.792954 8.799722 8.803695 8.810756 8.818881 8.828584 8.86662 8.842873
8.538249 8.531768 8.536711 8.530887 8.543298 8.545197 8.543821 8.55148 8.557324 8.56152 8.579247 8.583417 8.588984 8.612927 8.620073 8.598465 8.610181 8.606744 8.609477 8.622863 8.624755 8.620944 8.627647 8.634755 8.641693 8.659457 8.666563 8.672199 8.676836 8.676807 8.681725 8.687006 8.723646 8.725749 8.71695 8.729118 8.720727 8.731393 8.733286 8.734261 8.728356 8.732345 8.749215 8.759387 8.795533 8.828819 8.820512 8.832502 8.818649 8.822495 8.834474 8.831208 8.80913 8.818295 8.825153 8.831007 8.812273 8.813125 8.817973 8.823565 8.830947 8.843239 8.852625
8.55137 8.55989 8.56797 8.554656 8.558815 8.561528 8.562606 8.56588 8.561949 8.573195 8.579869 8.589246 8.594325 8.599254 8.595947 8.630868 8.638249 8.614036 8.624086 8.627374 8.628283 8.638319 8.641512 8.638782 8.645887 8.652615 8.659937 8.674653 8.680286 8.687097 8.691656 8.691099 8.697864 8.718587 8.73949 8.731723 8.731425 8.746116 8.746222 8.747761 8.749846 8.740536 8.735835 8.7597 8.783389 8.802325 8.835804 8.844958 8.839037 8.831805 8.83551 8.839898 8.832448 8.838288 8.828751 8.835375 8.843604 8.85023 8.832365 8.833834 8.837063 8.84393 8.854366
8.561831 8.562626 8.569184 8.557076 8.587343 8.57384 8.57797 8.580213 8.575724 8.580576 8.58679 8.587095 8.598701 8.603925 8.608982 8.605952 8.611485 8.647944 8.649018 8.634977 8.638339 8.63934 8.653189 8.65592 8.651487 8.657424 8.663823 8.671003 8.677809 8.690047 8.694726 8.695157 8.701001 8.70752 8.715513 8.751296 8.745961 8.747516 8.762267 8.761499 8.762579 8.764172 8.753695 8.74892 8.771667 8.799209 8.811158 8.842431 8.85256 8.858554 8.876637 8.849545 8.855113 8.862926 8.853577 8.840576 8.845428 8.853127 8.861219 8.86915 8.851522 8.85402 8.856744
8.538392 8.541293 8.576221 8.580915 8.581113 8.575448 8.584355 8.590469 8.597431 8.613439 8.614442 8.600889 8.602787 8.604017 8.62149 8.619376 8.615416 8.620483 8.628945 8.666286 8.650395 8.650536 8.654902 8.654905 8.667682 8.67197 8.668615 8.675265 8.682012 8.690025 8.694057 8.696869 8.709946 8.71016 8.717053 8.72378 8.761825 8.758298 8.759656 8.776803 8.779764 8.781554 8.778832 8.781286 8.762458 8.777863 8.810328 8.82486 8.836611 8.848982 8.851921 8.855363 8.895734 8.901215 8.874942 8.868281 8.852811 8.856139 8.862868 8.87053 8.878565 8.886438 8.871631
8.55038 8.555003 8.554279 8.557764 8.593895 8.599049 8.583733 8.593939 8.600464 8.605257 8.612852 8.629686 8.633672 8.638553 8.637505 8.622239 8.637455 8.639248 8.632768 8.639345 8.67633 8.683525 8.665814 8.670197 8.670466 8.680888 8.681862 8.685141 8.691682 8.695807 8.700385 8.706194 8.708588 8.71268 8.724603 8.726618 8.747295 8.750881 8.772582 8.770414 8.786737 8.791903 8.79589 8.797407 8.798154 8.771902 8.783378 8.823514 8.834659 8.845971 8.861485 8.884728 8.889793 8.874551 8.915238 8.937662 8.880389 8.865374 8.867412 8.87286 8.879509 8.887479 8.895782
8.558881 8.564425 8.566966 8.56626 8.571596 8.576212 8.611099 8.598514 8.602165 8.610386 8.616128 8.623092 8.628296 8.644013 8.648256 8.651546 8.646945 8.648201 8.652771 8.650662 8.654177 8.664887 8.693311 8.690968 8.681298 8.685289 8.686259 8.688644 8.686231 8.701066 8.705906 8.712494 8.713781 8.713906 8.724703 8.728373 8.736714 8.754072 8.760431 8.781834 8.777574 8.792462 8.792981 8.801599 8.810925 8.813088 8.816168 8.798503 8.834572 8.840548 8.856065 8.874444 8.881098 8.902719 8.906711 8.897562 8.910196 8.907845 8.876663 8.878758 8.883217 8.889866 8.896535
