inputs/Middelgrunden/Resource grid 1   Sector 11   Height 64m   Sector frequency.grd
DSAA
 111           201 
 728800        731000
 6176000       6180000
 9.081858E-02  .1045527
[rows 0 to 26 of 201, columns 0 to 60 of 111]
9.083182E-02 9.084342E-02 .0908447 9.085099E-02 9.081858E-02 9.084389E-02 9.087129E-02 9.085322E-02 9.088299E-02 9.087069E-02 .0908464 9.084617E-02 .0909697 9.107332E-02 9.119187E-02 9.134711E-02 9.150294E-02 9.167814E-02 9.181768E-02 9.195853E-02 9.209643E-02 9.224099E-02 9.237827E-02 9.252219E-02 9.274329E-02 9.286488E-02 9.298792E-02 9.310995E-02 9.321677E-02 9.331448E-02 9.342658E-02 9.356058E-02 9.368318E-02 9.376441E-02 9.388128E-02 9.398134E-02 9.410338E-02 9.422003E-02 9.432687E-02 .0944504 9.453924E-02 9.462711E-02 9.472249E-02 9.485981E-02 9.500385E-02 9.510071E-02 9.518354E-02 .095304 9.540983E-02 9.548968E-02 9.559637E-02 9.568504E-02 9.587625E-02 .0959718 9.674615E-02 9.686038E-02 9.697387E-02 9.704548E-02 9.711987E-02 9.721868E-02 9.730539E-02
9.084579E-02 .0908685 9.087814E-02 9.090229E-02 9.087102E-02 9.086674E-02 9.090348E-02 9.088728E-02 9.086152E-02 9.087487E-02 9.086336E-02 9.089861E-02 9.101947E-02 .0911947 9.130723E-02 9.145108E-02 9.160326E-02 9.174213E-02 9.189773E-02 9.203663E-02 .0921657 9.231463E-02 9.246496E-02 9.259588E-02 9.280286E-02 9.293075E-02 9.304245E-02 9.315028E-02 .0932686 9.340045E-02 9.352241E-02 9.364493E-02 9.375513E-02 9.382397E-02 9.394029E-02 9.406967E-02 .0941787 9.428734E-02 9.439532E-02 9.448851E-02 9.458919E-02 9.473074E-02 9.485263E-02 9.495915E-02 9.503949E-02 9.512972E-02 9.523162E-02 .0953403 9.545583E-02 9.557605E-02 9.566606E-02 9.574571E-02 9.659345E-02 9.670425E-02 9.681154E-02 9.691405E-02 9.698569E-02 9.705453E-02 9.715374E-02 9.727281E-02 9.737611E-02
.0908803 9.090577E-02 9.091678E-02 .0909384 9.094517E-02 9.090588E-02 9.090958E-02 9.088145E-02 9.087989E-02 9.090772E-02 9.097734E-02 9.101988E-02 9.114421E-02 9.125784E-02 9.137253E-02 9.149573E-02 9.164808E-02 9.181643E-02 9.196476E-02 9.211001E-02 9.225304E-02 9.238951E-02 9.253107E-02 9.266806E-02 9.286948E-02 .0929855 .0930971 9.321557E-02 .0933561 9.348404E-02 9.360199E-02 .0937126 9.382407E-02 9.390209E-02 9.402138E-02 9.412901E-02 9.423201E-02 9.437012E-02 9.448283E-02 9.457674E-02 9.469084E-02 9.479541E-02 .0948795 9.497858E-02 9.508135E-02 9.520289E-02 9.531502E-02 .0954034 9.551283E-02 9.561467E-02 9.571035E-02 9.647653E-02 9.665099E-02 9.674894E-02 .0968373 9.690381E-02 9.699785E-02 9.710626E-02 9.723449E-02 9.736068E-02 9.746109E-02
9.092662E-02 9.095843E-02 .0909374 9.094094E-02 9.093501E-02 9.091339E-02 9.090297E-02 .0909399 9.100285E-02 9.102236E-02 9.104229E-02 .0910676 9.120362E-02 .0913095 9.143554E-02 9.156698E-02 9.172963E-02 9.187878E-02 9.203948E-02 9.218005E-02 9.233144E-02 9.246611E-02 9.260247E-02 .0928109 9.293584E-02 9.304289E-02 9.319596E-02 9.331682E-02 9.342953E-02 9.354974E-02 9.367198E-02 9.380498E-02 9.389476E-02 9.398066E-02 9.410641E-02 9.423214E-02 9.434993E-02 9.444521E-02 9.453054E-02 9.463537E-02 9.472557E-02 9.481999E-02 9.494043E-02 .0950406 9.514904E-02 9.524455E-02 9.532922E-02 9.545565E-02 9.555745E-02 9.632876E-02 9.641413E-02 9.657893E-02 9.665393E-02 9.678364E-02 9.685172E-02 9.695748E-02 9.707399E-02 9.720479E-02 9.732372E-02 9.743632E-02 9.753659E-02
9.095287E-02 9.094927E-02 9.094054E-02 9.096833E-02 9.097003E-02 9.098703E-02 9.102544E-02 9.103669E-02 .0910491 9.106402E-02 9.107441E-02 9.111659E-02 .0912499 9.139232E-02 9.152089E-02 9.165543E-02 9.181272E-02 9.195579E-02 9.210085E-02 9.225544E-02 9.240086E-02 9.253679E-02 9.268574E-02 9.288567E-02 9.301896E-02 9.314737E-02 9.326914E-02 9.339605E-02 .0935171 9.362934E-02 9.373564E-02 9.387717E-02 9.400714E-02 .0941081 9.419912E-02 9.429333E-02 9.438477E-02 9.448953E-02 9.459306E-02 9.470298E-02 9.478534E-02 9.486005E-02 9.495685E-02 9.506039E-02 9.515394E-02 9.525585E-02 9.541055E-02 9.549396E-02 9.623804E-02 9.632925E-02 9.641832E-02 9.663927E-02 9.674419E-02 9.680669E-02 9.691321E-02 9.703077E-02 .0971632 9.729332E-02 9.740604E-02 9.751789E-02 9.761102E-02
9.105808E-02 9.096695E-02 9.101634E-02 9.100845E-02 9.101798E-02 9.103795E-02 9.105935E-02 9.107128E-02 9.107912E-02 9.109551E-02 9.110871E-02 9.116923E-02 9.131362E-02 9.146618E-02 9.161254E-02 9.174983E-02 9.188488E-02 9.204433E-02 9.218436E-02 9.233779E-02 9.248682E-02 9.262306E-02 9.275054E-02 9.297998E-02 9.310842E-02 9.322901E-02 9.335967E-02 9.348243E-02 .0936079 9.373558E-02 9.386435E-02 9.397472E-02 9.407347E-02 .0941563 9.424561E-02 9.436672E-02 9.447248E-02 9.453543E-02 .0946238 .0947035 .0947943 .0948615 9.497337E-02 .095054 9.516142E-02 9.530269E-02 9.607897E-02 9.617775E-02 9.627147E-02 9.638853E-02 9.650411E-02 9.669031E-02 9.676541E-02 9.687045E-02 .0969892 9.712712E-02 .0972451 9.736397E-02 9.746918E-02 9.759487E-02 9.768501E-02
9.109873E-02 9.109016E-02 9.100225E-02 9.101977E-02 9.105996E-02 9.109123E-02 9.107246E-02 9.109801E-02 9.112243E-02 9.113175E-02 9.115539E-02 9.123836E-02 9.140263E-02 .0915635 9.169684E-02 9.184869E-02 9.199253E-02 9.213985E-02 9.228407E-02 9.241809E-02 9.256911E-02 .0927138 9.284685E-02 9.306423E-02 9.322831E-02 9.333885E-02 .0934531 9.358703E-02 9.369636E-02 9.380731E-02 9.391399E-02 9.402346E-02 9.414834E-02 .0942345 9.432413E-02 9.438477E-02 9.445626E-02 9.453934E-02 9.462994E-02 9.470251E-02 9.477483E-02 .0948537 9.492975E-02 9.507156E-02 9.522144E-02 9.602185E-02 9.613023E-02 9.623331E-02 9.633796E-02 9.644578E-02 9.655864E-02 9.671369E-02 9.683251E-02 9.695962E-02 .0970798 9.719498E-02 9.730608E-02 9.743019E-02 9.756028E-02 9.767403E-02 9.775267E-02
9.107993E-02 9.109508E-02 9.112449E-02 9.104068E-02 9.104418E-02 9.107325E-02 9.109727E-02 9.112269E-02 9.115966E-02 .091193 9.122276E-02 9.133364E-02 9.150764E-02 9.166393E-02 9.179915E-02 9.195726E-02 9.208903E-02 9.223554E-02 .0923765 9.253173E-02 9.265943E-02 9.283673E-02 9.304455E-02 9.318478E-02 9.330812E-02 .0934248 9.353516E-02 9.362967E-02 9.375876E-02 9.388867E-02 9.399424E-02 9.410277E-02 9.416784E-02 9.425568E-02 9.431109E-02 9.436186E-02 9.445494E-02 9.451997E-02 9.457373E-02 9.465557E-02 .0947784 9.487983E-02 9.498794E-02 9.586015E-02 9.597972E-02 9.608147E-02 9.617569E-02 9.627366E-02 9.638496E-02 9.649623E-02 9.658544E-02 9.679259E-02 9.690854E-02 9.704089E-02 9.714787E-02 9.726305E-02 9.738585E-02 9.751806E-02 .0976382 9.774254E-02 9.782454E-02
9.110692E-02 9.109972E-02 9.112936E-02 9.112699E-02 9.107894E-02 9.110229E-02 9.109829E-02 9.113742E-02 9.121305E-02 9.126688E-02 9.132248E-02 9.144647E-02 9.162676E-02 9.178479E-02 9.191503E-02 9.205598E-02 9.218772E-02 9.238206E-02 9.254693E-02 9.266528E-02 .0927985 9.292896E-02 .0931404 9.324175E-02 9.336226E-02 9.349881E-02 9.360633E-02 9.371318E-02 9.380402E-02 9.391282E-02 9.402745E-02 9.410719E-02 9.416115E-02 9.421852E-02 .0942689 9.432667E-02 9.440108E-02 9.447594E-02 9.459522E-02 9.470589E-02 9.480054E-02 9.492655E-02 9.581216E-02 9.593098E-02 9.601791E-02 9.611508E-02 9.621603E-02 9.633067E-02 9.645423E-02 .0965426 9.665228E-02 9.686558E-02 9.699085E-02 9.710734E-02 9.722588E-02 9.734394E-02 9.747824E-02 9.759469E-02 9.770216E-02 9.781279E-02 9.788673E-02
9.110625E-02 9.110317E-02 9.110609E-02 9.114395E-02 9.118118E-02 9.114715E-02 9.115492E-02 9.119917E-02 9.126187E-02 9.134351E-02 9.145171E-02 9.158185E-02 9.174591E-02 9.189978E-02 9.206376E-02 9.222619E-02 9.238522E-02 9.251059E-02 9.263968E-02 9.278408E-02 9.287855E-02 9.299377E-02 9.320062E-02 9.332323E-02 9.343318E-02 9.351988E-02 9.362748E-02 9.372293E-02 9.384307E-02 9.393555E-02 9.398485E-02 9.405567E-02 .0940815 9.416799E-02 9.425195E-02 9.432997E-02 9.440103E-02 9.452141E-02 9.461968E-02 9.473658E-02 9.564763E-02 9.577866E-02 9.585898E-02 .0959572 9.605622E-02 .0961617 9.628746E-02 9.640492E-02 9.649163E-02 9.660155E-02 9.680676E-02 9.692872E-02 9.705439E-02 9.718408E-02 9.730697E-02 9.743354E-02 9.754679E-02 9.766588E-02 9.777174E-02 9.786708E-02 .0979507
9.112409E-02 9.110726E-02 9.112354E-02 9.112396E-02 9.123626E-02 9.126572E-02 9.125775E-02 9.130242E-02 9.138404E-02 9.147466E-02 .0915432 9.171769E-02 9.192299E-02 .0920784 9.223107E-02 .092373 .0924996 9.259944E-02 9.272768E-02 9.285981E-02 9.295805E-02 9.305361E-02 9.323205E-02 9.332368E-02 9.343566E-02 9.354524E-02 9.363984E-02 9.374013E-02 9.378684E-02 9.387246E-02 9.393997E-02 9.400942E-02 9.408248E-02 9.416972E-02 .0942596 9.434782E-02 9.443669E-02 9.455983E-02 9.466717E-02 9.559588E-02 9.571853E-02 9.581359E-02 .0958844 9.598858E-02 9.611104E-02 9.622978E-02 9.634764E-02 9.643547E-02 9.655001E-02 9.667584E-02 9.688821E-02 9.700865E-02 9.712938E-02 9.725437E-02 9.739927E-02 9.752002E-02 9.762996E-02 9.772518E-02 9.783761E-02 9.792373E-02 9.804282E-02
9.113197E-02 9.115685E-02 9.117337E-02 .0912142 9.124627E-02 9.134977E-02 9.142661E-02 9.145712E-02 9.156585E-02 9.166916E-02 9.174082E-02 9.187054E-02 9.206393E-02 9.221511E-02 9.235254E-02 9.248498E-02 9.259307E-02 .0926761 9.276662E-02 9.287319E-02 9.297956E-02 9.316082E-02 9.324831E-02 9.332406E-02 9.341255E-02 9.351557E-02 .0936091 9.367594E-02 9.376685E-02 9.383754E-02 9.392057E-02 9.401105E-02 9.408426E-02 9.418495E-02 9.426419E-02 .0943924 9.447984E-02 9.542397E-02 9.552538E-02 9.564921E-02 9.574033E-02 9.583762E-02 9.592939E-02 9.604845E-02 9.617186E-02 9.630311E-02 9.638444E-02 9.650806E-02 9.663862E-02 9.677064E-02 9.696766E-02 9.707937E-02 9.720377E-02 9.734822E-02 9.746799E-02 9.759511E-02 .0977043 9.781203E-02 9.792287E-02 9.800869E-02 .0981112
9.118173E-02 9.121728E-02 9.125219E-02 9.129052E-02 9.139964E-02 9.146012E-02 9.162105E-02 9.171367E-02 9.176765E-02 9.184524E-02 9.191129E-02 9.205296E-02 .0922072 .0923207 9.241685E-02 9.248632E-02 9.260514E-02 9.269881E-02 9.278889E-02 9.288385E-02 9.297741E-02 9.313371E-02 9.321681E-02 9.331935E-02 9.340415E-02 .0935078 9.358487E-02 9.366998E-02 9.373464E-02 9.381206E-02 9.391576E-02 9.401972E-02 9.410498E-02 9.420445E-02 9.432326E-02 9.443501E-02 9.535173E-02 9.546302E-02 9.558609E-02 9.568311E-02 9.577761E-02 9.587898E-02 9.600496E-02 9.612207E-02 9.624836E-02 9.634094E-02 9.646199E-02 9.659062E-02 9.672637E-02 9.684095E-02 9.702937E-02 .0971675 9.730157E-02 9.742985E-02 9.754536E-02 9.766797E-02 9.778318E-02 9.788767E-02 9.800219E-02 9.807131E-02 9.817383E-02
9.128962E-02 9.132633E-02 9.137893E-02 9.147064E-02 .0915685 9.168355E-02 .0917979 9.192511E-02 9.202474E-02 9.202656E-02 9.202575E-02 9.212418E-02 9.222951E-02 9.232488E-02 9.242561E-02 9.250277E-02 9.258728E-02 9.266666E-02 9.276459E-02 9.285104E-02 9.295836E-02 9.312949E-02 9.323946E-02 9.331772E-02 .0933999 9.348668E-02 .0935685 9.364501E-02 .0937236 9.382703E-02 9.394754E-02 9.403594E-02 9.411956E-02 9.424719E-02 9.520186E-02 9.528971E-02 9.541715E-02 9.552253E-02 9.562009E-02 9.571406E-02 9.582528E-02 9.594925E-02 9.608264E-02 9.619321E-02 9.628876E-02 9.640943E-02 9.654588E-02 9.667103E-02 9.678984E-02 9.690117E-02 9.712206E-02 9.725315E-02 9.737845E-02 9.750322E-02 9.762856E-02 9.773911E-02 9.785236E-02 9.795634E-02 .0980587 9.814525E-02 9.826769E-02
9.144447E-02 9.147262E-02 9.153686E-02 9.166709E-02 .0918077 9.197376E-02 9.203414E-02 9.203777E-02 9.209061E-02 9.205841E-02 9.204188E-02 9.212627E-02 9.223944E-02 9.232567E-02 9.240185E-02 9.247481E-02 9.256539E-02 9.265262E-02 9.274193E-02 9.283642E-02 .0929597 9.314152E-02 9.323399E-02 9.330895E-02 9.339688E-02 9.344947E-02 9.353904E-02 9.362783E-02 9.375627E-02 9.385289E-02 9.393939E-02 9.403112E-02 9.414241E-02 9.509246E-02 9.521202E-02 9.536691E-02 .0954815 9.555816E-02 9.566049E-02 9.578335E-02 9.590708E-02 9.603439E-02 9.616002E-02 9.623479E-02 9.636386E-02 9.649344E-02 9.662871E-02 9.673668E-02 9.683288E-02 9.698537E-02 9.721231E-02 .0973476 9.746885E-02 .0975801 9.769759E-02 .0978029 .0979207 .0980223 9.813512E-02 9.823754E-02 9.835882E-02
9.155317E-02 9.171285E-02 9.176248E-02 9.183736E-02 9.192047E-02 9.199088E-02 9.206802E-02 9.209537E-02 9.205607E-02 9.210053E-02 9.203999E-02 9.209892E-02 9.218938E-02 9.230049E-02 9.240037E-02 .0924825 9.258284E-02 9.268121E-02 9.276466E-02 9.283707E-02 .0929268 .0931155 9.322029E-02 9.329333E-02 9.338105E-02 9.347357E-02 9.356289E-02 .0936543 9.374705E-02 9.384301E-02 9.395418E-02 .0948946 9.500851E-02 9.512362E-02 9.528583E-02 9.542462E-02 9.553539E-02 .0956175 9.573258E-02 9.584891E-02 9.598214E-02 9.610856E-02 9.620796E-02 9.631808E-02 9.644184E-02 9.655543E-02 9.666723E-02 .0967801 9.694012E-02 9.716708E-02 9.729999E-02 9.741862E-02 9.753146E-02 9.764167E-02 9.774628E-02 9.787515E-02 9.798063E-02 9.810081E-02 9.823254E-02 .0983291 9.841043E-02
9.159604E-02 9.166053E-02 9.177824E-02 9.187059E-02 9.193996E-02 .092009 9.205849E-02 9.209073E-02 9.202845E-02 .0920198 9.203108E-02 9.209731E-02 9.221146E-02 9.231654E-02 9.242024E-02 9.250378E-02 9.259579E-02 9.268904E-02 .092755 9.283981E-02 9.301093E-02 .0930905 9.318072E-02 .0932891 9.338639E-02 9.347193E-02 9.356496E-02 9.364611E-02 9.372126E-02 9.384532E-02 9.482831E-02 9.491216E-02 9.503307E-02 9.521356E-02 9.536269E-02 9.546778E-02 9.558575E-02 9.569839E-02 9.580347E-02 9.593801E-02 9.606085E-02 9.615422E-02 9.627459E-02 9.638017E-02 .0964979 9.660223E-02 9.672645E-02 9.689637E-02 9.704603E-02 .0972476 9.735737E-02 9.747136E-02 9.758302E-02 9.770302E-02 9.781883E-02 9.794367E-02 9.806141E-02 9.820414E-02 9.832538E-02 9.838179E-02 9.846632E-02
9.160284E-02 9.168263E-02 9.179179E-02 9.187728E-02 9.191208E-02 9.196999E-02 9.203196E-02 9.208009E-02 9.206785E-02 9.204274E-02 9.205028E-02 9.213427E-02 9.222994E-02 9.233726E-02 9.243595E-02 9.251408E-02 9.258287E-02 9.266748E-02 9.276866E-02 9.284803E-02 9.301063E-02 9.312724E-02 9.321175E-02 9.328277E-02 9.333454E-02 9.342705E-02 9.353657E-02 9.363449E-02 9.461015E-02 9.472091E-02 9.484918E-02 9.496169E-02 9.513975E-02 9.528902E-02 9.540572E-02 9.553073E-02 9.564769E-02 9.577605E-02 9.589103E-02 9.599925E-02 9.609713E-02 .0962127 .0963368 9.644151E-02 9.655987E-02 .0966881 9.684879E-02 9.699348E-02 9.711013E-02 9.730428E-02 9.742671E-02 9.753999E-02 9.764977E-02 9.776429E-02 9.788533E-02 9.802394E-02 .0981693 9.828975E-02 .0983804 9.844384E-02 9.854143E-02
9.164324E-02 9.168556E-02 9.173297E-02 9.185733E-02 9.191883E-02 9.198264E-02 9.205344E-02 9.209993E-02 9.206612E-02 9.208272E-02 9.204684E-02 9.216572E-02 9.227736E-02 9.236491E-02 9.244537E-02 9.250034E-02 .0925807 9.268007E-02 .0927926 .0929 9.305289E-02 9.312225E-02 9.318876E-02 9.325055E-02 9.332841E-02 9.341567E-02 9.350055E-02 9.448692E-02 9.464329E-02 9.476481E-02 9.490298E-02 9.505942E-02 9.522128E-02 9.535426E-02 9.546728E-02 9.557638E-02 .0957073 9.585604E-02 9.593065E-02 9.603783E-02 9.614863E-02 9.628247E-02 9.641275E-02 9.653012E-02 9.664152E-02 9.680044E-02 9.693713E-02 9.705207E-02 9.717816E-02 9.737533E-02 9.748466E-02 9.759514E-02 9.771653E-02 9.784015E-02 9.798231E-02 9.813061E-02 9.826145E-02 .0983463 9.844798E-02 9.852746E-02 9.860662E-02
9.162041E-02 .0916943 9.176514E-02 9.183662E-02 .0919371 9.200196E-02 9.204975E-02 9.213141E-02 9.212593E-02 9.208857E-02 9.207673E-02 9.217184E-02 9.229436E-02 9.237129E-02 9.244023E-02 9.250842E-02 9.265007E-02 9.275647E-02 9.283835E-02 9.289671E-02 9.303141E-02 9.309497E-02 9.314145E-02 9.325023E-02 9.331881E-02 9.429312E-02 9.440137E-02 9.451293E-02 9.465101E-02 9.480065E-02 9.500667E-02 9.515034E-02 9.529092E-02 9.539704E-02 9.551211E-02 9.565157E-02 9.578899E-02 9.587428E-02 9.599397E-02 .0960986 9.623574E-02 9.635702E-02 9.647857E-02 9.660742E-02 9.675043E-02 .0968882 9.700604E-02 .0971215 .0972432 9.743492E-02 9.754699E-02 9.766442E-02 9.779784E-02 .0979595 9.810364E-02 9.822571E-02 9.831148E-02 9.841254E-02 9.851532E-02 9.858897E-02 9.868108E-02
9.162936E-02 9.169999E-02 9.176224E-02 9.183422E-02 9.190089E-02 9.200089E-02 9.207746E-02 9.213859E-02 9.216016E-02 9.211403E-02 9.209704E-02 9.217289E-02 9.227079E-02 9.237359E-02 9.249472E-02 9.258667E-02 9.266976E-02 9.275021E-02 9.282157E-02 9.295958E-02 9.300384E-02 9.307148E-02 9.316041E-02 9.323464E-02 9.421159E-02 9.432136E-02 9.444258E-02 9.457128E-02 9.471359E-02 9.490022E-02 .0950609 .0951754 .0953313 .095454 9.558967E-02 9.572128E-02 9.580524E-02 9.593004E-02 9.606825E-02 9.618094E-02 9.629821E-02 9.641699E-02 9.655493E-02 9.671752E-02 9.684334E-02 9.695941E-02 9.707569E-02 .0971868 9.738383E-02 9.750029E-02 9.762859E-02 9.777405E-02 .0979322 9.807227E-02 9.819172E-02 .0982775 9.837057E-02 9.848789E-02 9.858099E-02 9.866515E-02 9.871418E-02
9.161261E-02 9.168561E-02 .0917682 9.183268E-02 9.190749E-02 9.200332E-02 9.208454E-02 9.215827E-02 9.219079E-02 9.211507E-02 9.208005E-02 9.218493E-02 9.231291E-02 9.242127E-02 9.254039E-02 9.262951E-02 9.267137E-02 9.273772E-02 9.279502E-02 .0929169 9.298749E-02 9.306321E-02 9.403804E-02 9.414142E-02 9.425959E-02 9.438326E-02 9.450104E-02 9.463014E-02 .0948278 9.497919E-02 9.511924E-02 9.523216E-02 9.535937E-02 9.550077E-02 9.566187E-02 9.574778E-02 9.587756E-02 9.600537E-02 9.613408E-02 9.623516E-02 9.635271E-02 9.649903E-02 9.667117E-02 9.681052E-02 9.691042E-02 9.703316E-02 .0971406 9.725185E-02 9.745342E-02 9.760558E-02 9.775175E-02 9.791055E-02 9.804627E-02 9.814583E-02 9.823288E-02 9.833936E-02 9.844983E-02 9.854078E-02 .0986508 9.868774E-02 9.879431E-02
9.160057E-02 9.167916E-02 .0917711 9.184295E-02 9.191699E-02 9.198966E-02 9.208046E-02 9.214097E-02 9.218689E-02 9.213426E-02 9.210751E-02 .0922337 9.233671E-02 9.245767E-02 9.254317E-02 9.262522E-02 9.266622E-02 9.269813E-02 9.275408E-02 9.289727E-02 9.387312E-02 .0939506 9.406007E-02 9.417389E-02 9.431397E-02 9.442572E-02 .0945676 9.476102E-02 9.491969E-02 .095048 9.518466E-02 9.529343E-02 9.543864E-02 9.556892E-02 9.566555E-02 9.578576E-02 .0959423 9.607001E-02 .0962001 9.631139E-02 .09645 9.661523E-02 9.675687E-02 .0968817 9.698421E-02 9.709701E-02 9.721763E-02 9.734626E-02 .0975733 9.772954E-02 9.788302E-02 9.800518E-02 9.810746E-02 9.819692E-02 9.830755E-02 9.841763E-02 9.852237E-02 9.860921E-02 9.868556E-02 9.877052E-02 9.888772E-02
9.160923E-02 9.168109E-02 9.178012E-02 9.185281E-02 9.191361E-02 9.197766E-02 9.203306E-02 9.211549E-02 9.220397E-02 9.219412E-02 .0921353 9.223792E-02 9.237105E-02 9.246311E-02 9.253166E-02 9.258097E-02 9.261754E-02 9.267437E-02 9.273412E-02 9.378899E-02 9.388029E-02 9.398232E-02 9.409741E-02 9.421964E-02 9.434409E-02 9.450796E-02 9.468766E-02 9.482951E-02 9.497311E-02 9.512179E-02 9.525081E-02 9.539327E-02 9.552229E-02 9.561027E-02 9.573021E-02 9.586437E-02 9.599076E-02 9.611337E-02 9.628057E-02 9.643299E-02 9.656113E-02 9.669437E-02 9.683022E-02 9.695237E-02 9.708051E-02 9.718359E-02 9.731276E-02 9.746668E-02 9.769442E-02 9.784582E-02 9.797392E-02 .098079 9.817187E-02 9.828395E-02 9.839568E-02 9.849939E-02 .0985686 9.865099E-02 9.877334E-02 9.887382E-02 9.897064E-02
9.161888E-02 9.169713E-02 9.177015E-02 .091836 9.187885E-02 9.196041E-02 9.204552E-02 .0921182 9.218892E-02 9.218949E-02 9.214316E-02 9.230111E-02 9.237811E-02 9.243222E-02 9.247535E-02 9.252139E-02 9.256543E-02 9.354915E-02 9.370817E-02 9.379941E-02 9.391113E-02 9.403259E-02 9.414528E-02 9.426731E-02 9.442503E-02 9.462173E-02 9.476615E-02 9.490854E-02 9.506139E-02 9.522557E-02 9.533933E-02 9.546253E-02 .0955501 9.567587E-02 9.580955E-02 9.596787E-02 9.607746E-02 .09621 9.635843E-02 9.652006E-02 9.665819E-02 9.678542E-02 9.691018E-02 9.703637E-02 9.715979E-02 9.728232E-02 9.743603E-02 9.759184E-02 9.781733E-02 9.794617E-02 9.805751E-02 .0981463 9.825587E-02 9.836455E-02 9.847748E-02 9.854008E-02 9.863462E-02 9.875794E-02 9.886289E-02 9.895211E-02 9.904674E-02
9.160161E-02 9.169738E-02 9.176611E-02 9.180933E-02 9.188706E-02 .0919578 9.202413E-02 9.207559E-02 9.213624E-02 9.219179E-02 9.219593E-02 .0922529 9.230814E-02 9.235628E-02 9.241219E-02 9.248231E-02 9.344354E-02 9.353328E-02 9.373059E-02 9.383662E-02 9.395487E-02 9.407858E-02 .094203 9.436438E-02 .094542 9.471012E-02 9.485385E-02 9.499897E-02 9.516089E-02 9.531587E-02 9.541354E-02 9.550359E-02 9.563188E-02 9.576541E-02 9.590221E-02 9.601432E-02 9.617236E-02 9.631918E-02 9.648314E-02 9.662226E-02 9.672754E-02 .0968549 9.701157E-02 9.713363E-02 9.727503E-02 9.742269E-02 9.758145E-02 9.772014E-02 9.791571E-02 9.801646E-02 9.811023E-02 9.823003E-02 9.834643E-02 9.845208E-02 .0985132 9.862187E-02 .0987381 9.883638E-02 9.893001E-02 9.901177E-02 .0991196
9.159435E-02 9.166807E-02 9.174839E-02 9.180951E-02 .0918635 9.191638E-02 9.196206E-02 9.201783E-02 9.206227E-02 9.210847E-02 9.213176E-02 9.219428E-02 9.223332E-02 9.230739E-02 9.327936E-02 9.336308E-02 9.344227E-02 9.356049E-02 9.374989E-02 9.388611E-02 9.400645E-02 9.414089E-02 9.430697E-02 9.450456E-02 9.464329E-02 .0947791 9.493832E-02 .0951039 9.526204E-02 .0953796 9.546173E-02 9.558962E-02 9.572642E-02 9.585543E-02 9.597856E-02 9.612117E-02 9.627674E-02 9.645591E-02 9.659647E-02 9.671899E-02 9.684703E-02 9.694274E-02 9.708567E-02 9.724868E-02 9.743568E-02 9.757256E-02 9.770902E-02 9.789953E-02 9.799086E-02 9.808444E-02 9.820263E-02 9.833094E-02 9.841868E-02 9.848887E-02 .0986032 9.871326E-02 9.880816E-02 9.891146E-02 9.902184E-02 9.909409E-02 9.921219E-02
