inputs/Middelgrunden/Resource grid 1   Sector 4   Height 64m   Weibull-A.grd
DSAA
 111           201 
 728800        731000
 6176000       6180000
 9.133225      9.182951
[rows 168 to 195 of 201, columns 0 to 62 of 111]
9.175369 9.1754 9.175545 9.17563 9.175761 9.175844 9.175993 9.176136 9.176232 9.176297 9.176374 9.176376 9.176416 9.176441 9.176448 9.176457 9.176467 9.176525 9.176525 9.176478 9.176516 9.176614 9.176737 9.176708 9.176694 9.176661 9.176747 9.176817 9.176877 9.176898 9.176919 9.176884 9.176846 9.176897 9.176884 9.176956 9.177071 9.177144 9.177198 9.177158 9.177134 9.177164 9.177398 9.177434 9.177342 9.17742 9.177501 9.177606 9.17766 9.17769 9.177773 9.177812 9.177729 9.177794 9.177751 9.177786 9.177937 9.177975 9.17798 9.178004 9.177984 9.178091 9.178178
9.175308 9.175451 9.175544 9.175631 9.175707 9.175837 9.17597 9.17603 9.176095 9.176182 9.176384 9.176432 9.176557 9.176654 9.176718 9.176801 9.176847 9.176906 9.177022 9.177032 9.177129 9.177234 9.177303 9.177412 9.177497 9.177546 9.177691 9.177678 9.177752 9.177744 9.177744 9.177745 9.177729 9.177773 9.177786 9.17776 9.177813 9.177855 9.17786 9.177814 9.177734 9.177676 9.177759 9.177709 9.177724 9.177789 9.177786 9.177816 9.17792 9.177984 9.17798 9.177968 9.177932 9.177903 9.177974 9.17811 9.17814 9.178208 9.17824 9.178324 9.178299 9.178308 9.178379
9.175402 9.175493 9.175582 9.175708 9.175856 9.175928 9.176014 9.176062 9.17616 9.17624 9.176339 9.176433 9.176573 9.17664 9.176714 9.17674 9.176793 9.176883 9.177032 9.177111 9.177203 9.177276 9.17734 9.17732 9.177444 9.177512 9.177619 9.177636 9.177711 9.177782 9.17791 9.177975 9.178002 9.178028 9.178152 9.178242 9.178253 9.178479 9.1785 9.178497 9.178481 9.178552 9.178704 9.178862 9.178877 9.178853 9.178853 9.178859 9.178823 9.178806 9.178782 9.178767 9.178641 9.178696 9.178723 9.178734 9.178769 9.17875 9.178719 9.178641 9.178612 9.178604 9.178709
9.175352 9.175509 9.175605 9.175697 9.175798 9.175932 9.176034 9.176066 9.176165 9.176217 9.176342 9.176405 9.176514 9.1766 9.176631 9.176755 9.176847 9.176922 9.177003 9.177025 9.177094 9.177238 9.177339 9.177421 9.177441 9.177501 9.177531 9.177608 9.177789 9.177833 9.177937 9.177933 9.177976 9.178061 9.178195 9.178227 9.178304 9.178327 9.178456 9.17852 9.178577 9.178641 9.17875 9.178875 9.178962 9.179021 9.179049 9.179049 9.179083 9.179191 9.179213 9.179235 9.179177 9.179193 9.179295 9.179334 9.179349 9.179386 9.179433 9.179499 9.179561 9.179611 9.179649
9.175301 9.1754 9.175539 9.175686 9.175807 9.175881 9.175999 9.176164 9.176244 9.176258 9.176331 9.17644 9.17653 9.176578 9.176657 9.176736 9.176843 9.176903 9.177007 9.177051 9.177171 9.177242 9.177286 9.177373 9.177454 9.177498 9.177576 9.177635 9.177722 9.177766 9.177844 9.177937 9.178027 9.178111 9.17812 9.178171 9.178225 9.178354 9.17845 9.178542 9.17854 9.178666 9.178798 9.178874 9.178901 9.179049 9.179102 9.17912 9.179174 9.179205 9.179177 9.179257 9.179183 9.179176 9.179268 9.179304 9.179359 9.179376 9.179377 9.17942 9.179531 9.179522 9.179582
9.175291 9.175432 9.175563 9.175669 9.175831 9.175907 9.176022 9.176208 9.17629 9.176435 9.176499 9.176467 9.176483 9.176559 9.176667 9.176769 9.176833 9.176929 9.177036 9.177053 9.177078 9.177201 9.177286 9.177377 9.177452 9.177467 9.17756 9.177587 9.17767 9.177729 9.177854 9.177959 9.177878 9.177971 9.178033 9.178164 9.178241 9.17835 9.178475 9.178521 9.178473 9.178573 9.178685 9.178841 9.178836 9.178915 9.178968 9.178984 9.179025 9.179138 9.17923 9.179245 9.179134 9.179183 9.179274 9.179318 9.179346 9.179423 9.179468 9.179515 9.179502 9.179543 9.179524
9.175383 9.175463 9.17556 9.175768 9.175908 9.17598 9.176111 9.176183 9.176272 9.17637 9.176364 9.176442 9.176526 9.176566 9.176619 9.176686 9.176852 9.176872 9.176934 9.176936 9.177084 9.177193 9.177266 9.177333 9.177412 9.177452 9.177519 9.177632 9.177621 9.177645 9.177699 9.177768 9.177793 9.177909 9.177969 9.17801 9.178129 9.178288 9.178379 9.178462 9.178534 9.178517 9.178634 9.178691 9.178806 9.178861 9.178876 9.178944 9.179034 9.179111 9.179211 9.179237 9.179284 9.179255 9.179294 9.179277 9.179296 9.179366 9.179416 9.179401 9.179406 9.17942 9.179513
9.175487 9.17559 9.175664 9.17568 9.175776 9.175893 9.176017 9.176132 9.176228 9.176341 9.176375 9.176457 9.176518 9.176599 9.176714 9.176681 9.176695 9.176734 9.176818 9.176825 9.176965 9.177061 9.177162 9.177161 9.177294 9.177416 9.177493 9.177512 9.177531 9.177609 9.177687 9.177784 9.177835 9.177944 9.178007 9.178061 9.178182 9.178227 9.178323 9.178432 9.178504 9.178503 9.178616 9.178674 9.178726 9.178742 9.178834 9.178953 9.179041 9.179103 9.179099 9.179146 9.17923 9.1792 9.179205 9.179276 9.179315 9.179271 9.179279 9.179318 9.179351 9.179383 9.179517
9.175148 9.175317 9.175399 9.175516 9.175525 9.175628 9.175696 9.175834 9.17592 9.176024 9.176046 9.176169 9.176197 9.176282 9.176399 9.176461 9.176472 9.176477 9.176538 9.176566 9.176641 9.176743 9.176899 9.176967 9.177049 9.177051 9.17712 9.177197 9.177284 9.177434 9.177543 9.177602 9.177631 9.177702 9.177724 9.177795 9.177938 9.177978 9.178071 9.178135 9.178247 9.178221 9.178383 9.178342 9.178376 9.178432 9.178512 9.178621 9.178711 9.178731 9.178813 9.178895 9.178965 9.17894 9.178978 9.17902 9.179 9.179012 9.179068 9.179078 9.179128 9.179248 9.179282
9.174773 9.174863 9.174984 9.175117 9.17525 9.1753 9.175418 9.175498 9.175573 9.175712 9.175777 9.17585 9.17592 9.176068 9.176167 9.176182 9.17625 9.176289 9.176369 9.176248 9.17637 9.176495 9.176577 9.176617 9.176694 9.176919 9.176958 9.176993 9.177073 9.17714 9.177228 9.177237 9.177253 9.177299 9.177374 9.177443 9.177568 9.177658 9.17766 9.177724 9.177817 9.177799 9.177866 9.177926 9.178092 9.17816 9.178262 9.178372 9.178398 9.178453 9.178526 9.178593 9.178617 9.178553 9.178628 9.178619 9.178691 9.178726 9.17882 9.178866 9.178949 9.178979 9.178983
9.174544 9.174631 9.174739 9.174788 9.17489 9.175033 9.175107 9.175173 9.1753 9.17542 9.175493 9.175619 9.175763 9.175811 9.175837 9.175936 9.175995 9.176018 9.176166 9.176118 9.17604 9.176236 9.176352 9.176477 9.176542 9.1766 9.176644 9.176725 9.176794 9.176817 9.176958 9.177011 9.17694 9.177032 9.177087 9.177135 9.177217 9.177298 9.177383 9.177458 9.177558 9.177545 9.177586 9.17764 9.177739 9.177911 9.178007 9.178051 9.178148 9.17822 9.178249 9.178293 9.178345 9.178311 9.178298 9.178335 9.178427 9.178498 9.17857 9.17865 9.1787 9.178728 9.178764
9.173632 9.173738 9.173855 9.173887 9.173938 9.174026 9.174148 9.174255 9.174294 9.174406 9.174485 9.17459 9.174758 9.174801 9.174857 9.174925 9.174988 9.1751 9.175152 9.175174 9.175223 9.175336 9.175416 9.175482 9.17554 9.175591 9.175555 9.175633 9.175755 9.175795 9.175848 9.175884 9.175984 9.176065 9.176123 9.176162 9.176268 9.176339 9.176414 9.176426 9.176512 9.1766 9.176626 9.176645 9.176742 9.176884 9.17691 9.176993 9.177141 9.177186 9.177203 9.177296 9.177331 9.177284 9.177372 9.177449 9.177466 9.177521 9.177574 9.177614 9.177635 9.177662 9.177731
9.173413 9.173532 9.173605 9.173616 9.173768 9.173848 9.173972 9.1741 9.174208 9.174293 9.174423 9.174474 9.174535 9.174642 9.174754 9.174805 9.174854 9.174935 9.175075 9.175084 9.17507 9.175118 9.175228 9.175305 9.175267 9.175336 9.175452 9.175541 9.175607 9.175652 9.175702 9.175739 9.175815 9.175882 9.175951 9.176049 9.176148 9.176201 9.176257 9.176291 9.176409 9.176498 9.176565 9.176607 9.176654 9.17672 9.176743 9.176835 9.176974 9.177017 9.177141 9.177155 9.1772 9.177197 9.177272 9.177362 9.17739 9.177436 9.17749 9.177511 9.17753 9.177527 9.177567
9.173625 9.173649 9.17383 9.173912 9.174025 9.174091 9.174186 9.174282 9.174426 9.174614 9.174759 9.174775 9.174835 9.174822 9.174805 9.174891 9.175097 9.175137 9.175227 9.175207 9.175286 9.175376 9.175348 9.175503 9.175603 9.175657 9.175725 9.175761 9.175858 9.17593 9.175992 9.176023 9.1761 9.176143 9.176259 9.176333 9.176435 9.176414 9.176509 9.176586 9.176668 9.176764 9.176864 9.176844 9.176886 9.176989 9.177036 9.17711 9.177208 9.177337 9.177317 9.177365 9.177481 9.177454 9.177503 9.17757 9.177639 9.177686 9.177726 9.17776 9.177818 9.177845 9.177859
9.173868 9.173923 9.173959 9.174061 9.174155 9.174392 9.174499 9.174589 9.174687 9.174717 9.174758 9.174803 9.174881 9.174982 9.17508 9.175156 9.175257 9.175366 9.175491 9.175403 9.175435 9.175522 9.175649 9.175826 9.1759 9.17596 9.176008 9.176061 9.176159 9.176167 9.176244 9.176264 9.176335 9.176424 9.176489 9.176538 9.176639 9.17674 9.176808 9.176857 9.17696 9.176976 9.177107 9.177028 9.177092 9.177171 9.177345 9.17739 9.177424 9.177494 9.177524 9.177576 9.177636 9.177639 9.177742 9.177801 9.177897 9.177913 9.177977 9.178024 9.178077 9.178089 9.178104
9.174254 9.174393 9.174456 9.174576 9.174715 9.174798 9.174985 9.175105 9.175142 9.175135 9.175226 9.175397 9.175498 9.175536 9.175616 9.175742 9.17581 9.175825 9.175897 9.175892 9.175976 9.176047 9.176147 9.176231 9.176414 9.176526 9.176591 9.176665 9.176714 9.176783 9.176872 9.176831 9.176898 9.176975 9.176989 9.177041 9.17717 9.177243 9.177257 9.177376 9.177452 9.177504 9.177629 9.177568 9.1777 9.177774 9.177884 9.177902 9.177925 9.177986 9.178061 9.178104 9.178148 9.178178 9.178254 9.178318 9.178423 9.178462 9.178514 9.178565 9.178616 9.178633 9.178702
9.175126 9.175213 9.17535 9.175524 9.175583 9.175572 9.175675 9.175726 9.17577 9.175941 9.176044 9.176117 9.176211 9.176335 9.17634 9.176401 9.176481 9.176564 9.176647 9.176642 9.176736 9.176909 9.176977 9.177047 9.177223 9.177291 9.177361 9.177448 9.177512 9.177587 9.177654 9.177685 9.177752 9.177756 9.177797 9.177881 9.177936 9.177994 9.178082 9.178175 9.178203 9.178269 9.178478 9.178483 9.178539 9.178584 9.178671 9.178679 9.178709 9.178779 9.178848 9.178893 9.178991 9.178982 9.179069 9.179152 9.179225 9.179162 9.179249 9.17929 9.179402 9.179453 9.179493
9.175176 9.175333 9.175461 9.175447 9.175563 9.175697 9.175841 9.175869 9.175892 9.175973 9.176061 9.176125 9.17619 9.176276 9.176365 9.176484 9.176564 9.17662 9.176695 9.1767 9.176805 9.176886 9.177013 9.177094 9.177233 9.177296 9.177387 9.177468 9.177526 9.177599 9.177676 9.177667 9.177719 9.177769 9.177811 9.177827 9.177946 9.178057 9.178112 9.17824 9.178295 9.178362 9.17846 9.178483 9.178535 9.178456 9.178533 9.178569 9.178626 9.178718 9.178775 9.178846 9.178908 9.178924 9.178975 9.179038 9.179124 9.17921 9.179283 9.17932 9.179391 9.179417 9.179494
9.175294 9.175294 9.175398 9.17546 9.175647 9.175711 9.175792 9.175939 9.175997 9.176141 9.176155 9.176247 9.176235 9.176314 9.17644 9.176472 9.176561 9.176633 9.176706 9.176723 9.176779 9.176878 9.176972 9.177066 9.177231 9.177324 9.177399 9.177458 9.177524 9.177575 9.17763 9.177609 9.177684 9.177657 9.177728 9.177802 9.177964 9.178023 9.178077 9.178133 9.178192 9.178256 9.17839 9.178441 9.178391 9.178439 9.178475 9.178566 9.178624 9.178678 9.178776 9.178857 9.178889 9.178968 9.178946 9.179061 9.179186 9.179219 9.179235 9.179291 9.179339 9.179415 9.179483
9.175221 9.175322 9.175478 9.175576 9.175642 9.175721 9.1758 9.175857 9.175937 9.176042 9.176094 9.176207 9.176376 9.176459 9.176469 9.17652 9.176535 9.176647 9.176718 9.176716 9.176756 9.176744 9.176848 9.176967 9.17704 9.177226 9.177322 9.177366 9.177431 9.177396 9.177474 9.177498 9.177531 9.17764 9.177765 9.177908 9.177985 9.178073 9.17814 9.178152 9.178203 9.17827 9.178357 9.178359 9.178331 9.178391 9.178408 9.178517 9.178577 9.178671 9.17876 9.178795 9.178858 9.178965 9.178943 9.179042 9.179074 9.179169 9.179182 9.179252 9.179334 9.179399 9.179471
9.175176 9.175323 9.175559 9.175592 9.175669 9.175696 9.175777 9.175815 9.175893 9.175927 9.176064 9.176142 9.176211 9.176336 9.17636 9.176463 9.176515 9.176582 9.176661 9.176718 9.17669 9.176766 9.176826 9.1769 9.177014 9.177115 9.177207 9.177252 9.177328 9.177424 9.177415 9.177486 9.177617 9.177659 9.17777 9.177911 9.177948 9.178027 9.178082 9.178166 9.1782 9.178211 9.17825 9.178281 9.178302 9.178343 9.178398 9.178492 9.178561 9.178617 9.178765 9.178829 9.178908 9.178945 9.178933 9.178974 9.179044 9.179135 9.179188 9.17923 9.179302 9.179353 9.179434
9.175064 9.17522 9.175284 9.175356 9.17549 9.175573 9.175718 9.175805 9.175906 9.175973 9.176076 9.176136 9.176261 9.176298 9.176351 9.176452 9.176523 9.176625 9.176728 9.176702 9.176815 9.176851 9.176916 9.176984 9.176915 9.177022 9.177093 9.177185 9.177318 9.177307 9.177462 9.177545 9.177592 9.177688 9.177765 9.17785 9.177895 9.177975 9.178045 9.178084 9.17816 9.178201 9.178286 9.178303 9.178311 9.178376 9.178409 9.178509 9.178628 9.178679 9.17877 9.178836 9.178895 9.178977 9.178935 9.178995 9.179052 9.179142 9.179194 9.179235 9.179294 9.179321 9.179388
9.175047 9.175117 9.175216 9.175307 9.175423 9.175536 9.175693 9.175777 9.175839 9.17592 9.176064 9.176151 9.176226 9.176326 9.176403 9.176411 9.176558 9.176648 9.176711 9.176749 9.176825 9.176784 9.176892 9.176923 9.176991 9.177052 9.177176 9.177315 9.177261 9.177348 9.177472 9.1775 9.177586 9.177653 9.177698 9.177799 9.177865 9.177927 9.177974 9.178067 9.178165 9.178227 9.178283 9.178341 9.178421 9.178386 9.178541 9.178585 9.178649 9.178665 9.178668 9.178701 9.178723 9.178708 9.178646 9.178621 9.178646 9.178723 9.178798 9.17882 9.178885 9.178928 9.178953
9.174992 9.175069 9.175167 9.175258 9.175426 9.17554 9.175645 9.175778 9.175805 9.175891 9.175965 9.176022 9.176111 9.176194 9.176405 9.176505 9.176548 9.176632 9.176725 9.176698 9.176764 9.176789 9.176831 9.176885 9.176932 9.177066 9.177169 9.177299 9.17736 9.177435 9.177468 9.177594 9.177523 9.177531 9.177566 9.177614 9.177597 9.177642 9.177682 9.177765 9.177801 9.177884 9.177956 9.177986 9.178017 9.178052 9.178068 9.178092 9.178208 9.178158 9.178199 9.178265 9.178288 9.178301 9.178358 9.17839 9.178385 9.178479 9.178526 9.178588 9.178593 9.178627 9.178695
9.174822 9.175009 9.175171 9.175291 9.1754 9.175507 9.175578 9.175676 9.175793 9.175863 9.175965 9.176058 9.176166 9.176207 9.176313 9.176344 9.176365 9.176334 9.176467 9.176419 9.176502 9.176559 9.176605 9.176641 9.176712 9.176765 9.176797 9.176853 9.17695 9.177006 9.177016 9.177061 9.177077 9.177198 9.177217 9.177291 9.177254 9.177294 9.177375 9.177426 9.177484 9.177581 9.177711 9.177714 9.177711 9.177652 9.177674 9.177662 9.177732 9.177709 9.177715 9.17774 9.177707 9.177676 9.177597 9.177562 9.1776 9.177612 9.177616 9.177615 9.177633 9.177665 9.177642
9.174734 9.174908 9.175022 9.175039 9.175125 9.175179 9.175232 9.175364 9.175464 9.175517 9.17565 9.175691 9.17576 9.175828 9.175852 9.175859 9.175907 9.175966 9.176015 9.175995 9.176108 9.176103 9.176275 9.176365 9.176347 9.176391 9.176508 9.176552 9.176645 9.176603 9.176632 9.176618 9.176643 9.176627 9.17663 9.176688 9.176695 9.176675 9.17671 9.17675 9.176689 9.176691 9.176718 9.176735 9.176733 9.176712 9.176733 9.176804 9.176889 9.176926 9.176981 9.176993 9.177051 9.17709 9.177074 9.177141 9.177173 9.177327 9.17742 9.177445 9.177472 9.177484 9.177572
9.174293 9.174494 9.174577 9.174694 9.17476 9.174867 9.174966 9.174893 9.174998 9.175085 9.175172 9.17523 9.175257 9.17528 9.175284 9.175292 9.17533 9.175344 9.175487 9.17543 9.175394 9.175487 9.175469 9.175413 9.175425 9.175447 9.175568 9.175614 9.175715 9.175734 9.175723 9.17569 9.17571 9.175745 9.175838 9.175931 9.176097 9.176142 9.176242 9.176271 9.176357 9.176436 9.176545 9.176612 9.17658 9.176623 9.176659 9.176718 9.17675 9.176851 9.176867 9.176922 9.17698 9.177011 9.176995 9.177123 9.177235 9.177316 9.17742 9.177485 9.177549 9.177548 9.177567
9.173579 9.17373 9.17385 9.173861 9.173877 9.173983 9.17415 9.174244 9.174268 9.174237 9.174338 9.174344 9.174448 9.174483 9.174558 9.174655 9.174788 9.174855 9.174892 9.174876 9.174956 9.175008 9.174998 9.175035 9.175094 9.175119 9.175242 9.175323 9.175384 9.175515 9.17563 9.175669 9.175697 9.175659 9.175789 9.175923 9.175998 9.176044 9.176115 9.176225 9.176353 9.17647 9.176572 9.176673 9.176727 9.1768 9.176841 9.176918 9.176934 9.177032 9.177099 9.177162 9.177252 9.177409 9.177435 9.177487 9.177581 9.177619 9.177723 9.1778 9.177811 9.177855 9.177896
