inputs/Middelgrunden/Resource grid 1   Sector 3   Height 64m   Sector frequency.grd
DSAA
 111           201 
 728800        731000
 6176000       6180000
 4.211514E-02  4.319508E-02
[rows 0 to 22 of 201, columns 0 to 52 of 111]
4.319379E-02 4.315689E-02 4.312593E-02 4.310101E-02 4.305633E-02 4.302637E-02 4.300426E-02 4.297174E-02 4.293065E-02 4.289439E-02 4.286212E-02 4.282548E-02 4.281271E-02 4.279604E-02 4.279495E-02 .0428064 4.280048E-02 4.278978E-02 4.278663E-02 4.278576E-02 .042782 4.277208E-02 4.276628E-02 4.275939E-02 4.278717E-02 4.277868E-02 4.277132E-02 4.276117E-02 4.275749E-02 4.275789E-02 4.275471E-02 .0427542 4.275062E-02 4.272245E-02 4.272173E-02 4.271926E-02 .042716 .0427133 .0427138 4.270774E-02 4.269002E-02 4.268567E-02 4.268484E-02 4.267768E-02 4.267031E-02 4.266697E-02 4.266201E-02 4.266278E-02 4.265834E-02 4.265444E-02 4.264883E-02 4.264583E-02 4.267621E-02
4.319508E-02 4.315637E-02 4.311764E-02 4.308731E-02 4.304568E-02 4.301901E-02 4.299713E-02 4.296548E-02 4.293282E-02 4.289034E-02 4.285311E-02 4.282364E-02 .0428129 4.279193E-02 4.278778E-02 4.278881E-02 4.279213E-02 4.278881E-02 4.278081E-02 4.277556E-02 4.277708E-02 4.276958E-02 4.276165E-02 4.275751E-02 4.278677E-02 4.277788E-02 4.277004E-02 4.276296E-02 4.275469E-02 .0427494 4.274828E-02 4.274907E-02 4.274572E-02 4.272145E-02 4.271397E-02 4.271145E-02 4.270873E-02 4.270547E-02 4.270434E-02 4.270407E-02 4.270128E-02 4.268169E-02 4.267652E-02 4.267529E-02 .0426728 4.266688E-02 4.265977E-02 4.265435E-02 4.265777E-02 4.265137E-02 4.264608E-02 4.264352E-02 4.264217E-02
4.319295E-02 4.315658E-02 4.311851E-02 4.307931E-02 4.304875E-02 4.301813E-02 4.298829E-02 4.295894E-02 4.292518E-02 4.288917E-02 4.285015E-02 4.280969E-02 4.280901E-02 4.279011E-02 .0427858 4.277797E-02 .0427769 4.278165E-02 4.277807E-02 .0427707 4.276659E-02 4.276686E-02 4.276119E-02 4.275354E-02 4.278452E-02 4.277802E-02 4.276874E-02 4.276134E-02 4.275283E-02 4.274743E-02 4.274001E-02 4.274038E-02 4.274035E-02 4.271684E-02 4.271216E-02 4.270586E-02 4.270224E-02 4.269917E-02 4.269632E-02 4.269746E-02 4.269365E-02 .0426809 .042679 4.267376E-02 4.266894E-02 4.266504E-02 4.265634E-02 4.265212E-02 4.265732E-02 4.264974E-02 .0426441 4.260643E-02 4.263969E-02
4.318836E-02 4.315054E-02 4.311851E-02 4.308024E-02 4.304453E-02 .0430035 4.297902E-02 4.294857E-02 4.291212E-02 4.287743E-02 4.284121E-02 4.281073E-02 4.280125E-02 4.278903E-02 4.278005E-02 4.277403E-02 4.277226E-02 4.276608E-02 4.277116E-02 4.276856E-02 4.276038E-02 4.275726E-02 4.275424E-02 4.278613E-02 4.278051E-02 4.277509E-02 4.276659E-02 4.275819E-02 .0427512 4.274623E-02 4.274055E-02 4.273314E-02 4.273102E-02 4.272113E-02 4.270641E-02 .0427015 4.269443E-02 4.269058E-02 4.268975E-02 4.268769E-02 4.268932E-02 4.267525E-02 .0426752 .0426739 4.266687E-02 4.266049E-02 4.265776E-02 .0426516 4.264541E-02 .042618 4.261153E-02 4.264218E-02 4.263902E-02
4.318484E-02 4.314974E-02 4.311555E-02 .0430799 4.304332E-02 4.299499E-02 4.296104E-02 .0429327 4.290141E-02 4.286748E-02 4.283132E-02 4.280448E-02 4.280131E-02 4.279153E-02 .0427721 4.277052E-02 4.276806E-02 4.276041E-02 4.275567E-02 4.276004E-02 4.275846E-02 4.275521E-02 .0427455 4.278089E-02 4.277622E-02 4.276897E-02 4.276228E-02 4.275436E-02 4.274848E-02 4.274331E-02 4.274041E-02 4.273336E-02 .042724 4.271063E-02 4.270162E-02 4.269733E-02 4.269382E-02 4.268764E-02 4.268339E-02 4.268119E-02 4.268067E-02 4.267599E-02 4.267047E-02 4.266986E-02 4.266868E-02 4.266417E-02 4.265382E-02 4.264874E-02 4.261392E-02 4.261752E-02 4.261242E-02 4.263691E-02 4.263293E-02
4.310423E-02 4.313069E-02 4.311028E-02 4.307408E-02 4.303518E-02 4.299198E-02 4.295303E-02 4.291952E-02 4.289125E-02 4.285634E-02 4.282019E-02 4.279526E-02 4.279451E-02 4.278997E-02 4.276962E-02 .042762 4.275785E-02 4.275712E-02 4.275091E-02 .0427537 .042749 4.274711E-02 4.274361E-02 .0427703 4.276585E-02 4.276307E-02 4.275472E-02 4.275051E-02 4.274457E-02 4.274119E-02 4.273643E-02 4.273149E-02 4.272508E-02 4.271079E-02 4.269477E-02 .0426912 4.268957E-02 4.268663E-02 4.268131E-02 4.267825E-02 4.267782E-02 .0426691 4.266506E-02 4.266578E-02 4.266298E-02 4.265997E-02 4.262477E-02 4.261613E-02 4.261131E-02 4.260659E-02 .0426095 4.263841E-02 4.263159E-02
4.310278E-02 4.306809E-02 4.309162E-02 4.305299E-02 4.303209E-02 4.300169E-02 4.295086E-02 .0429119 4.287862E-02 4.284707E-02 4.280791E-02 .042785 4.278476E-02 4.278122E-02 4.276694E-02 .0427554 4.274753E-02 4.275361E-02 4.274644E-02 4.274039E-02 .0427442 .042739 4.273651E-02 .0427652 4.275633E-02 4.275293E-02 4.275062E-02 4.274345E-02 4.274038E-02 4.273686E-02 4.273454E-02 4.272895E-02 4.271202E-02 4.271022E-02 .0427054 4.268613E-02 4.268498E-02 4.268484E-02 4.268109E-02 4.267638E-02 4.267514E-02 4.267212E-02 4.266576E-02 4.265836E-02 4.265453E-02 .0426221 4.261964E-02 4.261662E-02 4.261178E-02 4.260201E-02 4.260412E-02 .0426382 4.262815E-02
4.311642E-02 4.306952E-02 4.302727E-02 4.304837E-02 4.301183E-02 4.298395E-02 4.294482E-02 4.291011E-02 .0428717 4.283507E-02 4.279879E-02 4.277562E-02 4.277391E-02 .0427709 4.275846E-02 4.275015E-02 4.274397E-02 4.273561E-02 4.274165E-02 .0427349 4.272987E-02 4.273195E-02 4.276424E-02 4.275651E-02 4.275241E-02 .0427439 4.274087E-02 4.274205E-02 4.273555E-02 4.273072E-02 4.272964E-02 4.272299E-02 4.271216E-02 4.270861E-02 4.270805E-02 4.269291E-02 4.268284E-02 4.267927E-02 4.268193E-02 4.268071E-02 .0426742 4.266967E-02 4.265728E-02 4.261956E-02 .0426157 4.261394E-02 4.261144E-02 4.260968E-02 4.260724E-02 4.260179E-02 4.259383E-02 4.263199E-02 .0426282
4.311771E-02 4.308049E-02 4.302852E-02 4.299258E-02 4.301384E-02 4.297793E-02 4.292713E-02 4.288889E-02 4.286882E-02 4.282694E-02 4.278529E-02 4.276888E-02 4.276592E-02 4.276065E-02 4.274878E-02 4.274194E-02 4.274082E-02 4.272975E-02 4.272786E-02 4.272754E-02 4.272307E-02 4.271877E-02 4.275787E-02 4.275567E-02 4.274738E-02 4.274275E-02 4.273384E-02 4.273139E-02 .0427336 4.272843E-02 4.272579E-02 4.272051E-02 4.270915E-02 4.270964E-02 4.271061E-02 4.269673E-02 4.269207E-02 4.268668E-02 4.267687E-02 4.267387E-02 4.267424E-02 4.266587E-02 4.261599E-02 4.260996E-02 4.261093E-02 4.260756E-02 4.260493E-02 4.260242E-02 4.260049E-02 4.259939E-02 4.259485E-02 4.263281E-02 4.262244E-02
4.312362E-02 4.308327E-02 4.304257E-02 4.299387E-02 4.296239E-02 4.297079E-02 4.292057E-02 4.288612E-02 4.284598E-02 4.280794E-02 4.277616E-02 4.275804E-02 4.275823E-02 4.275303E-02 4.273776E-02 4.272937E-02 4.272426E-02 4.272356E-02 4.271466E-02 4.271616E-02 4.271786E-02 4.271477E-02 4.274663E-02 4.274891E-02 4.274329E-02 4.273789E-02 4.273396E-02 4.272946E-02 4.272107E-02 4.272533E-02 4.272112E-02 4.272061E-02 4.271005E-02 4.271016E-02 4.271023E-02 4.270621E-02 4.269164E-02 4.268626E-02 4.268084E-02 4.267097E-02 4.262692E-02 4.262585E-02 4.261546E-02 .0426106 4.260539E-02 4.260138E-02 .0425979 .0425944 .0425931 4.259115E-02 4.262352E-02 4.261868E-02 4.262062E-02
4.310919E-02 4.308796E-02 4.305011E-02 4.303881E-02 4.296279E-02 4.292434E-02 4.292867E-02 4.287683E-02 4.283994E-02 4.279789E-02 4.275566E-02 4.273403E-02 4.274486E-02 4.274371E-02 4.272891E-02 .0427209 4.271505E-02 4.271487E-02 4.271139E-02 4.271147E-02 4.270791E-02 4.270971E-02 4.274323E-02 4.273886E-02 4.273941E-02 4.273514E-02 4.272899E-02 4.272669E-02 4.272427E-02 4.271986E-02 4.271924E-02 4.272018E-02 4.270709E-02 4.270523E-02 4.270384E-02 4.270339E-02 4.269233E-02 4.268615E-02 4.267997E-02 4.263629E-02 4.262596E-02 4.261756E-02 4.261022E-02 4.260956E-02 .0425996 4.259753E-02 4.258962E-02 4.258639E-02 4.258531E-02 4.258128E-02 4.261397E-02 4.261149E-02 4.261609E-02
.043091 4.306762E-02 4.305087E-02 4.301168E-02 4.300356E-02 4.292404E-02 4.288544E-02 4.286889E-02 .0428285 4.278477E-02 4.274258E-02 4.272993E-02 4.272159E-02 .042716 4.272193E-02 4.271486E-02 4.270862E-02 4.270729E-02 4.270465E-02 4.270867E-02 .0427033 4.273488E-02 4.273736E-02 .0427347 4.273028E-02 4.273086E-02 .0427281 4.272367E-02 4.272206E-02 4.271936E-02 4.271656E-02 4.271739E-02 4.270484E-02 4.270239E-02 4.269984E-02 4.269961E-02 4.268721E-02 4.264207E-02 .0426379 4.263216E-02 4.262623E-02 4.262137E-02 .0426041 4.259887E-02 4.259835E-02 4.258946E-02 4.258944E-02 4.258227E-02 4.257768E-02 .042574 4.260669E-02 4.260508E-02 4.260121E-02
4.305694E-02 4.304251E-02 4.302577E-02 4.300964E-02 4.297758E-02 4.295616E-02 4.288052E-02 4.282378E-02 4.281909E-02 .0427781 4.273002E-02 .0427193 4.271677E-02 4.271004E-02 4.270545E-02 4.269625E-02 4.270596E-02 4.270066E-02 4.269866E-02 4.269496E-02 4.270117E-02 4.273267E-02 4.273015E-02 4.273006E-02 4.272616E-02 4.272754E-02 4.272635E-02 4.272252E-02 4.272024E-02 4.271857E-02 4.271764E-02 4.271217E-02 4.269963E-02 4.269855E-02 4.269607E-02 4.269162E-02 4.264186E-02 4.263794E-02 4.263257E-02 .0426293 4.262485E-02 4.261956E-02 4.261415E-02 4.259842E-02 4.259041E-02 4.258574E-02 4.258015E-02 4.257754E-02 4.257083E-02 4.256589E-02 4.259975E-02 4.259636E-02 4.259241E-02
4.298639E-02 4.299297E-02 4.298678E-02 4.298619E-02 .0429696 .0429308 4.290422E-02 4.281809E-02 .0427769 4.276901E-02 4.272581E-02 4.271338E-02 4.271204E-02 4.270735E-02 4.270019E-02 .042689 4.268752E-02 4.268272E-02 .0426966 4.269337E-02 4.269566E-02 4.272972E-02 4.272789E-02 4.271906E-02 4.272015E-02 4.271553E-02 4.272094E-02 4.272161E-02 4.272115E-02 4.271676E-02 4.271492E-02 4.271336E-02 4.269583E-02 4.269184E-02 .0426507 4.264726E-02 4.264521E-02 .042631 .0426274 .0426252 4.262018E-02 .0426151 4.260992E-02 4.259689E-02 4.258892E-02 4.258128E-02 4.257458E-02 4.256703E-02 4.256472E-02 4.256127E-02 4.259033E-02 4.258798E-02 4.258499E-02
4.292839E-02 4.292621E-02 4.292748E-02 4.292221E-02 4.291302E-02 4.290752E-02 4.287899E-02 4.283689E-02 4.276907E-02 4.275831E-02 4.271999E-02 4.271178E-02 4.270692E-02 4.270432E-02 4.270056E-02 4.268593E-02 4.268162E-02 4.268016E-02 4.267902E-02 4.267475E-02 4.268534E-02 4.272382E-02 4.272072E-02 4.271886E-02 4.270953E-02 4.271253E-02 4.270884E-02 4.271519E-02 4.271054E-02 4.271375E-02 4.271271E-02 4.269803E-02 4.269901E-02 4.265417E-02 .0426445 4.264043E-02 4.263905E-02 4.262713E-02 4.262377E-02 4.261917E-02 4.261574E-02 4.261136E-02 4.260752E-02 4.259648E-02 4.258892E-02 4.258188E-02 4.256967E-02 4.256158E-02 4.256188E-02 4.255456E-02 4.258538E-02 4.258046E-02 4.257595E-02
4.290131E-02 4.286323E-02 4.286066E-02 .042877 4.287257E-02 4.287674E-02 4.286992E-02 4.282885E-02 4.279159E-02 .0427274 4.271048E-02 4.270984E-02 4.271059E-02 4.270481E-02 4.269802E-02 4.268561E-02 4.267727E-02 4.267155E-02 4.267244E-02 4.267133E-02 .0426677 4.270602E-02 4.271772E-02 4.271221E-02 4.270796E-02 4.270114E-02 4.269741E-02 4.269904E-02 4.270569E-02 4.270793E-02 4.271004E-02 4.265769E-02 4.265442E-02 4.265231E-02 4.264402E-02 4.263317E-02 .0426276 .0426223 .042617 4.261424E-02 4.260869E-02 4.260446E-02 4.260276E-02 4.259067E-02 4.258634E-02 4.257924E-02 4.256995E-02 4.256022E-02 4.255237E-02 4.258309E-02 .0425764 .0425723 4.256997E-02
.0428749 4.287191E-02 4.284672E-02 4.285748E-02 4.286478E-02 4.286136E-02 4.285906E-02 4.283058E-02 4.278798E-02 4.275125E-02 4.269202E-02 4.270665E-02 4.270814E-02 4.270579E-02 4.269822E-02 4.268521E-02 4.267811E-02 4.267024E-02 4.266603E-02 4.266819E-02 4.269933E-02 4.269556E-02 .0426998 4.269446E-02 .0427052 4.269831E-02 .0426918 4.269031E-02 4.269316E-02 4.270129E-02 4.266304E-02 4.265379E-02 4.265148E-02 4.264358E-02 4.264011E-02 4.263401E-02 4.262419E-02 4.262097E-02 .0426128 4.260816E-02 4.260325E-02 4.260011E-02 4.259655E-02 4.258558E-02 4.258135E-02 .0425763 4.256977E-02 4.255777E-02 4.254685E-02 4.257677E-02 4.257246E-02 4.256599E-02 4.256314E-02
4.286508E-02 4.286235E-02 4.285083E-02 4.284985E-02 4.285625E-02 4.285317E-02 4.285499E-02 4.284069E-02 4.278112E-02 4.275269E-02 4.268721E-02 4.269126E-02 4.270693E-02 4.270441E-02 4.269716E-02 4.268463E-02 4.267868E-02 4.267386E-02 4.266382E-02 4.266279E-02 4.269673E-02 4.269302E-02 4.269668E-02 .042694 4.268849E-02 4.268414E-02 .0426937 4.268326E-02 4.264265E-02 4.264956E-02 4.265644E-02 4.264508E-02 4.264271E-02 4.263874E-02 .0426345 4.263076E-02 .042625 4.261535E-02 .0426016 4.260283E-02 4.260052E-02 4.259529E-02 4.259107E-02 4.258042E-02 4.257573E-02 4.256993E-02 4.256338E-02 4.255429E-02 .0425484 .0425773 4.256766E-02 4.256102E-02 4.255825E-02
4.284422E-02 .0428499 4.285292E-02 4.283987E-02 4.284114E-02 .0428454 4.284143E-02 4.284123E-02 4.278839E-02 4.274256E-02 4.270597E-02 4.269198E-02 4.269731E-02 4.270814E-02 4.270513E-02 4.268587E-02 4.268062E-02 4.267509E-02 4.266906E-02 4.266031E-02 .0426921 4.269277E-02 4.269671E-02 4.269445E-02 4.268919E-02 4.268406E-02 4.268043E-02 4.262829E-02 .0426381 4.263898E-02 4.264806E-02 4.263357E-02 4.263132E-02 4.262986E-02 4.262832E-02 4.262448E-02 4.262021E-02 4.261412E-02 4.260026E-02 4.259448E-02 4.259365E-02 4.258978E-02 4.258599E-02 4.258153E-02 4.256969E-02 .0425625 4.255701E-02 4.255177E-02 4.254573E-02 4.257575E-02 4.257023E-02 4.256421E-02 4.255443E-02
4.283302E-02 4.282947E-02 4.284393E-02 4.284824E-02 4.282731E-02 4.282788E-02 4.283515E-02 4.283359E-02 4.280222E-02 4.274779E-02 4.269935E-02 4.270286E-02 .0426969 4.269675E-02 4.270573E-02 4.269497E-02 4.268479E-02 4.267892E-02 4.267441E-02 4.266678E-02 4.269798E-02 4.269388E-02 4.269318E-02 4.269254E-02 4.268784E-02 4.264118E-02 4.263662E-02 4.262963E-02 4.262476E-02 4.261737E-02 4.262628E-02 4.262401E-02 4.262191E-02 4.262147E-02 4.262075E-02 4.261804E-02 4.261338E-02 4.261006E-02 4.260775E-02 4.259647E-02 4.258548E-02 4.258344E-02 4.258198E-02 .0425767 4.256242E-02 4.255598E-02 4.255041E-02 4.254558E-02 4.253924E-02 4.257118E-02 4.256708E-02 4.256138E-02 4.255478E-02
4.281599E-02 4.281449E-02 4.282741E-02 4.282858E-02 4.283118E-02 4.281795E-02 4.281613E-02 4.282384E-02 4.279841E-02 .0427469 4.270248E-02 4.270494E-02 4.270998E-02 4.269961E-02 .0426948 4.269081E-02 4.268751E-02 4.268164E-02 4.267974E-02 .04271 4.270951E-02 4.270263E-02 4.269652E-02 4.269464E-02 4.264555E-02 4.263955E-02 4.263277E-02 4.262872E-02 4.262364E-02 4.261548E-02 4.260632E-02 4.259172E-02 .0426149 4.261286E-02 4.261029E-02 4.260692E-02 4.260806E-02 .0426046 4.260014E-02 4.259221E-02 .0425862 4.257714E-02 4.257127E-02 4.256785E-02 4.255616E-02 4.255027E-02 4.254462E-02 4.253998E-02 4.256922E-02 4.256695E-02 4.256303E-02 4.255707E-02 4.255169E-02
4.279845E-02 4.279565E-02 4.280498E-02 4.281051E-02 4.281009E-02 4.280441E-02 4.280439E-02 4.280356E-02 .0427976 4.274736E-02 4.270425E-02 4.270708E-02 4.271043E-02 .0427091 4.269576E-02 4.269206E-02 .0426896 4.268676E-02 4.268144E-02 .0427145 4.271192E-02 4.270963E-02 4.265869E-02 4.265111E-02 4.265068E-02 .0426425 4.263416E-02 4.262571E-02 4.261805E-02 4.261293E-02 4.260674E-02 4.258836E-02 .0425848 4.259146E-02 4.260191E-02 4.259979E-02 4.259723E-02 4.259593E-02 .0425939 4.258315E-02 4.258208E-02 .0425756 4.256354E-02 4.255724E-02 4.254897E-02 4.254521E-02 4.254065E-02 4.253622E-02 4.256672E-02 4.255995E-02 4.255558E-02 4.254992E-02 4.254467E-02
4.278098E-02 4.277858E-02 4.278383E-02 .0427881 4.278767E-02 4.279114E-02 4.278846E-02 4.279127E-02 4.278998E-02 4.274342E-02 4.270388E-02 4.270849E-02 4.271207E-02 .0427097 4.270682E-02 4.269464E-02 4.268515E-02 4.269174E-02 4.268929E-02 4.271796E-02 4.267156E-02 .0426707 4.266356E-02 4.265285E-02 4.265089E-02 4.264294E-02 4.263444E-02 4.262507E-02 4.261921E-02 4.261422E-02 4.260881E-02 4.258747E-02 4.257798E-02 4.257343E-02 4.257999E-02 4.257637E-02 4.258792E-02 4.258602E-02 4.258487E-02 4.257423E-02 4.257261E-02 4.256912E-02 4.256472E-02 4.255524E-02 4.254308E-02 4.254096E-02 4.253665E-02 4.253064E-02 4.255918E-02 4.255301E-02 4.254694E-02 4.254331E-02 4.254065E-02
