inputs/Middelgrunden/Resource grid 1   Sector 11   Height 64m   Sector frequency.grd
DSAA
 111           201 
 728800        731000
 6176000       6180000
 9.081858E-02  .1045527
[rows 54 to 80 of 201, columns 0 to 60 of 111]
9.417324E-02 9.438521E-02 9.459113E-02 9.479996E-02 9.497478E-02 .0951175 9.526815E-02 .0954401 9.559029E-02 9.572706E-02 9.588335E-02 9.610669E-02 9.627656E-02 9.641367E-02 9.654873E-02 9.668475E-02 9.682881E-02 9.705424E-02 9.718561E-02 9.725556E-02 9.736516E-02 9.749702E-02 9.761484E-02 9.775407E-02 9.787042E-02 9.798936E-02 9.810743E-02 .09821 9.829807E-02 9.840398E-02 9.852589E-02 9.859912E-02 9.872679E-02 .0988889 9.902238E-02 9.909923E-02 9.917255E-02 9.923062E-02 9.931159E-02 9.940796E-02 9.950273E-02 9.957589E-02 .0997562 9.992777E-02 .1000214 .1001026 .1001504 .100212 .1002624 .1002932 .10031 .1003362 .1003647 9.964554E-02 9.968703E-02 9.974581E-02 9.983702E-02 9.992429E-02 .100032 .1000938 .1001551
9.432486E-02 9.459894E-02 .094785 9.495084E-02 9.510197E-02 9.525349E-02 9.541436E-02 9.555869E-02 9.569203E-02 9.584504E-02 9.599581E-02 .0962138 .0963691 9.651412E-02 9.664616E-02 9.680992E-02 9.698046E-02 9.714875E-02 9.723537E-02 9.735042E-02 9.747593E-02 .097604 9.773133E-02 9.785189E-02 9.797946E-02 .0981043 9.820062E-02 9.828069E-02 9.839429E-02 9.854453E-02 9.863891E-02 9.876612E-02 9.890423E-02 9.899801E-02 9.907477E-02 9.913168E-02 9.918605E-02 9.927497E-02 9.938796E-02 9.949275E-02 9.965608E-02 9.975982E-02 9.990869E-02 9.999619E-02 .1000778 .1001404 .1002006 .1002494 .1002858 .1002888 .1002981 .1003312 9.962132E-02 9.972829E-02 .0998151 9.989306E-02 9.999406E-02 .1000311 .1000875 .1006514 .1007156
9.452691E-02 9.470773E-02 9.487672E-02 9.507234E-02 9.523477E-02 9.539097E-02 9.552214E-02 9.565409E-02 .0958047 9.596375E-02 9.610725E-02 9.633521E-02 9.646299E-02 9.663173E-02 .0968115 9.694299E-02 9.706888E-02 9.719456E-02 9.733736E-02 9.747658E-02 9.758562E-02 9.770124E-02 9.782627E-02 9.796617E-02 .0980779 9.817752E-02 9.827528E-02 9.843087E-02 9.855452E-02 .098662 9.877443E-02 .0988805 9.896436E-02 9.901776E-02 .0990842 9.916374E-02 9.926472E-02 9.943416E-02 9.957265E-02 9.965502E-02 9.973601E-02 9.981331E-02 9.998138E-02 .1000486 .1001222 .1001719 .1002275 .1002631 .100283 .1003151 .1003546 9.966613E-02 .0997354 9.983181E-02 9.988196E-02 9.996642E-02 .10003 .1000592 .1006456 .1007173 .1007775
9.467858E-02 .0948455 9.500077E-02 .0951442 9.530455E-02 9.547985E-02 .095621 9.577319E-02 9.593464E-02 9.607936E-02 .0962219 9.644488E-02 9.660019E-02 9.675808E-02 9.691692E-02 9.703242E-02 9.713659E-02 9.728079E-02 9.746242E-02 9.757163E-02 9.767671E-02 9.783206E-02 9.793612E-02 9.804116E-02 9.814168E-02 .0983177 9.844422E-02 9.857754E-02 9.864029E-02 9.875055E-02 9.884988E-02 9.892821E-02 9.897994E-02 9.905147E-02 9.919108E-02 9.937109E-02 9.947335E-02 9.954423E-02 9.960917E-02 9.970416E-02 9.979224E-02 9.988134E-02 .1000295 .1000989 .1001542 .1001982 .1002458 .100311 .100359 .1003891 9.967361E-02 9.972447E-02 .0998106 9.988841E-02 9.992617E-02 9.998815E-02 .1005832 .1006418 .1007037 .100766 .1008136
9.482769E-02 9.496259E-02 9.510562E-02 9.524862E-02 9.537452E-02 9.552774E-02 9.569089E-02 9.589349E-02 9.606238E-02 9.620319E-02 9.642724E-02 9.660366E-02 9.673104E-02 9.686219E-02 .0969789 9.712492E-02 .0972636 9.737936E-02 9.754596E-02 9.769902E-02 9.779616E-02 9.790546E-02 9.802563E-02 .0981894 9.833147E-02 9.847531E-02 9.854192E-02 9.861225E-02 9.872256E-02 9.881908E-02 9.888206E-02 9.897538E-02 9.916323E-02 9.925339E-02 9.934941E-02 9.943832E-02 9.950436E-02 .0995914 9.967548E-02 9.976017E-02 9.986189E-02 9.993342E-02 .1000796 .1001789 .1002324 .1002732 .1003071 .1003338 .100376 9.967586E-02 9.973785E-02 9.978138E-02 9.985759E-02 9.991557E-02 .1005176 .100579 .1006422 .100683 .1007404 .1007917 .1008406
9.494853E-02 9.508315E-02 9.521446E-02 9.536028E-02 9.549621E-02 9.563647E-02 9.579474E-02 9.596021E-02 9.618146E-02 9.634447E-02 9.656876E-02 9.671648E-02 .0968369 9.699105E-02 9.708568E-02 9.722907E-02 9.736583E-02 9.751017E-02 9.766579E-02 9.777157E-02 9.792819E-02 9.806033E-02 9.820869E-02 9.832873E-02 9.843329E-02 9.851114E-02 .0985914 9.869571E-02 9.878451E-02 9.894782E-02 9.906332E-02 9.914057E-02 9.923308E-02 9.932577E-02 9.941384E-02 9.948376E-02 9.956952E-02 9.965561E-02 9.976086E-02 9.982808E-02 9.996673E-02 .1000377 .1001828 .100222 .1002448 .1002818 .1003181 .1003539 9.965338E-02 9.974739E-02 9.981629E-02 .0998354 .1004595 .100509 .100573 .1006194 .1006717 .1007089 .1007632 .1008148 .1008658
9.505986E-02 9.520826E-02 9.533849E-02 9.547529E-02 9.560869E-02 9.577892E-02 9.594076E-02 9.610097E-02 9.628329E-02 .0964208 9.668055E-02 9.687486E-02 .096967 9.707754E-02 9.721096E-02 9.736016E-02 .0974946 9.759017E-02 9.780665E-02 9.794579E-02 9.807686E-02 9.817335E-02 .098293 9.839047E-02 9.846691E-02 9.857322E-02 9.872805E-02 9.888094E-02 9.895284E-02 9.903924E-02 9.912392E-02 9.922058E-02 .0993152 9.939042E-02 9.947112E-02 9.957396E-02 9.968442E-02 9.980468E-02 9.988014E-02 .0999564 .1000135 .1001536 .1001863 .1002207 .1002666 .1002968 .1003383 9.962827E-02 9.971032E-02 9.979253E-02 9.986522E-02 .1004445 .100489 .1005404 .1005913 .1006491 .1007017 .1007395 .100786 .1008327 .1008896
9.519513E-02 9.532668E-02 9.545524E-02 9.560037E-02 9.577989E-02 9.592335E-02 9.609901E-02 9.624825E-02 9.640098E-02 9.658749E-02 9.682567E-02 9.691869E-02 9.706631E-02 9.722025E-02 .0973303 9.744662E-02 9.762618E-02 9.778354E-02 9.790631E-02 9.804341E-02 9.813152E-02 9.825668E-02 9.834801E-02 9.848918E-02 9.866047E-02 9.876537E-02 9.884218E-02 9.892163E-02 9.902342E-02 9.911209E-02 9.920868E-02 9.931145E-02 9.938988E-02 9.953394E-02 .099625 9.972006E-02 9.979644E-02 9.985256E-02 9.991872E-02 9.998716E-02 .1000314 .1001578 .1002074 .1002554 .1002926 .1003201 9.962744E-02 9.971308E-02 .0997702 .1004056 .1004398 .1004646 .1005123 .1005706 .1006244 .1006801 .1007264 .100763 .1008135 .1008721 .1009258
9.532282E-02 9.544723E-02 9.561197E-02 9.578088E-02 9.591484E-02 9.608953E-02 9.624009E-02 9.640809E-02 9.660107E-02 9.682072E-02 9.690238E-02 9.704542E-02 9.717271E-02 9.732766E-02 9.750254E-02 9.762672E-02 .0977429 9.784803E-02 9.796123E-02 9.810336E-02 .098248 9.843384E-02 9.853523E-02 9.861829E-02 9.873755E-02 9.883147E-02 9.889746E-02 9.899969E-02 9.910668E-02 9.922238E-02 9.937158E-02 9.945346E-02 9.955368E-02 9.963308E-02 9.969351E-02 9.974289E-02 9.980134E-02 9.987426E-02 9.995363E-02 .1000118 .1000612 .1001973 .1002396 .1002617 .1003032 9.960578E-02 9.967956E-02 .1003378 .1003669 .1004073 .1004543 .1004815 .1005577 .1006066 .1006507 .1007061 .1007375 .1007962 .1008619 .1009247 .1009786
9.546658E-02 9.564661E-02 9.579707E-02 9.592857E-02 9.607696E-02 9.625547E-02 .0964478 9.660223E-02 9.674403E-02 9.691798E-02 9.702045E-02 9.722005E-02 9.734651E-02 9.748469E-02 .0975666 9.770097E-02 9.780411E-02 9.790806E-02 9.810857E-02 9.832095E-02 9.838514E-02 9.849174E-02 9.858397E-02 .0987202 9.881827E-02 9.891507E-02 9.902553E-02 9.917539E-02 9.929219E-02 9.938667E-02 9.946489E-02 9.953673E-02 9.960099E-02 9.965747E-02 9.970392E-02 9.975423E-02 9.984869E-02 9.994493E-02 9.999458E-02 .1000411 .1000838 .1001929 .1002469 .1002824 9.957927E-02 .1002603 .100296 .1003369 .1003825 .1004322 .1004946 .1005534 .1005697 .100632 .1006861 .1007445 .1008136 .1008699 .1009228 .1009789 .1010299
9.568466E-02 9.581928E-02 9.597111E-02 9.613273E-02 9.631231E-02 9.645606E-02 9.660175E-02 9.675463E-02 9.683538E-02 9.708347E-02 9.723193E-02 9.735879E-02 9.745795E-02 9.753681E-02 9.763885E-02 9.780993E-02 9.796953E-02 9.810764E-02 9.822878E-02 9.837961E-02 9.848056E-02 9.857383E-02 9.871149E-02 9.887008E-02 9.898173E-02 9.909494E-02 9.918592E-02 9.928127E-02 9.935275E-02 9.943158E-02 9.950981E-02 9.956551E-02 9.961853E-02 9.967781E-02 9.975645E-02 .0998484 9.993088E-02 9.997535E-02 .1000176 .1000534 .100082 .1001874 .100262 9.953535E-02 .1002248 .1002592 .1003076 .1003618 .100414 .1004711 .1005272 .1005766 .1006018 .1006741 .1007588 .1008311 .1008721 .1009261 .1009658 .1010038 .1010409
9.587704E-02 9.603503E-02 9.618878E-02 9.633728E-02 9.647059E-02 9.664164E-02 .0967845 9.689517E-02 .0970442 9.724185E-02 9.732648E-02 9.742802E-02 9.756754E-02 9.773904E-02 9.783629E-02 .0979317 9.805287E-02 9.817021E-02 9.828707E-02 9.842154E-02 9.866527E-02 .0987804 9.888665E-02 9.898517E-02 9.908918E-02 9.916378E-02 .0992507 9.931642E-02 9.938525E-02 9.946556E-02 9.952937E-02 9.959097E-02 9.966915E-02 9.975904E-02 9.985757E-02 9.991995E-02 9.994264E-02 9.997954E-02 .1000165 .1000419 .1000665 .1002102 .1001328 .1001903 .1002341 .1002881 .100338 .10039 .1004558 .100507 .1005709 .1006464 .1006805 .1007573 .100835 .1008777 .1009019 .1009445 .1009768 .1010118 .1010444
9.609953E-02 .096255 9.637816E-02 9.652643E-02 9.668609E-02 9.679988E-02 .0969236 9.702642E-02 9.722188E-02 9.733064E-02 9.752192E-02 9.762318E-02 9.772135E-02 9.781441E-02 9.791139E-02 9.805307E-02 9.819803E-02 9.835782E-02 9.846912E-02 9.859167E-02 9.878293E-02 9.886643E-02 9.896874E-02 9.907222E-02 9.917545E-02 .099224 9.929108E-02 9.936023E-02 9.943013E-02 9.949687E-02 9.957158E-02 9.965188E-02 9.975553E-02 9.982837E-02 9.988156E-02 9.992249E-02 9.995341E-02 9.996887E-02 9.998605E-02 .1000312 .1007026 .10009 .1001353 .1002077 .1002556 .1003041 .100371 .1004459 .1005185 .1005833 .1006465 .1007174 .1007792 .1008138 .1008484 .1008971 .1009156 .1009502 .10098 .1010128 .1010432
9.629485E-02 9.643342E-02 9.659311E-02 9.673268E-02 .0968332 9.691422E-02 9.701197E-02 .0972105 .097432 .0975142 9.759746E-02 9.770343E-02 9.780852E-02 9.798509E-02 9.813057E-02 9.826033E-02 9.837008E-02 9.846991E-02 9.857145E-02 9.868124E-02 9.882325E-02 9.891663E-02 9.905995E-02 9.914922E-02 9.921863E-02 9.926949E-02 9.933921E-02 9.942276E-02 .0994935 9.956688E-02 9.963812E-02 9.972292E-02 .0997904 9.983771E-02 9.987808E-02 9.990542E-02 9.992212E-02 9.994195E-02 .1005505 .100587 .1000565 .1001048 .1001512 .1002058 .1002884 .1003801 .100458 .1005229 .1005856 .1006486 .1007215 .1007808 .1007983 .1008089 .1008529 .1009018 .1009205 .1009532 .1009836 .1010126 .101034
9.651016E-02 9.665101E-02 9.675967E-02 9.681444E-02 9.697846E-02 9.713715E-02 9.723742E-02 9.732222E-02 9.751048E-02 9.760025E-02 9.776489E-02 9.788606E-02 9.801406E-02 9.814882E-02 9.826496E-02 9.834358E-02 9.843989E-02 9.855675E-02 9.867666E-02 9.876996E-02 .0989275 9.901091E-02 .0991032 .099154 9.926643E-02 9.933977E-02 9.941974E-02 9.947768E-02 9.954816E-02 9.960738E-02 9.969799E-02 9.975822E-02 9.978706E-02 9.982228E-02 9.984164E-02 9.985992E-02 9.989607E-02 .100512 .1005524 9.995144E-02 .1000724 .100128 .100204 .1002885 .1003861 .100463 .1005392 .1005801 .1006406 .1007051 .1007493 .1007787 .1007945 .100813 .1008536 .1008973 .1009103 .1009521 .1009883 .1010014 .1010523
9.667134E-02 9.680396E-02 9.695257E-02 9.701834E-02 .097124 9.722652E-02 9.736118E-02 9.748513E-02 9.765869E-02 9.778705E-02 9.789453E-02 9.800357E-02 9.813029E-02 9.824409E-02 9.832362E-02 9.843473E-02 9.854702E-02 9.867492E-02 9.878498E-02 .0988806 9.896957E-02 9.905716E-02 .0991343 9.922946E-02 9.931318E-02 9.936434E-02 .0994463 9.950796E-02 9.958635E-02 9.967225E-02 9.971132E-02 9.973619E-02 9.976452E-02 9.978411E-02 9.981091E-02 .1004494 .1004843 9.985252E-02 9.991534E-02 9.998976E-02 .1001343 .1002095 .1002964 .1003916 .1004679 .1005105 .1005622 .1006308 .1006853 .1007136 .1007388 .1007707 .1008126 .1008384 .1008555 .1008948 .1009125 .1009444 .1009943 .1010402 .1010747
9.688898E-02 9.696613E-02 9.702879E-02 9.717689E-02 9.729926E-02 9.739977E-02 .0974904 9.758396E-02 9.776326E-02 .0978697 9.798219E-02 9.812181E-02 9.822924E-02 9.833598E-02 9.844549E-02 .0985572 9.867249E-02 9.877472E-02 9.886984E-02 9.894374E-02 9.900944E-02 .0991196 9.921091E-02 9.929474E-02 .0993444 .099378 9.944726E-02 9.956519E-02 9.962672E-02 9.965942E-02 9.968771E-02 9.971148E-02 9.973713E-02 .1003547 .10042 .1004611 9.984047E-02 9.993223E-02 .1000006 .1000778 .1002356 .1003074 .1003736 .1004229 .100465 .1005362 .1006028 .10065 .100674 .1006984 .1007316 .100772 .1008115 .1008336 .1008595 .1009006 .1009176 .1009696 .1010372 .1011389 .1012237
9.704437E-02 9.711729E-02 9.720711E-02 9.729897E-02 9.737714E-02 9.746119E-02 9.756071E-02 9.773568E-02 9.782853E-02 9.798235E-02 .0981405 9.823921E-02 9.834281E-02 9.844865E-02 9.856986E-02 9.866633E-02 9.875427E-02 9.882909E-02 .0989169 9.898949E-02 .0990771 9.918905E-02 9.925471E-02 .0993024 9.936145E-02 9.941159E-02 9.949047E-02 9.954201E-02 .0995715 9.963974E-02 9.966592E-02 9.968649E-02 .1003381 .1004034 .1004715 9.987609E-02 9.996112E-02 .1000159 .1000907 .1002308 .1002978 .1003463 .1003877 .1004364 .1004932 .1005691 .1006012 .1006247 .1006564 .1006899 .1007283 .1007679 .1008097 .1008387 .1008701 .100973 .1010386 .1010882 .1011581 .1012159 .1012842
9.712226E-02 9.718892E-02 9.726594E-02 9.734213E-02 .0974367 9.754223E-02 9.764215E-02 9.782914E-02 9.798496E-02 9.813046E-02 9.822994E-02 9.834885E-02 9.845211E-02 9.855219E-02 9.863782E-02 9.872882E-02 9.882366E-02 9.888575E-02 9.896911E-02 9.905315E-02 9.911925E-02 9.922522E-02 9.926322E-02 9.931792E-02 9.938338E-02 9.944288E-02 9.948483E-02 .0995224 9.955981E-02 9.958407E-02 .1002379 .1003574 .1004269 .1005023 9.991301E-02 9.997057E-02 .1000248 .1000843 .1001413 .1002754 .1003149 .1003546 .1004066 .100459 .1005088 .1005448 .1005883 .1006181 .1006522 .1006917 .1007265 .1007676 .1008692 .1009516 .1010008 .1010462 .1010822 .1011488 .1012093 .1012775 .101332
9.716535E-02 .0972366 9.732855E-02 9.742618E-02 9.753741E-02 9.764704E-02 9.775629E-02 9.800214E-02 9.813818E-02 9.822034E-02 9.832913E-02 9.842473E-02 9.851858E-02 9.861985E-02 9.872143E-02 9.879903E-02 9.886834E-02 9.892736E-02 9.900877E-02 .0990856 9.913812E-02 9.922396E-02 9.926268E-02 9.933175E-02 9.941534E-02 .0994338 9.947469E-02 9.950123E-02 .1001814 .1002689 .1003591 .1004251 .1004956 9.991448E-02 9.995541E-02 .1000104 .1000666 .1001289 .1001742 .1002879 .1003223 .1003765 .1004276 .1004623 .1004957 .1005381 .1005848 .100622 .100681 .1007739 .1008298 .100874 .1009374 .1009805 .1010358 .1010916 .1011439 .1012199 .1012792 .1013337 .1013851
9.723949E-02 9.733608E-02 9.742362E-02 9.752668E-02 9.764457E-02 9.776761E-02 9.793606E-02 9.812096E-02 9.820445E-02 9.828507E-02 9.837787E-02 9.849919E-02 9.861019E-02 9.870324E-02 9.877536E-02 9.882975E-02 9.890625E-02 9.897842E-02 9.904373E-02 9.907645E-02 9.912238E-02 .0991848 9.929021E-02 9.936193E-02 9.938183E-02 9.943949E-02 .1001416 .100217 .1002872 .1003806 .1004436 .1004928 9.986093E-02 9.990744E-02 9.998755E-02 .1000428 .1001001 .1001459 .1001837 .1002986 .1003485 .1003887 .1004235 .1004588 .1004926 .1005847 .1006666 .1007227 .1007578 .100797 .1008529 .1009167 .1009662 .1010441 .1011024 .101151 .1012076 .101273 .1013327 .1013861 .1014328
.0973276 9.740765E-02 9.750029E-02 9.762014E-02 .0977613 9.792546E-02 9.809025E-02 9.816925E-02 9.825926E-02 9.836767E-02 9.846921E-02 9.858911E-02 9.868152E-02 9.873197E-02 .098792 9.887546E-02 .0989444 9.899288E-02 9.901924E-02 9.906817E-02 9.913769E-02 9.921692E-02 9.932505E-02 9.940228E-02 9.944573E-02 .1001499 .1002272 .1003074 .1003786 .1004363 .1004823 9.983349E-02 9.988796E-02 9.993403E-02 9.998659E-02 .1000457 .100116 .1001573 .1002164 .1003235 .1003533 .1003869 .1004873 .1005584 .1005899 .1006279 .1006723 .1007253 .1007718 .1008317 .1008888 .1009684 .1010323 .1011083 .1011811 .1012251 .1012684 .1013264 .1013782 .10143 .1014767
9.737689E-02 9.747348E-02 .0975756 9.775992E-02 .097904 9.799374E-02 9.812996E-02 9.823955E-02 9.834614E-02 9.845427E-02 9.853912E-02 9.862185E-02 9.867708E-02 9.875881E-02 9.883051E-02 9.889341E-02 9.893073E-02 9.896639E-02 9.902447E-02 9.911162E-02 9.922965E-02 9.929811E-02 9.939358E-02 .1001192 .1001665 .100224 .1003028 .1003532 .1004141 .1004522 9.980498E-02 9.985971E-02 9.991759E-02 .0999773 .100026 .1000594 .1001138 .1001597 .1002477 .100402 .1004557 .1004886 .1005254 .1005544 .1005886 .1006245 .1006779 .1007456 .1008083 .1008809 .1009532 .1010261 .1011041 .1011952 .1012456 .101309 .101317 .1013689 .1014235 .1014683 .1014888
9.744477E-02 9.754957E-02 9.772038E-02 9.786101E-02 .0979652 .0980355 9.821209E-02 9.831949E-02 9.840687E-02 9.850131E-02 9.856193E-02 9.862457E-02 9.870082E-02 9.876518E-02 .0988391 9.888074E-02 9.893374E-02 .0990258 9.913417E-02 9.922579E-02 9.929861E-02 .1000458 .1001073 .1001604 .1001901 .1002675 .1003267 .1003791 .1004117 9.975875E-02 9.982978E-02 9.990705E-02 9.996524E-02 .1000059 .1000385 .1001466 .1002327 .1002647 .1003626 .1003933 .1004592 .1004917 .1005165 .100544 .1005905 .1006439 .1007048 .1007803 .1008802 .1009504 .1010233 .1011095 .1011813 .1012584 .1013005 .1013562 .1013668 .1014173 .1014448 .1014591 .1014666
9.752437E-02 9.769955E-02 9.781469E-02 9.791315E-02 9.799825E-02 9.811106E-02 9.826357E-02 9.837246E-02 9.846357E-02 .0985084 9.856222E-02 9.863227E-02 9.871665E-02 9.878592E-02 9.885845E-02 .0989443 9.904394E-02 .0991351 9.922585E-02 9.997675E-02 .1000132 .1000636 .1000844 .1002053 .1002411 .1002958 .1003371 .1003683 9.970925E-02 9.979165E-02 9.988795E-02 9.994659E-02 .1000519 .1001328 .1001793 .1002102 .1002298 .100266 .1003687 .1004002 .1004239 .1004797 .1005135 .1005696 .1006263 .1006917 .1007786 .100855 .1009518 .1010245 .1011105 .1011798 .1012434 .1013111 .1013541 .1014008 .1013881 .1014084 .1014221 .1014309 .1014413
9.768068E-02 9.777488E-02 9.784679E-02 9.793571E-02 9.804866E-02 9.821089E-02 9.833052E-02 9.840444E-02 .0984458 9.851702E-02 9.859055E-02 9.867822E-02 9.877522E-02 .0988517 9.893189E-02 9.904314E-02 9.912958E-02 9.919152E-02 9.994612E-02 9.997171E-02 .1000211 .1000735 .1001319 .1002368 .1002652 .1002973 .1003395 9.967668E-02 9.980012E-02 9.993304E-02 .1000031 .1000618 .1001211 .1001622 .1001849 .1002067 .1002346 .1002621 .1003675 .1003938 .1004098 .1004686 .100521 .1006138 .1007081 .1007722 .1008548 .1009321 .1010212 .1011084 .1011742 .1012311 .1012944 .1013452 .1013828 .1013865 .1014002 .1013882 .1014004 .1014127 .1014278
9.773187E-02 9.778157E-02 9.786338E-02 9.798856E-02 9.809428E-02 9.826879E-02 9.833618E-02 .0984042 9.847672E-02 9.858444E-02 9.868457E-02 9.875803E-02 9.881146E-02 9.891921E-02 9.900913E-02 9.908795E-02 9.987413E-02 9.990837E-02 9.995596E-02 9.998619E-02 .1000476 .1001226 .100157 .1002371 .1002563 .1003639 9.977082E-02 9.985957E-02 9.992225E-02 9.997358E-02 .1000308 .1000889 .1001255 .1001555 .1001808 .1002117 .1002401 .1002586 .1003539 .1003932 .1004396 .1004985 .1005864 .1006714 .1007503 .1008591 .1009331 .101012 .1010839 .101157 .1012177 .1012762 .1013314 .1013676 .1013881 .1013669 .1013786 .1013635 .1013794 .1013972 .1014108
