inputs/Middelgrunden/Resource grid 1   Sector 5   Height 64m   Sector frequency.grd
DSAA
 111           201 
 728800        731000
 6176000       6180000
 8.534133E-02  8.677751E-02
[rows 23 to 45 of 201, columns 0 to 52 of 111]
8.664528E-02 8.662111E-02 8.661914E-02 .0865989 8.657375E-02 8.655567E-02 8.654717E-02 8.653047E-02 8.652627E-02 8.651587E-02 8.647378E-02 8.648219E-02 8.648746E-02 8.648858E-02 .0864839 8.647779E-02 8.646681E-02 8.645844E-02 8.644265E-02 8.641681E-02 8.640555E-02 8.638522E-02 8.637005E-02 8.635183E-02 .0863435 8.633328E-02 8.630887E-02 .086298 8.628999E-02 8.627977E-02 8.624384E-02 .086233 8.622359E-02 8.621754E-02 8.620409E-02 8.620159E-02 8.618017E-02 8.616987E-02 .0861906 8.618226E-02 8.614495E-02 8.613478E-02 8.613148E-02 .0861237 .0861157 8.609063E-02 8.607661E-02 8.606666E-02 8.612727E-02 8.611762E-02 .0861138 8.610678E-02 8.610266E-02
8.664136E-02 8.662044E-02 8.660718E-02 8.658825E-02 8.656892E-02 8.655415E-02 8.654359E-02 8.652772E-02 8.652585E-02 8.652541E-02 8.647405E-02 8.648208E-02 8.648786E-02 8.649097E-02 8.649088E-02 8.648524E-02 8.646334E-02 .0863784 8.643673E-02 8.641409E-02 8.640436E-02 8.638772E-02 8.636513E-02 8.635067E-02 8.633143E-02 8.632185E-02 8.630639E-02 8.629248E-02 8.628235E-02 8.627203E-02 .086237 8.622551E-02 8.621786E-02 8.620871E-02 .0861939 8.619803E-02 8.618273E-02 8.617051E-02 8.615892E-02 8.614645E-02 8.613719E-02 8.612538E-02 8.611685E-02 8.610566E-02 8.609995E-02 8.607466E-02 8.606341E-02 8.604921E-02 8.610883E-02 .0861079 8.610587E-02 8.610071E-02 8.609483E-02
8.662124E-02 .0866283 8.661195E-02 8.657894E-02 8.656528E-02 8.654536E-02 8.654151E-02 .0865285 8.652407E-02 8.652427E-02 8.647561E-02 .0864816 8.648892E-02 8.649274E-02 8.649142E-02 8.648533E-02 8.637796E-02 8.636839E-02 .0864356 8.642114E-02 8.639924E-02 8.638766E-02 8.636729E-02 8.634652E-02 8.631758E-02 8.631249E-02 8.630052E-02 .0862889 8.627659E-02 8.626819E-02 8.623615E-02 8.622538E-02 8.621205E-02 8.620093E-02 8.618721E-02 8.617458E-02 8.617837E-02 8.615918E-02 8.614592E-02 8.613603E-02 8.610529E-02 8.609322E-02 .0861135 8.610471E-02 8.608358E-02 8.606085E-02 8.604839E-02 8.603764E-02 8.609771E-02 8.609258E-02 8.609378E-02 8.609209E-02 8.608512E-02
8.661373E-02 8.661557E-02 8.660138E-02 8.657531E-02 8.655804E-02 8.654587E-02 8.653297E-02 8.652738E-02 8.651843E-02 8.650617E-02 8.647649E-02 8.649328E-02 8.649481E-02 8.649366E-02 8.640503E-02 8.640058E-02 8.637718E-02 8.636797E-02 8.642623E-02 8.641865E-02 8.640001E-02 8.638419E-02 8.636063E-02 8.633617E-02 8.631315E-02 8.629987E-02 8.629853E-02 8.628828E-02 8.627189E-02 8.625664E-02 8.623245E-02 8.622163E-02 8.621002E-02 8.619595E-02 8.618179E-02 8.616857E-02 8.615313E-02 8.615374E-02 8.614049E-02 8.612616E-02 8.611105E-02 8.608024E-02 8.607674E-02 8.606385E-02 8.607995E-02 8.605126E-02 8.604465E-02 8.610534E-02 8.609308E-02 8.608883E-02 8.608022E-02 8.607937E-02 8.607787E-02
8.660763E-02 8.660746E-02 8.659122E-02 8.657835E-02 8.655538E-02 8.654396E-02 8.652819E-02 8.652398E-02 8.651257E-02 8.649892E-02 8.648015E-02 8.649207E-02 8.650054E-02 8.640915E-02 8.640215E-02 8.639619E-02 8.637306E-02 8.636433E-02 8.642393E-02 8.640937E-02 8.640483E-02 .0863798 8.635508E-02 8.633647E-02 8.631539E-02 8.629808E-02 8.629499E-02 8.628027E-02 8.626778E-02 8.625675E-02 8.622618E-02 8.621395E-02 8.620212E-02 8.619159E-02 8.617619E-02 8.616132E-02 8.614375E-02 8.612767E-02 8.613365E-02 8.612004E-02 8.610372E-02 8.607455E-02 8.605976E-02 8.605388E-02 8.603989E-02 8.601376E-02 8.603163E-02 8.609715E-02 8.609346E-02 .0860895 .0860825 8.607809E-02 8.607542E-02
8.659962E-02 8.660122E-02 8.658628E-02 8.657793E-02 8.656267E-02 8.654366E-02 8.653325E-02 .0865182 8.650981E-02 8.649594E-02 8.647463E-02 8.639479E-02 8.641326E-02 8.641498E-02 8.640417E-02 .086396 8.637369E-02 8.643298E-02 8.642121E-02 8.640811E-02 8.638828E-02 8.637526E-02 8.635108E-02 8.632383E-02 8.630997E-02 8.629134E-02 8.627599E-02 8.627511E-02 8.626357E-02 8.625332E-02 8.622402E-02 8.620963E-02 8.619753E-02 8.618158E-02 8.616403E-02 8.614907E-02 8.613593E-02 .0861201 8.610793E-02 8.611391E-02 8.609786E-02 .0860635 8.604993E-02 8.604206E-02 8.603301E-02 8.600725E-02 8.599866E-02 .0860623 8.608225E-02 8.608061E-02 .0860765 8.607203E-02 8.606786E-02
.0865988 .0866015 8.658543E-02 8.656806E-02 8.656118E-02 8.655187E-02 8.653367E-02 8.652133E-02 .0865068 8.649059E-02 8.638436E-02 8.639516E-02 8.640214E-02 8.641451E-02 8.640394E-02 8.639595E-02 8.638486E-02 8.642589E-02 .0864176 8.640078E-02 8.638293E-02 .0863724 8.635413E-02 .0863186 8.630416E-02 8.628291E-02 8.626934E-02 8.627101E-02 8.625726E-02 8.624499E-02 8.621312E-02 8.620483E-02 8.618733E-02 8.617005E-02 8.615287E-02 .0861393 .0861224 8.611179E-02 8.609848E-02 8.608627E-02 8.608722E-02 .0860742 8.604421E-02 8.603175E-02 8.602295E-02 .0860186 8.599336E-02 8.605176E-02 8.604621E-02 8.604352E-02 8.607107E-02 8.606297E-02 8.606346E-02
8.661573E-02 8.660094E-02 8.658494E-02 8.657333E-02 8.656117E-02 8.655391E-02 8.653551E-02 8.652143E-02 8.641538E-02 8.640184E-02 8.638234E-02 8.639169E-02 8.639894E-02 8.640751E-02 8.640417E-02 8.639061E-02 8.637725E-02 8.642479E-02 8.641001E-02 8.639192E-02 8.637796E-02 .0863613 8.634883E-02 8.632502E-02 8.629353E-02 8.627844E-02 8.626989E-02 8.625344E-02 8.625176E-02 8.623938E-02 .0862051 8.619774E-02 8.618052E-02 8.616023E-02 8.614434E-02 8.612579E-02 .0861106 8.609595E-02 8.608393E-02 8.607004E-02 8.607271E-02 8.606213E-02 8.603608E-02 8.602282E-02 8.601701E-02 8.601015E-02 8.598772E-02 8.604921E-02 8.604371E-02 8.603862E-02 .086034 8.603136E-02 .0860493
8.661909E-02 8.660322E-02 8.658862E-02 8.657803E-02 8.656501E-02 8.655704E-02 8.654363E-02 8.643289E-02 8.641721E-02 8.639704E-02 8.637476E-02 .0863472 8.638886E-02 8.639158E-02 8.639641E-02 .0863911 8.637896E-02 8.641557E-02 8.639894E-02 8.638587E-02 8.637116E-02 8.635355E-02 8.632936E-02 8.631646E-02 8.629271E-02 8.627281E-02 8.626363E-02 8.624715E-02 8.624469E-02 8.621223E-02 8.619594E-02 8.618383E-02 .0861701 8.615357E-02 8.613528E-02 8.611781E-02 8.610147E-02 8.608632E-02 8.607182E-02 .0860593 8.604822E-02 8.604868E-02 8.602984E-02 8.602437E-02 8.600869E-02 .0859999 8.597943E-02 8.604636E-02 8.603986E-02 8.603308E-02 8.602496E-02 8.601598E-02 8.601557E-02
8.662916E-02 8.661244E-02 .0865958 .0865816 8.656967E-02 8.646021E-02 .0864534 8.643853E-02 8.641232E-02 8.638756E-02 8.636245E-02 8.633843E-02 8.638062E-02 8.637803E-02 8.638148E-02 8.638752E-02 8.637322E-02 8.640807E-02 .0863926 8.637695E-02 8.636259E-02 8.634486E-02 8.631682E-02 8.629723E-02 8.628523E-02 8.627074E-02 8.625471E-02 8.624003E-02 8.623827E-02 8.620296E-02 8.618454E-02 8.617106E-02 8.615815E-02 8.614451E-02 8.613041E-02 8.610951E-02 8.609073E-02 8.607419E-02 8.606164E-02 8.604948E-02 8.604129E-02 8.603089E-02 8.602399E-02 8.601972E-02 8.600528E-02 8.599429E-02 8.604446E-02 8.603749E-02 8.603181E-02 8.602338E-02 8.601553E-02 8.600766E-02 8.600495E-02
8.663519E-02 8.662128E-02 8.660248E-02 8.658417E-02 8.648095E-02 8.645935E-02 8.644371E-02 8.643464E-02 .0864123 8.638193E-02 8.635286E-02 8.632834E-02 8.636878E-02 8.636697E-02 8.637375E-02 8.636369E-02 8.642738E-02 8.640384E-02 8.638403E-02 8.636945E-02 8.635466E-02 .0863287 8.630946E-02 8.629309E-02 8.627695E-02 8.626516E-02 8.625239E-02 8.622918E-02 8.621612E-02 8.619037E-02 .0861748 8.616109E-02 8.615018E-02 8.613382E-02 .0861208 .0861038 8.608373E-02 8.606925E-02 .0860563 8.604512E-02 8.603627E-02 8.602922E-02 8.602298E-02 8.601198E-02 8.600201E-02 8.599223E-02 8.603367E-02 .0860272 8.601963E-02 8.601237E-02 8.600699E-02 8.599985E-02 .085996
8.664233E-02 8.662207E-02 8.651636E-02 .0864972 8.647993E-02 8.646511E-02 8.643909E-02 8.641731E-02 8.639888E-02 8.637044E-02 8.633995E-02 8.631751E-02 8.635811E-02 .0863592 8.635255E-02 8.635085E-02 8.641195E-02 8.639565E-02 8.638548E-02 8.636086E-02 8.634469E-02 8.632446E-02 8.630644E-02 8.628657E-02 .0862705 8.625395E-02 8.624193E-02 8.622421E-02 8.620018E-02 8.617726E-02 8.616198E-02 8.615039E-02 .0861408 8.612598E-02 8.610832E-02 8.609411E-02 8.607855E-02 8.606401E-02 8.605266E-02 8.604474E-02 8.603805E-02 8.602603E-02 8.601787E-02 8.599585E-02 8.600087E-02 8.598692E-02 8.602872E-02 8.601642E-02 8.600831E-02 8.600408E-02 .0860013 8.599268E-02 8.598641E-02
8.665264E-02 8.653913E-02 8.651794E-02 8.649857E-02 8.648174E-02 8.646943E-02 8.643718E-02 8.641237E-02 .0863879 8.636529E-02 8.633044E-02 8.630671E-02 8.635064E-02 8.634552E-02 8.634125E-02 8.633433E-02 8.640518E-02 8.638176E-02 8.637378E-02 .0863501 8.633592E-02 8.631509E-02 8.629641E-02 8.627956E-02 8.626404E-02 8.624461E-02 8.622208E-02 8.620723E-02 .0861894 8.615549E-02 8.615474E-02 8.614273E-02 8.612841E-02 .0861155 8.609969E-02 8.608523E-02 8.607513E-02 8.606382E-02 8.605359E-02 8.604475E-02 8.603495E-02 8.602194E-02 .0860163 8.599118E-02 8.598232E-02 8.597845E-02 8.603279E-02 8.601046E-02 8.600105E-02 8.599343E-02 8.598751E-02 8.597903E-02 8.597058E-02
8.656464E-02 8.654295E-02 8.652093E-02 8.650839E-02 8.649053E-02 8.646655E-02 8.643361E-02 8.640248E-02 8.637056E-02 8.635258E-02 8.632261E-02 8.630026E-02 8.629403E-02 .0863298 8.633134E-02 8.632708E-02 8.638692E-02 8.636864E-02 8.636199E-02 8.634903E-02 8.632205E-02 8.630215E-02 8.628759E-02 .0862705 8.625389E-02 8.623835E-02 8.621288E-02 .0861932 8.618509E-02 8.614958E-02 8.614659E-02 8.613495E-02 8.612192E-02 8.610949E-02 8.609577E-02 8.608386E-02 8.607274E-02 8.606505E-02 8.605445E-02 8.604272E-02 8.603137E-02 8.602218E-02 8.601343E-02 8.600394E-02 8.597622E-02 8.596113E-02 8.602874E-02 8.600374E-02 8.599547E-02 8.598348E-02 8.597402E-02 8.596067E-02 .0859529
8.653406E-02 8.652458E-02 8.651315E-02 8.650364E-02 8.648294E-02 8.645396E-02 8.642377E-02 8.638941E-02 8.635948E-02 8.633351E-02 8.631349E-02 8.629393E-02 8.627707E-02 .0863168 8.631784E-02 8.638276E-02 .0863766 8.635262E-02 8.634379E-02 8.633395E-02 8.631199E-02 8.628917E-02 8.627304E-02 8.625767E-02 8.624148E-02 8.622572E-02 8.620405E-02 8.618972E-02 8.617406E-02 8.614325E-02 8.612821E-02 .0861249 8.611342E-02 8.610594E-02 8.609547E-02 8.608365E-02 8.607034E-02 .0860593 8.605023E-02 8.604264E-02 8.603206E-02 8.601954E-02 8.601046E-02 8.599772E-02 .0859684 8.602569E-02 8.602351E-02 8.599837E-02 8.598556E-02 8.597658E-02 8.596208E-02 8.594865E-02 8.594309E-02
8.649849E-02 8.649767E-02 .0864991 8.646508E-02 8.644704E-02 8.642899E-02 8.640631E-02 8.637567E-02 8.634534E-02 8.631423E-02 8.628635E-02 8.628146E-02 8.626835E-02 8.630392E-02 8.630353E-02 .0863646 8.635569E-02 8.634558E-02 8.632302E-02 8.630835E-02 8.629785E-02 8.628207E-02 8.625846E-02 8.624399E-02 8.622944E-02 8.621772E-02 8.619836E-02 8.618267E-02 8.616901E-02 8.613164E-02 8.612114E-02 .0861207 8.611099E-02 .0860997 8.609306E-02 8.607892E-02 8.606713E-02 8.605573E-02 8.604611E-02 8.604074E-02 8.603014E-02 8.601349E-02 8.600391E-02 8.599269E-02 8.596295E-02 8.601379E-02 8.599796E-02 8.598427E-02 8.597204E-02 8.595566E-02 8.595044E-02 8.594658E-02 8.593618E-02
8.646435E-02 8.648062E-02 8.647026E-02 8.644008E-02 8.641504E-02 8.639895E-02 8.637562E-02 8.634701E-02 8.631672E-02 8.628328E-02 8.626632E-02 8.626877E-02 8.626185E-02 8.628662E-02 .0862828 8.634274E-02 8.633973E-02 8.632553E-02 8.629636E-02 8.628393E-02 8.627264E-02 8.626772E-02 8.625438E-02 8.623048E-02 8.622367E-02 .0862105 8.619285E-02 .0861733 8.615901E-02 8.612391E-02 8.611209E-02 8.612023E-02 .0861061 8.609451E-02 8.608474E-02 8.607415E-02 8.606387E-02 .086055 8.604255E-02 8.603138E-02 8.602095E-02 8.600753E-02 8.599539E-02 8.598077E-02 8.596674E-02 8.600312E-02 8.598941E-02 8.595771E-02 8.595834E-02 8.595058E-02 8.594513E-02 8.594303E-02 8.593278E-02
8.646167E-02 8.645689E-02 8.644857E-02 8.642102E-02 8.639172E-02 8.636607E-02 8.634612E-02 8.631702E-02 8.628558E-02 8.625384E-02 8.624189E-02 8.623717E-02 8.623739E-02 8.622838E-02 8.625347E-02 .0863207 8.631375E-02 8.630227E-02 .0862776 8.625721E-02 8.625269E-02 8.624231E-02 8.623678E-02 8.622618E-02 8.621108E-02 8.619776E-02 8.618306E-02 8.616623E-02 8.613333E-02 8.611877E-02 8.610936E-02 8.609977E-02 8.610331E-02 8.608545E-02 8.608051E-02 8.606771E-02 8.605792E-02 8.604541E-02 8.603296E-02 8.602262E-02 8.600882E-02 8.599608E-02 .0859859 8.597014E-02 8.595779E-02 8.599517E-02 8.597766E-02 8.596206E-02 8.594217E-02 8.594818E-02 8.594073E-02 8.593301E-02 8.592124E-02
8.646085E-02 8.643957E-02 8.642247E-02 8.639598E-02 .0863736 8.633737E-02 8.630977E-02 8.627923E-02 8.625469E-02 8.622295E-02 8.621559E-02 8.620796E-02 8.620276E-02 8.619823E-02 8.630004E-02 8.629182E-02 8.628444E-02 8.627687E-02 8.625658E-02 8.623981E-02 8.623409E-02 .0862247 8.621743E-02 8.621447E-02 8.620105E-02 8.618955E-02 8.617742E-02 8.616116E-02 8.612738E-02 8.611495E-02 8.610088E-02 8.608972E-02 8.609749E-02 8.608715E-02 8.606927E-02 8.606306E-02 .0860498 8.603355E-02 8.602293E-02 8.601029E-02 8.599719E-02 .0859843 8.597612E-02 8.596363E-02 8.594689E-02 8.598347E-02 .0859716 8.596353E-02 .0859395 8.592744E-02 8.593018E-02 8.592341E-02 8.591161E-02
8.646341E-02 .086425 8.639155E-02 8.637299E-02 8.634663E-02 8.631063E-02 8.628013E-02 8.625552E-02 8.622608E-02 8.620232E-02 .0861863 8.618263E-02 8.617386E-02 8.616873E-02 .0862768 8.626222E-02 8.626031E-02 8.625618E-02 8.623042E-02 8.622183E-02 8.621329E-02 8.620968E-02 8.620336E-02 8.620282E-02 8.619747E-02 .0861816 8.616668E-02 8.615617E-02 8.611877E-02 8.610784E-02 8.609519E-02 8.608543E-02 8.607519E-02 8.607739E-02 8.606414E-02 8.604979E-02 8.603781E-02 8.602296E-02 8.600897E-02 8.599905E-02 8.598956E-02 .0859787 8.596475E-02 8.595357E-02 8.594015E-02 8.597919E-02 8.597066E-02 8.595789E-02 8.592888E-02 .0859184 8.591063E-02 8.591485E-02 8.590541E-02
8.644918E-02 8.641372E-02 8.637363E-02 8.634415E-02 8.632293E-02 8.629059E-02 8.625713E-02 8.622772E-02 8.620225E-02 8.617961E-02 8.615841E-02 8.615784E-02 8.615136E-02 8.614354E-02 8.625139E-02 8.624883E-02 8.624027E-02 8.623555E-02 8.620977E-02 8.620068E-02 8.619595E-02 8.618777E-02 8.618678E-02 8.618291E-02 8.618218E-02 8.616951E-02 8.615411E-02 .0861446 8.610654E-02 8.609713E-02 8.608773E-02 8.607522E-02 8.606268E-02 8.606508E-02 8.605269E-02 8.604338E-02 8.602729E-02 8.601338E-02 .0860012 8.599131E-02 8.597936E-02 .0859698 8.595736E-02 8.594588E-02 .086004 8.599151E-02 8.595932E-02 .0859474 8.592189E-02 8.590603E-02 .0859028 8.591107E-02 8.590019E-02
8.643351E-02 8.639409E-02 8.635891E-02 8.632018E-02 8.629259E-02 8.627761E-02 8.624649E-02 8.620872E-02 8.618075E-02 8.615588E-02 8.614048E-02 8.613791E-02 8.613099E-02 8.612319E-02 8.618354E-02 8.622876E-02 8.622141E-02 .0862099 8.619045E-02 8.618481E-02 8.617942E-02 8.617228E-02 8.616946E-02 8.617306E-02 8.616004E-02 8.615491E-02 .0861426 8.612669E-02 8.609261E-02 8.608172E-02 8.607357E-02 8.606549E-02 8.605527E-02 8.604184E-02 8.604016E-02 8.603146E-02 8.602145E-02 8.600596E-02 8.599328E-02 8.598199E-02 8.597413E-02 8.596433E-02 8.595385E-02 8.594009E-02 8.599713E-02 8.598654E-02 8.595368E-02 8.593678E-02 .0859127 8.590176E-02 8.589582E-02 .0858924 8.589327E-02
8.641002E-02 8.637102E-02 8.633766E-02 8.630583E-02 8.627547E-02 .0862608 8.622864E-02 8.619095E-02 8.615201E-02 8.613405E-02 8.612162E-02 8.611474E-02 8.610623E-02 8.616974E-02 8.616247E-02 8.620128E-02 8.620171E-02 8.619296E-02 8.617535E-02 8.616917E-02 8.616424E-02 8.616284E-02 8.615408E-02 8.615334E-02 8.614485E-02 8.613198E-02 8.612435E-02 .0861136 8.607942E-02 8.606406E-02 8.605868E-02 .0860498 8.603983E-02 8.603124E-02 8.602872E-02 8.601759E-02 8.601458E-02 8.600095E-02 8.598737E-02 8.597764E-02 .0859685 8.595705E-02 8.594491E-02 8.593279E-02 8.598831E-02 8.597213E-02 8.594786E-02 .0859358 8.591232E-02 8.589916E-02 8.589684E-02 8.588818E-02 8.587395E-02
