inputs/Middelgrunden/Resource grid 1   Sector 4   Height 64m   Sector frequency.grd
DSAA
 111           201 
 728800        731000
 6176000       6180000
 .0790464      8.066297E-02
[rows 24 to 47 of 201, columns 53 to 105 of 111]
7.995348E-02 7.995124E-02 7.994975E-02 7.994029E-02 7.993264E-02 7.992414E-02 7.990508E-02 7.989888E-02 7.988662E-02 .0798762 7.986259E-02 .0798539 7.984824E-02 7.984231E-02 7.983541E-02 7.982848E-02 7.981866E-02 7.981113E-02 7.978163E-02 7.977252E-02 7.976256E-02 7.974117E-02 7.973618E-02 7.972666E-02 7.979013E-02 7.978506E-02 7.978009E-02 7.977439E-02 7.976805E-02 7.976297E-02 7.975493E-02 7.974718E-02 7.979009E-02 .0798094 7.978605E-02 7.978144E-02 .0797743 7.976711E-02 7.976004E-02 7.975504E-02 7.974871E-02 7.974172E-02 7.973531E-02 7.974395E-02 .0797335 7.972593E-02 7.971552E-02 7.971025E-02 7.970193E-02 7.969026E-02 7.967788E-02 7.965066E-02 7.971184E-02
7.994393E-02 7.994493E-02 7.993761E-02 7.992769E-02 7.992245E-02 .0799148 7.988728E-02 .0798829 7.986994E-02 7.986505E-02 7.985463E-02 7.984498E-02 7.984387E-02 7.983733E-02 7.982856E-02 7.981924E-02 7.980995E-02 7.980384E-02 7.979605E-02 7.976037E-02 7.975408E-02 7.973416E-02 7.973003E-02 7.978506E-02 7.977962E-02 7.977474E-02 7.976962E-02 7.976382E-02 7.975418E-02 7.974859E-02 7.974159E-02 7.978789E-02 7.978021E-02 7.977957E-02 7.978085E-02 7.977679E-02 7.977022E-02 7.976332E-02 7.975647E-02 7.975012E-02 7.974518E-02 7.973637E-02 7.972938E-02 7.974004E-02 7.973206E-02 7.971835E-02 7.970564E-02 7.969714E-02 7.968889E-02 7.967788E-02 7.966908E-02 7.963388E-02 7.970341E-02
7.993871E-02 7.993315E-02 7.992423E-02 7.991559E-02 7.990722E-02 7.990096E-02 7.987651E-02 7.987192E-02 7.986219E-02 7.985549E-02 .0798446 .079837 .0798353 7.982808E-02 7.981911E-02 7.981095E-02 .0798017 7.979175E-02 .0797848 7.975351E-02 7.974718E-02 7.974151E-02 7.972232E-02 7.977748E-02 7.977534E-02 7.976881E-02 7.975908E-02 .0797508 7.974461E-02 7.973935E-02 .079784 7.977918E-02 7.977582E-02 7.977284E-02 7.975121E-02 7.976986E-02 7.976381E-02 7.975736E-02 7.975194E-02 7.974415E-02 7.973608E-02 7.972951E-02 7.972369E-02 7.971558E-02 7.972214E-02 7.970686E-02 7.969375E-02 7.968558E-02 7.967562E-02 7.966804E-02 7.966104E-02 7.965251E-02 7.969677E-02
7.992635E-02 7.992158E-02 .0799141 .0799033 7.989556E-02 7.988662E-02 7.986182E-02 7.985312E-02 7.985334E-02 7.984053E-02 7.983261E-02 7.982714E-02 7.982451E-02 7.981607E-02 7.980666E-02 7.979815E-02 7.978819E-02 7.978229E-02 .0797776 7.974511E-02 7.974026E-02 7.973425E-02 .079714 7.976775E-02 7.976308E-02 7.975673E-02 7.975097E-02 7.974051E-02 7.973357E-02 7.978439E-02 7.978011E-02 7.977574E-02 .0797719 7.977054E-02 7.974729E-02 7.974167E-02 7.975706E-02 7.975206E-02 7.974552E-02 7.973537E-02 7.972831E-02 7.971836E-02 7.971097E-02 7.969986E-02 7.970365E-02 7.969429E-02 7.968217E-02 7.967252E-02 7.966688E-02 7.965863E-02 7.965128E-02 7.964519E-02 7.969321E-02
7.991906E-02 .079915 .0799047 .079894 .0798796 7.985336E-02 7.984357E-02 7.983675E-02 .0798398 .0798313 7.982627E-02 7.982178E-02 7.981204E-02 7.980549E-02 7.979611E-02 7.978836E-02 7.978018E-02 7.977598E-02 7.977106E-02 7.976305E-02 7.973007E-02 7.972362E-02 7.970107E-02 7.975501E-02 7.975181E-02 7.974666E-02 .0797407 7.973318E-02 7.978106E-02 7.977775E-02 7.977245E-02 .0797694 7.976536E-02 7.976652E-02 .0797421 7.973816E-02 7.973305E-02 7.975025E-02 7.973903E-02 7.972667E-02 7.971778E-02 .0797089 7.970176E-02 7.969181E-02 7.967497E-02 7.968401E-02 7.967517E-02 7.966401E-02 7.965802E-02 .0796515 7.964727E-02 .0796397 7.971404E-02
7.990513E-02 7.989854E-02 7.989072E-02 7.988686E-02 7.987926E-02 7.985291E-02 7.983815E-02 .079831 7.981982E-02 7.982107E-02 7.981496E-02 7.981378E-02 7.980222E-02 7.979275E-02 7.978395E-02 .0797789 7.977083E-02 7.976539E-02 7.976133E-02 7.975397E-02 7.971755E-02 7.971006E-02 7.969029E-02 7.974529E-02 7.974157E-02 7.973742E-02 7.973339E-02 7.978307E-02 7.977753E-02 7.977436E-02 7.976837E-02 7.976494E-02 .0797625 7.976304E-02 7.974017E-02 7.973478E-02 7.972518E-02 7.971486E-02 7.972535E-02 7.971603E-02 7.970866E-02 7.969975E-02 7.969341E-02 7.967808E-02 7.966719E-02 7.965745E-02 7.966663E-02 7.965917E-02 7.965381E-02 .0796462 7.964153E-02 7.959667E-02 7.966099E-02
7.989588E-02 .0798893 7.988434E-02 7.987824E-02 7.987441E-02 7.983786E-02 7.982866E-02 7.982451E-02 7.981858E-02 7.981697E-02 7.980903E-02 7.981248E-02 7.979682E-02 7.978787E-02 7.977791E-02 7.977083E-02 .0797648 7.975884E-02 .0797525 7.974527E-02 7.970958E-02 7.970306E-02 7.968027E-02 7.973474E-02 7.973188E-02 7.973194E-02 7.978176E-02 7.977615E-02 7.976904E-02 7.976975E-02 7.976571E-02 7.976201E-02 7.975685E-02 7.975563E-02 .0797315 7.972133E-02 7.971095E-02 .0797032 7.969537E-02 7.971037E-02 7.970029E-02 7.968871E-02 7.968012E-02 7.966787E-02 7.965873E-02 .079649 7.966077E-02 7.965556E-02 7.964975E-02 .0796429 7.959761E-02 .0795946 7.965923E-02
7.986555E-02 7.988537E-02 7.987852E-02 7.986987E-02 7.985888E-02 7.983156E-02 7.982621E-02 7.982043E-02 7.981009E-02 7.980118E-02 7.980567E-02 .079803 7.979547E-02 7.978595E-02 7.977842E-02 7.977167E-02 7.975543E-02 .0797475 7.974263E-02 7.973465E-02 7.972599E-02 7.969118E-02 .0796872 7.973176E-02 7.973151E-02 .0797827 7.977963E-02 7.977096E-02 7.976693E-02 7.976732E-02 7.976259E-02 7.975794E-02 7.975007E-02 7.974392E-02 7.971828E-02 7.971248E-02 7.970294E-02 7.969707E-02 7.968826E-02 7.968027E-02 7.968919E-02 7.967784E-02 7.966514E-02 7.965948E-02 7.965149E-02 7.964437E-02 7.963765E-02 7.965124E-02 7.960725E-02 7.960001E-02 7.959626E-02 7.959151E-02 7.965582E-02
7.985698E-02 7.985057E-02 7.983882E-02 7.985366E-02 7.984363E-02 7.981981E-02 7.981572E-02 7.981121E-02 .079807 7.979541E-02 7.980081E-02 7.979549E-02 7.978784E-02 .0797796 7.976808E-02 7.976172E-02 7.975319E-02 7.974462E-02 .0797404 .0797335 7.972543E-02 7.968541E-02 7.968442E-02 7.973079E-02 7.978059E-02 7.978106E-02 7.977778E-02 7.977141E-02 7.976681E-02 7.976604E-02 7.975654E-02 7.974848E-02 7.973854E-02 7.973422E-02 7.970989E-02 7.970317E-02 7.969425E-02 7.968843E-02 7.967851E-02 7.966658E-02 7.967985E-02 7.966932E-02 7.965645E-02 7.965035E-02 7.964475E-02 .0796385 7.959151E-02 7.960545E-02 .0796022 7.959794E-02 7.958657E-02 7.964464E-02 7.964796E-02
7.984199E-02 7.984019E-02 7.982945E-02 7.982376E-02 7.981298E-02 .0798112 7.980417E-02 7.980137E-02 7.979797E-02 7.979117E-02 7.978651E-02 7.978728E-02 7.977568E-02 7.976993E-02 .07976 7.975347E-02 7.974462E-02 7.973978E-02 7.973497E-02 7.972667E-02 7.972203E-02 7.971807E-02 7.968798E-02 7.978694E-02 7.978363E-02 7.977913E-02 7.977585E-02 .0797663 7.975686E-02 .0797552 7.974713E-02 7.973885E-02 7.973392E-02 7.972775E-02 7.970275E-02 7.969533E-02 7.968749E-02 7.967588E-02 7.966795E-02 7.965716E-02 7.964893E-02 7.965613E-02 7.964858E-02 7.964358E-02 7.959644E-02 7.959063E-02 7.958623E-02 7.957817E-02 7.959036E-02 7.958592E-02 7.958058E-02 7.964331E-02 7.964669E-02
7.983106E-02 7.982619E-02 .0798203 7.981713E-02 7.980695E-02 7.978012E-02 7.977522E-02 7.979124E-02 7.978688E-02 7.978454E-02 7.977773E-02 7.977709E-02 7.976968E-02 7.976325E-02 .0797539 7.974739E-02 7.974011E-02 7.973245E-02 .0797278 7.972125E-02 7.971714E-02 7.971405E-02 7.979906E-02 .0797811 7.978018E-02 7.977905E-02 7.977292E-02 7.976364E-02 7.975744E-02 7.974663E-02 7.974054E-02 7.973219E-02 7.972638E-02 7.972071E-02 7.969416E-02 7.968497E-02 7.967688E-02 .0796685 7.965878E-02 7.964836E-02 7.964239E-02 7.962903E-02 .0796435 7.959656E-02 7.958915E-02 7.957897E-02 7.957398E-02 7.956834E-02 7.958498E-02 7.958313E-02 .0795811 7.964206E-02 7.964422E-02
7.981788E-02 7.981224E-02 7.980882E-02 7.980182E-02 7.980167E-02 .0797762 7.976831E-02 7.976227E-02 7.975514E-02 7.977372E-02 7.976907E-02 .0797595 7.976083E-02 7.975452E-02 7.975005E-02 7.974267E-02 7.973364E-02 7.972787E-02 7.972508E-02 7.972073E-02 7.971593E-02 7.976322E-02 7.979397E-02 7.978538E-02 .0797699 7.976748E-02 7.976361E-02 7.975681E-02 7.974873E-02 7.974334E-02 7.973869E-02 7.972988E-02 7.972407E-02 7.971194E-02 .0796845 7.967646E-02 7.966625E-02 .0796607 7.965244E-02 7.964176E-02 7.963054E-02 7.958146E-02 7.956858E-02 7.958391E-02 7.957966E-02 7.957414E-02 7.956948E-02 7.956538E-02 7.956249E-02 7.957994E-02 7.957705E-02 7.963903E-02 7.964098E-02
7.980859E-02 7.980818E-02 7.980487E-02 7.979828E-02 7.979178E-02 7.977127E-02 7.976156E-02 7.975467E-02 .079748 .0797445 7.973519E-02 7.975277E-02 7.975801E-02 7.975189E-02 7.974612E-02 7.974018E-02 7.973246E-02 7.972813E-02 7.972489E-02 7.977553E-02 7.976776E-02 .0797573 7.981444E-02 7.977881E-02 7.976487E-02 7.976535E-02 .079759 7.974917E-02 7.974133E-02 .0797368 7.973091E-02 7.972383E-02 7.971553E-02 7.970718E-02 7.967985E-02 .0796722 .0796625 7.965691E-02 7.964392E-02 7.958871E-02 7.957351E-02 7.956703E-02 7.956041E-02 7.955935E-02 7.957646E-02 7.957165E-02 7.956808E-02 7.956372E-02 7.955921E-02 7.955819E-02 7.957622E-02 7.963932E-02 7.963885E-02
.0798031 7.980218E-02 7.979169E-02 7.979053E-02 7.978195E-02 7.975467E-02 7.975242E-02 7.974658E-02 7.973836E-02 7.973926E-02 7.973038E-02 7.972475E-02 7.971837E-02 .0797468 7.973987E-02 .0797374 7.973185E-02 7.972721E-02 7.977388E-02 7.976592E-02 7.975686E-02 7.974982E-02 7.980938E-02 7.977332E-02 7.975685E-02 7.975734E-02 .0797504 .0797419 7.973424E-02 7.973084E-02 7.972381E-02 7.971618E-02 7.970735E-02 7.969834E-02 7.967081E-02 7.966298E-02 .0796515 7.959883E-02 7.959341E-02 7.958245E-02 7.957523E-02 7.957001E-02 .0795574 7.955239E-02 7.954949E-02 7.956671E-02 7.956357E-02 7.956105E-02 7.955785E-02 7.955655E-02 7.957306E-02 7.963666E-02 7.963569E-02
7.979447E-02 7.979118E-02 7.977743E-02 7.977418E-02 7.976852E-02 7.974403E-02 7.973515E-02 7.973313E-02 7.973248E-02 7.973268E-02 7.972356E-02 7.971854E-02 7.971222E-02 7.971981E-02 7.971804E-02 .0797375 7.972845E-02 7.977518E-02 7.976492E-02 7.975934E-02 7.975247E-02 7.974598E-02 7.980502E-02 7.976907E-02 7.975043E-02 .0797502 7.974314E-02 7.973553E-02 7.972869E-02 7.972325E-02 7.971668E-02 7.970936E-02 7.969909E-02 7.968735E-02 .0796565 7.964963E-02 7.959815E-02 7.959133E-02 7.958684E-02 .0795781 7.956993E-02 7.956413E-02 7.955731E-02 7.955366E-02 7.955036E-02 7.954701E-02 7.955976E-02 7.955774E-02 7.955313E-02 7.955286E-02 7.955087E-02 7.963178E-02 7.963046E-02
7.978354E-02 7.977279E-02 7.976606E-02 .0797657 7.975771E-02 7.973274E-02 7.972711E-02 7.972337E-02 7.972512E-02 7.973036E-02 .0797231 7.971294E-02 7.970786E-02 7.970431E-02 .07971 7.970894E-02 .0797622 7.976619E-02 .0797611 .0797549 7.974879E-02 7.974277E-02 7.979916E-02 7.978863E-02 7.975714E-02 7.974359E-02 7.973818E-02 7.973142E-02 7.972362E-02 7.971787E-02 7.970887E-02 7.969467E-02 7.968556E-02 7.967766E-02 7.960805E-02 7.960106E-02 7.959341E-02 7.958767E-02 7.957859E-02 7.957322E-02 7.956372E-02 7.955694E-02 .0795521 .0795487 7.954726E-02 7.954374E-02 7.954032E-02 7.956014E-02 7.955837E-02 .0795562 7.954686E-02 7.962704E-02 7.962392E-02
7.977587E-02 .0797665 7.975696E-02 7.975402E-02 7.975189E-02 7.972608E-02 .079721 7.972061E-02 7.972209E-02 7.972056E-02 7.971962E-02 7.970764E-02 7.970109E-02 7.969372E-02 7.970402E-02 7.975584E-02 7.975225E-02 7.975046E-02 7.974599E-02 7.974961E-02 7.974412E-02 7.973319E-02 .0797905 7.978245E-02 7.975261E-02 7.973962E-02 7.973357E-02 7.972535E-02 7.971225E-02 .0797027 7.969491E-02 7.968939E-02 7.963715E-02 7.962915E-02 7.960247E-02 7.959697E-02 7.958941E-02 7.958268E-02 7.957132E-02 7.956576E-02 7.956214E-02 7.955538E-02 7.955087E-02 7.954652E-02 7.954588E-02 7.954273E-02 7.954063E-02 7.953665E-02 7.955365E-02 7.955143E-02 7.954293E-02 .0796048 7.961904E-02
7.976833E-02 7.975922E-02 7.975273E-02 7.974757E-02 7.974362E-02 7.972171E-02 .0797186 .0797162 7.971828E-02 7.970954E-02 7.970341E-02 7.969789E-02 7.969467E-02 7.968698E-02 7.973801E-02 .0797497 7.974425E-02 7.974271E-02 7.973903E-02 7.973526E-02 .0797279 7.972763E-02 7.978689E-02 .0797804 7.977788E-02 7.973113E-02 7.971846E-02 7.971199E-02 7.970339E-02 7.969623E-02 7.968972E-02 7.964116E-02 7.963016E-02 7.962362E-02 7.959913E-02 7.959208E-02 7.958449E-02 7.957242E-02 7.956764E-02 7.956387E-02 7.956105E-02 7.955435E-02 7.954949E-02 7.954659E-02 7.954618E-02 7.954273E-02 7.953859E-02 7.953105E-02 7.952208E-02 7.953972E-02 7.953512E-02 7.959746E-02 7.961257E-02
7.976303E-02 7.975518E-02 7.974651E-02 7.974125E-02 7.973682E-02 7.971792E-02 7.971583E-02 7.970749E-02 7.970677E-02 7.970089E-02 7.969558E-02 7.968666E-02 7.968461E-02 7.973632E-02 7.973028E-02 7.974231E-02 7.973885E-02 7.973701E-02 7.973227E-02 7.972299E-02 7.972247E-02 7.978086E-02 7.977559E-02 7.976747E-02 7.976306E-02 7.971973E-02 7.971064E-02 7.970408E-02 7.969634E-02 7.964732E-02 7.964161E-02 .0796351 7.962733E-02 .0796195 7.959576E-02 7.958798E-02 7.958046E-02 7.957189E-02 7.956649E-02 7.956299E-02 7.956023E-02 7.955602E-02 7.955141E-02 7.954846E-02 7.954125E-02 7.953686E-02 7.953159E-02 7.952561E-02 7.951918E-02 7.951484E-02 7.953039E-02 7.959278E-02 7.958851E-02
7.975843E-02 7.975021E-02 7.974134E-02 .0797382 .079731 7.970884E-02 7.970191E-02 7.969879E-02 .0797001 7.969424E-02 .0796869 7.967597E-02 7.972796E-02 7.972566E-02 7.972229E-02 7.971964E-02 7.973187E-02 7.972664E-02 7.972422E-02 7.971597E-02 7.970771E-02 7.976697E-02 7.976284E-02 7.975414E-02 7.974865E-02 7.972296E-02 7.970184E-02 7.965152E-02 .0796469 7.964101E-02 7.963485E-02 7.962715E-02 7.962051E-02 7.961147E-02 .0795892 7.958508E-02 7.957296E-02 7.956887E-02 7.956495E-02 7.956189E-02 7.955562E-02 7.955133E-02 7.954743E-02 7.954213E-02 7.953931E-02 .0795328 7.952594E-02 .07952 7.951386E-02 7.950967E-02 .0795034 7.958454E-02 7.958005E-02
7.975265E-02 7.974502E-02 7.973641E-02 7.973009E-02 7.972131E-02 7.969984E-02 7.969551E-02 7.969413E-02 7.969519E-02 7.968876E-02 7.968185E-02 7.972974E-02 7.972385E-02 7.971786E-02 7.971496E-02 7.971554E-02 7.972562E-02 7.971501E-02 7.971068E-02 7.970738E-02 7.970073E-02 7.975819E-02 7.975526E-02 7.974749E-02 7.974222E-02 7.969286E-02 7.964838E-02 7.964838E-02 7.964176E-02 7.963506E-02 .0796318 7.962462E-02 7.961775E-02 7.960976E-02 7.958644E-02 7.958326E-02 7.957093E-02 .0795623 7.955863E-02 7.955516E-02 7.955311E-02 7.955059E-02 7.954547E-02 7.953942E-02 7.953326E-02 7.952876E-02 7.952277E-02 7.951639E-02 7.950895E-02 7.950299E-02 7.949755E-02 7.955993E-02 7.957295E-02
7.974389E-02 7.973398E-02 7.972865E-02 7.972306E-02 7.969645E-02 7.969065E-02 7.968838E-02 7.968764E-02 7.968424E-02 7.968211E-02 7.973366E-02 .0797258 7.971755E-02 7.971148E-02 .0797025 7.969526E-02 7.969617E-02 7.970944E-02 7.970663E-02 7.970138E-02 7.969496E-02 7.975156E-02 7.974587E-02 7.974125E-02 7.969501E-02 7.968841E-02 7.964273E-02 7.963584E-02 7.962797E-02 7.963064E-02 7.962781E-02 7.961965E-02 7.961251E-02 7.960653E-02 7.957836E-02 7.957093E-02 .0795645 .0795593 7.955619E-02 7.955339E-02 7.955204E-02 7.954944E-02 7.954038E-02 7.953543E-02 7.952923E-02 7.952373E-02 7.951783E-02 7.950822E-02 7.950028E-02 7.949341E-02 7.948782E-02 7.954965E-02 7.954177E-02
.0797203 7.972687E-02 7.972355E-02 7.971795E-02 7.969274E-02 .0796864 7.968219E-02 7.968321E-02 7.967713E-02 .0797326 7.972811E-02 .0797186 7.970233E-02 7.969646E-02 7.969353E-02 7.969218E-02 7.968841E-02 7.970457E-02 7.970276E-02 7.969621E-02 7.968877E-02 7.974379E-02 7.969597E-02 7.968887E-02 7.968762E-02 7.968065E-02 7.963622E-02 7.963166E-02 7.962441E-02 7.961989E-02 7.961319E-02 7.961256E-02 7.960569E-02 7.959995E-02 7.957707E-02 7.956821E-02 7.956216E-02 7.956097E-02 7.955623E-02 7.955157E-02 7.954805E-02 7.954283E-02 7.953372E-02 7.952797E-02 7.952335E-02 7.951565E-02 7.950953E-02 7.950264E-02 7.949455E-02 7.948559E-02 7.947835E-02 7.953789E-02 7.953322E-02
.0797129 7.970154E-02 7.971434E-02 7.971165E-02 .0796886 7.968262E-02 7.967739E-02 7.967953E-02 7.973168E-02 7.971732E-02 7.970991E-02 7.970759E-02 7.969637E-02 7.969232E-02 7.969093E-02 7.969007E-02 7.968406E-02 7.967811E-02 7.969482E-02 7.968751E-02 7.963926E-02 7.969455E-02 7.968888E-02 7.968134E-02 7.967795E-02 7.967213E-02 .0796684 7.961957E-02 7.961199E-02 7.960826E-02 7.960817E-02 7.960255E-02 7.959558E-02 7.959694E-02 7.957074E-02 7.956619E-02 7.956267E-02 7.955817E-02 7.955211E-02 7.954651E-02 .0795414 7.953762E-02 7.952942E-02 7.952246E-02 7.951631E-02 7.951096E-02 7.950468E-02 7.949365E-02 .0794836 7.947592E-02 7.946932E-02 7.953072E-02 7.952508E-02
