inputs/Middelgrunden/Resource grid 1   Sector 2   Height 64m   Sector frequency.grd
DSAA
 111           201 
 728800        731000
 6176000       6180000
 3.977445E-02  4.047586E-02
[rows 23 to 45 of 201, columns 53 to 105 of 111]
4.014829E-02 .0401472 4.014497E-02 4.014133E-02 4.013755E-02 4.013008E-02 4.012412E-02 4.012115E-02 4.011345E-02 4.011175E-02 4.010645E-02 4.010187E-02 4.009815E-02 4.009402E-02 .0400883 4.008699E-02 4.008406E-02 4.007969E-02 4.006094E-02 4.005577E-02 4.005149E-02 4.003834E-02 4.003315E-02 4.003413E-02 4.006448E-02 4.006193E-02 4.005916E-02 4.005725E-02 4.005353E-02 4.004987E-02 4.004451E-02 4.004329E-02 4.005044E-02 4.007319E-02 4.006109E-02 4.005726E-02 4.005522E-02 4.005188E-02 4.004747E-02 4.004262E-02 4.004057E-02 4.003592E-02 4.004253E-02 4.003688E-02 4.003545E-02 4.003283E-02 4.002715E-02 4.002286E-02 4.001926E-02 4.001439E-02 4.000926E-02 3.999386E-02 .0400204
4.014377E-02 4.014235E-02 4.014112E-02 4.013936E-02 .0401328 4.012819E-02 4.011991E-02 .0401168 4.011188E-02 4.010615E-02 .0401029 4.009792E-02 4.009441E-02 4.009105E-02 4.008714E-02 4.008361E-02 4.007981E-02 .0400756 4.005783E-02 4.005364E-02 4.004793E-02 4.003737E-02 4.003389E-02 4.002896E-02 4.005855E-02 4.005963E-02 4.005666E-02 4.005289E-02 4.005083E-02 4.004722E-02 .0400406 4.003675E-02 4.006071E-02 4.006957E-02 4.005758E-02 .0400556 4.005222E-02 4.005026E-02 4.004668E-02 4.004158E-02 4.003835E-02 .0400352 4.003106E-02 .0400354 4.003228E-02 4.003089E-02 4.002506E-02 .0400224 4.001547E-02 4.000945E-02 4.000361E-02 3.998917E-02 4.001951E-02
4.013924E-02 4.013918E-02 4.013523E-02 4.013079E-02 4.012858E-02 4.012419E-02 4.011048E-02 4.010953E-02 .040106 .0401012 4.009949E-02 .0400942 4.009368E-02 4.008971E-02 4.008554E-02 4.008127E-02 4.007649E-02 4.007439E-02 4.007035E-02 4.004908E-02 4.004482E-02 4.003477E-02 4.003256E-02 4.006134E-02 4.005689E-02 4.005415E-02 .0400519 4.004876E-02 4.004378E-02 4.004071E-02 4.003783E-02 4.005817E-02 4.005641E-02 4.005551E-02 4.005626E-02 4.005389E-02 4.005093E-02 .0400492 4.004556E-02 4.004233E-02 4.003697E-02 4.003332E-02 .0400305 .0400344 4.003026E-02 4.002779E-02 4.002072E-02 4.001621E-02 .0400102 4.000505E-02 4.000059E-02 3.998339E-02 4.001771E-02
4.013666E-02 4.013369E-02 4.012898E-02 .0401259 4.012322E-02 4.011884E-02 4.010627E-02 4.010757E-02 4.010433E-02 4.009674E-02 4.009201E-02 .0400924 4.009162E-02 4.008743E-02 4.008256E-02 4.007852E-02 4.007374E-02 4.006926E-02 4.006563E-02 4.004664E-02 4.004349E-02 4.003932E-02 4.002939E-02 4.005836E-02 4.005499E-02 4.004991E-02 4.004673E-02 4.004221E-02 4.003974E-02 4.003651E-02 4.006034E-02 4.005794E-02 4.005391E-02 4.005472E-02 4.004304E-02 .0400519 4.005008E-02 4.004826E-02 4.004586E-02 4.004184E-02 4.003482E-02 4.003128E-02 .0400278 4.002419E-02 4.002707E-02 4.001863E-02 4.001654E-02 .0400124 4.000665E-02 4.000078E-02 3.999815E-02 3.999439E-02 4.001679E-02
4.013177E-02 4.012947E-02 4.012574E-02 .0401215 4.011763E-02 4.011452E-02 4.010065E-02 .0400966 4.010015E-02 4.009601E-02 4.008803E-02 4.008836E-02 4.008761E-02 4.008279E-02 4.007787E-02 4.007362E-02 4.006843E-02 4.006489E-02 4.006337E-02 .0400471 .0400415 4.003818E-02 4.002629E-02 4.005469E-02 4.005039E-02 4.004919E-02 4.004268E-02 4.003917E-02 4.003576E-02 4.006086E-02 4.005912E-02 4.005798E-02 4.005303E-02 .0400527 .0400425 4.004019E-02 .0400494 .0400488 4.004434E-02 4.003811E-02 4.003406E-02 4.002619E-02 4.002248E-02 4.001696E-02 .0400201 4.001522E-02 4.001047E-02 4.000776E-02 4.000458E-02 3.999827E-02 .039995 3.999208E-02 4.001667E-02
4.013062E-02 4.012828E-02 4.012347E-02 4.011983E-02 4.011217E-02 4.009894E-02 4.009543E-02 4.009012E-02 4.009484E-02 .0400935 4.008727E-02 4.008352E-02 4.008111E-02 4.007884E-02 4.007318E-02 4.006873E-02 4.006463E-02 4.006215E-02 4.006099E-02 4.005851E-02 4.003843E-02 4.003483E-02 4.002306E-02 4.005029E-02 4.004645E-02 4.004395E-02 4.004043E-02 4.003841E-02 4.006244E-02 4.005933E-02 4.005739E-02 4.005587E-02 4.005505E-02 4.005258E-02 .0400416 4.003922E-02 4.003751E-02 4.004539E-02 4.004151E-02 4.003386E-02 4.002896E-02 .040022 4.001851E-02 .0400139 4.000568E-02 4.001093E-02 4.000641E-02 4.000438E-02 4.000172E-02 3.999922E-02 3.999459E-02 3.999004E-02 4.002754E-02
4.012516E-02 4.012213E-02 4.011809E-02 4.011735E-02 4.011333E-02 4.010034E-02 4.009255E-02 4.008906E-02 4.008322E-02 .0400898 4.008736E-02 4.008241E-02 4.007928E-02 4.007334E-02 4.006844E-02 4.006675E-02 4.006257E-02 4.005966E-02 4.005727E-02 4.005308E-02 4.003618E-02 4.002873E-02 4.001859E-02 4.004737E-02 4.004203E-02 4.003998E-02 .0400407 4.006224E-02 4.006149E-02 4.005928E-02 4.005516E-02 4.005365E-02 4.005258E-02 4.005057E-02 4.003891E-02 4.003792E-02 4.003468E-02 4.002886E-02 4.003556E-02 4.003099E-02 4.002629E-02 4.002183E-02 4.001608E-02 .0400082 4.000259E-02 3.999764E-02 4.000273E-02 3.999899E-02 4.000132E-02 3.999693E-02 3.999438E-02 .0399689 4.000117E-02
4.012045E-02 4.011741E-02 4.011623E-02 4.011414E-02 4.011233E-02 4.009427E-02 4.008938E-02 .0400889 4.008421E-02 4.008934E-02 4.008552E-02 4.008389E-02 4.007425E-02 4.007228E-02 4.006549E-02 4.006169E-02 4.005972E-02 4.005625E-02 4.005251E-02 4.004899E-02 4.003043E-02 .0400259 4.001397E-02 4.004261E-02 4.003976E-02 4.003884E-02 4.006466E-02 4.006173E-02 4.005986E-02 .0400585 .0400555 .0400535 .0400503 4.004917E-02 .040036 .0400322 4.002777E-02 4.002306E-02 4.002108E-02 4.002889E-02 4.002379E-02 4.001696E-02 4.001236E-02 .0400032 3.999867E-02 3.999366E-02 3.999966E-02 3.999777E-02 3.999924E-02 3.999586E-02 3.997239E-02 3.996833E-02 4.000072E-02
4.010761E-02 4.011601E-02 4.011263E-02 .0401109 4.010512E-02 4.009096E-02 4.008823E-02 4.008489E-02 4.008091E-02 4.007772E-02 4.008323E-02 4.008159E-02 4.007523E-02 4.007316E-02 4.006786E-02 4.006333E-02 4.005468E-02 4.005163E-02 4.004911E-02 4.004482E-02 4.004027E-02 4.002251E-02 4.001847E-02 4.004344E-02 .0400409 4.006571E-02 4.006419E-02 4.006269E-02 4.005694E-02 4.005761E-02 4.005509E-02 4.005241E-02 4.004755E-02 .0400434 4.002765E-02 4.002566E-02 4.002397E-02 4.002081E-02 4.001866E-02 4.001399E-02 4.001843E-02 4.001253E-02 4.000502E-02 3.999894E-02 3.999466E-02 3.999105E-02 .039988 3.999498E-02 3.997402E-02 3.997472E-02 3.997285E-02 3.996936E-02 3.999913E-02
4.010485E-02 .0401014 4.009528E-02 4.010248E-02 4.009827E-02 4.008608E-02 4.008372E-02 4.008092E-02 4.007842E-02 4.007705E-02 4.008198E-02 4.007924E-02 4.007222E-02 4.006832E-02 4.006567E-02 4.006093E-02 4.005606E-02 4.004991E-02 4.004745E-02 4.004453E-02 4.004101E-02 4.002115E-02 4.001926E-02 4.004382E-02 4.006881E-02 4.006696E-02 4.006415E-02 4.006011E-02 4.005727E-02 4.005764E-02 4.005237E-02 4.004799E-02 4.004201E-02 4.003929E-02 4.002716E-02 4.002028E-02 4.001936E-02 4.001713E-02 4.001187E-02 4.000732E-02 4.001365E-02 .0400083 4.000128E-02 3.999747E-02 3.999198E-02 3.998879E-02 .0399657 3.997267E-02 3.997116E-02 3.996998E-02 3.996838E-02 3.999731E-02 3.999615E-02
4.010202E-02 4.009652E-02 4.009209E-02 4.008743E-02 4.008174E-02 4.008209E-02 4.007835E-02 .0400767 4.007491E-02 4.007211E-02 4.007376E-02 4.007697E-02 4.007043E-02 4.006441E-02 4.006244E-02 4.005809E-02 4.005228E-02 4.004996E-02 4.004606E-02 4.004157E-02 4.004083E-02 4.003844E-02 4.002338E-02 4.007284E-02 4.007077E-02 4.006655E-02 4.006409E-02 4.005805E-02 4.005557E-02 4.005066E-02 4.004787E-02 4.004317E-02 4.004094E-02 4.003664E-02 4.002431E-02 4.001926E-02 4.001304E-02 .0400103 4.000686E-02 4.000338E-02 3.999855E-02 4.000191E-02 3.999806E-02 .0399955 3.996855E-02 .0399659 .0399635 3.995965E-02 3.996623E-02 3.996408E-02 3.996627E-02 3.999775E-02 3.999883E-02
4.009686E-02 4.009134E-02 4.008834E-02 4.008634E-02 4.008114E-02 4.006716E-02 4.006568E-02 4.007373E-02 4.007125E-02 4.007016E-02 4.007141E-02 .0400729 4.006864E-02 4.006241E-02 4.005732E-02 4.005641E-02 4.005222E-02 4.004684E-02 4.004441E-02 .0400399 4.003772E-02 4.003724E-02 .0400796 .0400691 4.006949E-02 4.006653E-02 4.006326E-02 4.005801E-02 4.005333E-02 4.004621E-02 .0400428 4.003955E-02 4.003749E-02 4.003452E-02 4.001976E-02 4.001505E-02 4.000901E-02 4.000472E-02 4.000213E-02 3.999901E-02 3.999593E-02 3.998908E-02 3.999626E-02 3.997255E-02 3.996921E-02 3.996107E-02 3.995865E-02 .0399556 3.996441E-02 .0399629 .0399618 3.999721E-02 3.999834E-02
4.009126E-02 4.008903E-02 4.008532E-02 4.008075E-02 .0400807 4.006753E-02 4.006203E-02 4.005887E-02 4.005604E-02 4.006518E-02 4.006556E-02 4.006362E-02 4.006596E-02 4.006188E-02 4.005607E-02 4.005468E-02 4.005037E-02 4.004646E-02 4.004368E-02 .0400413 4.003867E-02 4.006176E-02 4.007655E-02 4.007457E-02 4.006404E-02 .0400617 4.005847E-02 4.005417E-02 4.004956E-02 4.004728E-02 4.004207E-02 4.003938E-02 4.003672E-02 4.003034E-02 4.001607E-02 4.001191E-02 4.000708E-02 4.000121E-02 3.999915E-02 3.999631E-02 3.999006E-02 3.996615E-02 3.995964E-02 3.996718E-02 .0399655 3.996262E-02 3.995698E-02 3.995505E-02 3.995356E-02 3.996203E-02 3.996033E-02 3.999356E-02 3.999687E-02
4.008822E-02 .0400875 .0400836 .0400802 4.007579E-02 4.006532E-02 4.006022E-02 4.005511E-02 4.005226E-02 4.005112E-02 4.004969E-02 4.005878E-02 4.006593E-02 4.006064E-02 .040055 4.005176E-02 4.004972E-02 4.004631E-02 4.004459E-02 4.006902E-02 4.006545E-02 .0400594 4.008734E-02 4.007016E-02 4.006001E-02 4.005796E-02 4.005557E-02 4.005033E-02 4.004604E-02 4.004263E-02 4.003851E-02 4.003485E-02 4.003274E-02 4.002789E-02 4.001426E-02 4.001011E-02 4.000617E-02 3.999996E-02 3.999332E-02 3.996846E-02 3.996312E-02 3.995905E-02 3.995555E-02 3.995579E-02 3.996432E-02 3.996126E-02 3.995747E-02 3.995464E-02 3.995241E-02 3.995138E-02 3.995993E-02 3.999159E-02 .0399956
4.008523E-02 4.008462E-02 4.008046E-02 4.007679E-02 4.007241E-02 4.005829E-02 4.005676E-02 4.005306E-02 4.004773E-02 4.004803E-02 4.004754E-02 4.004499E-02 4.004173E-02 4.005936E-02 4.005549E-02 4.005034E-02 4.004956E-02 4.004666E-02 4.006968E-02 .0400648 4.005931E-02 .0400557 4.008514E-02 4.006666E-02 4.005783E-02 4.005408E-02 4.005022E-02 4.004709E-02 4.004303E-02 4.004006E-02 4.003821E-02 4.003182E-02 4.002953E-02 4.002471E-02 4.001086E-02 4.000672E-02 .0400017 3.997471E-02 3.996868E-02 3.996573E-02 3.996503E-02 .0399618 3.995479E-02 3.995217E-02 3.995129E-02 3.995971E-02 3.995812E-02 3.995341E-02 3.995198E-02 3.995128E-02 3.995972E-02 3.999144E-02 3.999313E-02
4.008161E-02 4.007992E-02 4.007505E-02 4.006993E-02 4.006674E-02 4.005415E-02 4.004814E-02 4.004699E-02 4.004662E-02 .0400451 .0400434 4.004277E-02 4.003932E-02 4.004744E-02 4.004479E-02 4.005034E-02 4.004525E-02 4.007011E-02 4.006452E-02 4.006189E-02 4.005812E-02 4.005332E-02 4.008269E-02 4.006536E-02 4.005568E-02 4.004987E-02 4.004654E-02 4.004465E-02 4.004098E-02 4.003727E-02 .0400338 4.002934E-02 4.002373E-02 4.002056E-02 4.000434E-02 4.000088E-02 3.997598E-02 3.997217E-02 3.996963E-02 3.996203E-02 3.996194E-02 3.995975E-02 3.995641E-02 3.995439E-02 3.995205E-02 3.995045E-02 3.995734E-02 .0399537 3.995108E-02 3.995067E-02 3.994953E-02 3.998997E-02 3.998937E-02
4.007752E-02 4.007205E-02 4.006975E-02 4.006605E-02 4.006125E-02 4.004826E-02 4.004541E-02 4.004267E-02 4.004338E-02 4.004625E-02 4.004216E-02 4.003855E-02 4.003682E-02 4.003499E-02 4.004183E-02 4.003956E-02 4.006183E-02 4.006621E-02 4.006338E-02 4.005983E-02 4.005609E-02 4.005277E-02 4.007998E-02 4.007593E-02 4.006007E-02 4.005137E-02 4.004505E-02 4.004131E-02 4.003941E-02 4.003545E-02 4.003071E-02 4.002585E-02 4.001784E-02 4.001403E-02 3.998042E-02 3.997709E-02 3.997423E-02 3.997093E-02 3.996589E-02 3.996082E-02 3.995745E-02 3.995706E-02 3.995506E-02 .0399532 3.995268E-02 3.994979E-02 3.994782E-02 3.995799E-02 3.995488E-02 3.995318E-02 3.994821E-02 3.998841E-02 3.998689E-02
4.007246E-02 4.006965E-02 .0400656 4.006348E-02 4.005864E-02 4.004531E-02 4.004261E-02 4.004175E-02 4.004226E-02 4.004173E-02 4.004056E-02 4.003771E-02 4.003284E-02 4.002845E-02 4.003735E-02 4.006454E-02 .0400582 4.005593E-02 4.005596E-02 4.005723E-02 4.005434E-02 4.004865E-02 .0400776 4.007401E-02 4.005907E-02 4.005066E-02 4.004448E-02 4.003932E-02 4.003241E-02 4.002862E-02 4.002468E-02 4.002171E-02 .0399955 3.999069E-02 3.997977E-02 .0399757 3.997304E-02 3.996978E-02 3.996376E-02 3.996112E-02 3.995704E-02 3.995794E-02 3.995457E-02 3.995258E-02 3.995256E-02 3.995067E-02 3.994926E-02 3.994638E-02 3.995283E-02 3.995185E-02 3.994697E-02 3.997806E-02 3.998526E-02
4.006952E-02 4.006442E-02 4.006383E-02 .0400602 4.005444E-02 4.004325E-02 4.004228E-02 4.004109E-02 4.004203E-02 4.003605E-02 4.003336E-02 4.003365E-02 4.003141E-02 .0400254 4.005129E-02 4.006087E-02 4.005745E-02 4.005304E-02 .0400536 4.005129E-02 4.004777E-02 4.004707E-02 4.007674E-02 4.007501E-02 4.007304E-02 4.004744E-02 4.004079E-02 4.003465E-02 4.003012E-02 4.002446E-02 4.002195E-02 3.999876E-02 3.999595E-02 3.998985E-02 3.997704E-02 3.997615E-02 3.997218E-02 3.996596E-02 3.996351E-02 3.996106E-02 3.995749E-02 3.995584E-02 3.995543E-02 3.995311E-02 3.995325E-02 3.995129E-02 3.994881E-02 3.994441E-02 3.993995E-02 3.994679E-02 3.994505E-02 3.997534E-02 3.998225E-02
4.006797E-02 4.006214E-02 4.005896E-02 4.005718E-02 .0400554 4.004284E-02 4.004114E-02 4.003679E-02 4.003625E-02 4.003337E-02 4.002972E-02 4.002843E-02 4.002675E-02 4.005289E-02 4.004775E-02 .0400564 4.005715E-02 4.005104E-02 4.004819E-02 .0400462 4.004553E-02 4.007481E-02 4.007204E-02 4.006964E-02 4.006715E-02 4.004326E-02 4.003782E-02 4.003181E-02 4.002762E-02 4.000194E-02 3.999777E-02 3.999557E-02 3.999251E-02 3.998888E-02 3.997753E-02 3.997458E-02 3.997196E-02 3.996659E-02 .0399634 3.996121E-02 .0399595 3.995723E-02 3.995716E-02 3.995507E-02 3.995091E-02 3.994916E-02 3.994609E-02 3.994282E-02 3.994004E-02 3.993792E-02 3.994292E-02 3.997363E-02 3.997143E-02
4.006685E-02 4.006183E-02 .0400571 .0400561 4.005381E-02 4.003908E-02 4.003561E-02 4.003391E-02 4.003419E-02 4.003141E-02 4.002789E-02 .0400243 4.004981E-02 4.004828E-02 4.004609E-02 4.004361E-02 4.005262E-02 4.005158E-02 4.004627E-02 4.004434E-02 4.003988E-02 4.006944E-02 4.006734E-02 4.006423E-02 4.006121E-02 4.004674E-02 4.003617E-02 4.000971E-02 4.000426E-02 .0400001 3.999687E-02 3.999205E-02 3.998967E-02 3.998889E-02 3.997553E-02 3.997161E-02 3.996898E-02 3.996566E-02 .0399634 3.996121E-02 3.995834E-02 3.995613E-02 .039954 3.995312E-02 3.995129E-02 3.994766E-02 3.994525E-02 3.994268E-02 3.994015E-02 3.993756E-02 3.993157E-02 3.997233E-02 3.996957E-02
4.006475E-02 4.006097E-02 4.005693E-02 4.005228E-02 4.004762E-02 4.003537E-02 4.003308E-02 4.003163E-02 4.003253E-02 4.002903E-02 4.002525E-02 4.005262E-02 4.004789E-02 .0400447 4.004316E-02 4.004391E-02 4.005195E-02 4.004412E-02 4.004145E-02 4.003771E-02 4.003694E-02 4.006613E-02 4.006441E-02 4.006148E-02 4.005865E-02 4.003324E-02 4.000912E-02 4.000882E-02 4.000149E-02 3.999715E-02 3.999542E-02 3.999166E-02 3.998956E-02 3.998433E-02 3.997247E-02 3.997102E-02 .039968 3.996385E-02 3.996123E-02 3.995939E-02 3.995799E-02 3.995666E-02 3.995391E-02 3.995323E-02 3.994977E-02 3.994738E-02 3.994365E-02 3.994144E-02 3.993794E-02 3.993429E-02 3.993151E-02 3.996036E-02 3.996694E-02
.0400618 4.005806E-02 4.005422E-02 4.005117E-02 4.003694E-02 4.003353E-02 4.003019E-02 4.002998E-02 4.002804E-02 4.002637E-02 4.005211E-02 4.004841E-02 4.004693E-02 4.004315E-02 4.003875E-02 4.003521E-02 4.003546E-02 4.004448E-02 4.004058E-02 4.003492E-02 4.003533E-02 4.006362E-02 4.006029E-02 4.005849E-02 4.003505E-02 4.003124E-02 4.000592E-02 4.000231E-02 3.999906E-02 3.999599E-02 3.999465E-02 3.999054E-02 3.998718E-02 3.998453E-02 3.997202E-02 3.996553E-02 3.996463E-02 3.996347E-02 3.996231E-02 .0399599 3.995902E-02 .0399574 3.995435E-02 3.994931E-02 3.994841E-02 3.994554E-02 3.994321E-02 .0399388 3.993471E-02 3.993132E-02 3.992849E-02 .0399573 3.995341E-02
