inputs/Middelgrunden/Resource grid 1   Sector 4   Height 64m   Weibull-A.grd
DSAA
 111           201 
 728800        731000
 6176000       6180000
 9.133225      9.182951
[rows 56 to 83 of 201, columns 0 to 62 of 111]
9.170495 9.170531 9.170624 9.170704 9.171013 9.171079 9.171337 9.179897 9.179928 9.173218 9.173344 9.173394 9.173541 9.173677 9.173921 9.174006 9.174118 9.174251 9.174233 9.174145 9.174272 9.174419 9.174615 9.174728 9.174794 9.1748 9.174867 9.174929 9.17501 9.175079 9.175129 9.175183 9.175086 9.175102 9.175173 9.175253 9.17538 9.175555 9.175681 9.175825 9.17598 9.17598 9.17614 9.176152 9.176295 9.176519 9.176721 9.176838 9.176919 9.17697 9.177072 9.17717 9.177307 9.177371 9.177406 9.177446 9.177535 9.177555 9.177633 9.177742 9.177806 9.177884 9.177874
9.179364 9.172279 9.172441 9.172711 9.172906 9.172994 9.173117 9.173156 9.173356 9.173461 9.173697 9.173658 9.173805 9.173906 9.174148 9.174201 9.174302 9.174417 9.174457 9.174426 9.174576 9.174655 9.174731 9.174829 9.174911 9.174916 9.174983 9.175073 9.175121 9.175226 9.175382 9.175514 9.175554 9.175576 9.175653 9.17572 9.175736 9.175726 9.175965 9.176067 9.176307 9.176554 9.176741 9.176689 9.176795 9.17687 9.176998 9.17702 9.177052 9.177168 9.17723 9.177323 9.177445 9.177439 9.177411 9.177529 9.177624 9.177671 9.177673 9.177731 9.177882 9.177947 9.177931
9.172332 9.172489 9.172654 9.17292 9.173217 9.173269 9.173404 9.173427 9.173553 9.173655 9.173853 9.174018 9.173944 9.174065 9.174189 9.174445 9.174619 9.174688 9.174681 9.174596 9.174648 9.174744 9.174792 9.174919 9.175067 9.175213 9.17527 9.175443 9.175611 9.175706 9.175715 9.175796 9.175854 9.17577 9.175889 9.176029 9.17623 9.176349 9.17651 9.176647 9.176834 9.176905 9.176992 9.17692 9.176972 9.177083 9.177217 9.177289 9.177272 9.177228 9.177357 9.177451 9.177542 9.177478 9.177531 9.177531 9.177588 9.177705 9.177802 9.177749 9.177801 9.177872 9.17793
9.172519 9.172675 9.172831 9.173088 9.173234 9.173337 9.173416 9.173433 9.173589 9.173738 9.17401 9.174138 9.174038 9.174176 9.17425 9.174467 9.174573 9.174638 9.174778 9.1748 9.174931 9.175058 9.175263 9.175311 9.175405 9.175452 9.175524 9.17566 9.175788 9.175872 9.176013 9.176151 9.176228 9.176334 9.176473 9.176538 9.176588 9.176646 9.176673 9.176812 9.176867 9.176937 9.177117 9.177027 9.177077 9.177113 9.177263 9.177339 9.177414 9.177332 9.177389 9.177529 9.177585 9.177555 9.177596 9.177576 9.177582 9.177655 9.177738 9.177779 9.177844 9.177864 9.177961
9.172844 9.17297 9.17301 9.17331 9.173474 9.173683 9.173764 9.173791 9.173918 9.174009 9.174181 9.174272 9.174258 9.174442 9.174594 9.174871 9.175097 9.175165 9.175286 9.175181 9.175272 9.175339 9.175404 9.175448 9.175568 9.175618 9.175786 9.175903 9.176291 9.176465 9.176603 9.176609 9.176682 9.176753 9.176623 9.176672 9.176747 9.176798 9.176833 9.176888 9.177054 9.17713 9.177257 9.177163 9.177217 9.177272 9.177399 9.177444 9.177519 9.177529 9.177493 9.177496 9.177657 9.177635 9.177689 9.177729 9.17773 9.177786 9.177835 9.177865 9.177935 9.177938 9.178111
9.173176 9.173389 9.173535 9.17382 9.173952 9.174005 9.174014 9.17408 9.174277 9.1744 9.174671 9.174771 9.17472 9.1748 9.174907 9.175142 9.175195 9.175218 9.175396 9.175277 9.175371 9.175417 9.175603 9.175744 9.175926 9.17607 9.176181 9.176213 9.176274 9.176344 9.176453 9.176543 9.176589 9.176585 9.176635 9.176661 9.176718 9.176778 9.176886 9.176868 9.177031 9.17714 9.177281 9.177197 9.177236 9.177298 9.17744 9.177504 9.177565 9.177592 9.177538 9.177511 9.177606 9.177697 9.177756 9.177815 9.177778 9.177806 9.177853 9.177919 9.177999 9.178035 9.178044
9.173448 9.173657 9.173828 9.174103 9.174279 9.174417 9.17442 9.174433 9.174578 9.174693 9.174846 9.174931 9.175023 9.174953 9.175027 9.175062 9.175326 9.175283 9.175464 9.175408 9.175613 9.175742 9.175845 9.175867 9.175913 9.175968 9.176004 9.176062 9.176173 9.176259 9.176393 9.176431 9.176493 9.176517 9.176498 9.17661 9.176684 9.176684 9.176737 9.176809 9.176906 9.176836 9.177174 9.177067 9.17711 9.177176 9.177325 9.177346 9.177423 9.177413 9.177464 9.177526 9.177568 9.17761 9.17768 9.177728 9.177704 9.177772 9.17784 9.177871 9.17791 9.177965 9.178022
9.173961 9.174008 9.174095 9.174252 9.174442 9.174545 9.174528 9.174531 9.174589 9.174678 9.174835 9.174911 9.175039 9.174962 9.175089 9.175305 9.175625 9.175752 9.17582 9.175756 9.175799 9.175838 9.175892 9.176006 9.176085 9.176147 9.176184 9.176238 9.176287 9.176325 9.176414 9.176454 9.176544 9.176585 9.176708 9.176652 9.176709 9.176767 9.176848 9.17692 9.176918 9.176827 9.177021 9.177004 9.177013 9.177105 9.177347 9.177393 9.177437 9.17751 9.177524 9.177588 9.177643 9.17755 9.177624 9.177705 9.177757 9.177768 9.177814 9.177869 9.177914 9.177947 9.178011
9.173914 9.17393 9.174017 9.174144 9.174301 9.174392 9.174396 9.174508 9.174685 9.174848 9.174991 9.175195 9.175518 9.175552 9.175583 9.175634 9.175878 9.175827 9.175919 9.175872 9.175911 9.175959 9.176004 9.176084 9.176175 9.176275 9.176363 9.176401 9.176471 9.17658 9.176644 9.176685 9.176787 9.176896 9.176913 9.176888 9.176994 9.177071 9.177075 9.17713 9.177217 9.177104 9.177253 9.177069 9.177189 9.177225 9.177423 9.177457 9.177519 9.177577 9.177614 9.177652 9.177814 9.177798 9.177753 9.177887 9.177901 9.1779 9.177944 9.17802 9.178082 9.178178 9.178253
9.173989 9.173945 9.173992 9.174218 9.174366 9.174466 9.1745 9.174736 9.17488 9.175167 9.175317 9.175368 9.175446 9.175377 9.175438 9.175503 9.175627 9.175685 9.175734 9.175655 9.175799 9.175884 9.175951 9.17601 9.176216 9.176265 9.176347 9.176418 9.176593 9.176689 9.176744 9.176775 9.17678 9.176901 9.176942 9.176922 9.177058 9.17711 9.177067 9.177095 9.177138 9.177103 9.177277 9.177244 9.177322 9.177379 9.177553 9.177589 9.17765 9.177686 9.177721 9.177789 9.177874 9.177911 9.177869 9.177828 9.177976 9.17801 9.178117 9.178211 9.178286 9.178357 9.178427
9.174112 9.174046 9.174166 9.174485 9.17467 9.174868 9.174854 9.174906 9.175003 9.175175 9.175251 9.175344 9.175419 9.175501 9.175427 9.175526 9.175468 9.175695 9.175744 9.175674 9.175775 9.175876 9.175943 9.176015 9.176073 9.176153 9.176271 9.176363 9.176414 9.176515 9.176638 9.176681 9.176756 9.176817 9.176852 9.176865 9.176996 9.177059 9.177098 9.17711 9.177172 9.177139 9.177296 9.177409 9.177346 9.177459 9.177543 9.177579 9.17763 9.177692 9.177735 9.177818 9.177964 9.178007 9.178084 9.178095 9.178165 9.178306 9.178334 9.178397 9.178471 9.178537 9.178642
9.174595 9.174537 9.174593 9.174793 9.174858 9.174884 9.174994 9.175052 9.175122 9.175256 9.175355 9.175475 9.175469 9.17555 9.175475 9.175502 9.175509 9.175721 9.175767 9.175692 9.175773 9.175911 9.175962 9.176055 9.176139 9.176214 9.176286 9.176386 9.176458 9.176518 9.176551 9.176615 9.176603 9.176645 9.17672 9.176784 9.176752 9.176848 9.176933 9.176973 9.177012 9.176997 9.17717 9.177293 9.177237 9.177354 9.177478 9.177571 9.177727 9.17781 9.177886 9.177978 9.178059 9.178106 9.178197 9.178284 9.178267 9.17835 9.178517 9.17853 9.178595 9.178709 9.178792
9.174696 9.174678 9.174707 9.174863 9.174969 9.174937 9.175054 9.175099 9.175198 9.175308 9.175376 9.175476 9.175567 9.175603 9.175569 9.175633 9.175595 9.175811 9.175901 9.17585 9.175926 9.17606 9.176162 9.176243 9.176253 9.176322 9.176386 9.176394 9.17645 9.176495 9.176541 9.176566 9.176623 9.176659 9.176721 9.176802 9.176742 9.176837 9.176902 9.176991 9.17707 9.17702 9.177197 9.177278 9.177279 9.177398 9.177485 9.177659 9.177785 9.177844 9.17786 9.177956 9.177953 9.178092 9.178205 9.178287 9.178426 9.17841 9.178526 9.178714 9.178898 9.178998 9.17903
9.174529 9.174726 9.174811 9.17486 9.17501 9.174972 9.175058 9.175117 9.175169 9.175321 9.175403 9.175451 9.17558 9.175653 9.175617 9.175655 9.175629 9.175853 9.175953 9.175856 9.175995 9.176131 9.176259 9.176319 9.176359 9.176393 9.176411 9.176472 9.176528 9.176588 9.176622 9.17666 9.176737 9.176781 9.176802 9.17684 9.17682 9.17684 9.176937 9.177031 9.177105 9.177134 9.177292 9.177379 9.177412 9.177593 9.177645 9.177739 9.177897 9.177982 9.178081 9.17813 9.178159 9.178399 9.17854 9.178669 9.178688 9.178754 9.178694 9.178635 9.178707 9.178745 9.17881
9.174619 9.174828 9.174926 9.174996 9.175109 9.175052 9.175145 9.175293 9.175431 9.175403 9.175462 9.175561 9.175652 9.17578 9.17583 9.175806 9.175841 9.175858 9.176056 9.176004 9.176091 9.17621 9.176297 9.17629 9.176296 9.176397 9.176472 9.176529 9.1766 9.17667 9.176704 9.176768 9.17681 9.17687 9.176954 9.176971 9.177087 9.177094 9.17717 9.177261 9.177365 9.177384 9.17756 9.177653 9.17769 9.177889 9.177997 9.178144 9.178253 9.178454 9.17852 9.178563 9.178494 9.178593 9.178559 9.178591 9.178653 9.178693 9.178753 9.178739 9.178741 9.178849 9.178893
9.174587 9.174794 9.174879 9.174905 9.174972 9.175022 9.175198 9.175319 9.175438 9.17553 9.17559 9.175639 9.175713 9.175817 9.175959 9.175804 9.175876 9.175959 9.17613 9.176044 9.17606 9.176133 9.176179 9.17627 9.176297 9.176374 9.176431 9.176504 9.176614 9.176695 9.176777 9.176856 9.176945 9.177032 9.177121 9.177138 9.177229 9.177277 9.177356 9.177399 9.177381 9.177522 9.177849 9.17805 9.178079 9.178335 9.178399 9.178453 9.178336 9.178418 9.178494 9.178518 9.178514 9.178645 9.178756 9.178797 9.178799 9.178868 9.178936 9.179039 9.178973 9.179111 9.179296
9.174622 9.174658 9.174876 9.174918 9.175016 9.175078 9.175106 9.175218 9.175408 9.175523 9.175564 9.175681 9.175817 9.175802 9.175873 9.175761 9.175861 9.175826 9.176076 9.175991 9.176011 9.176105 9.176179 9.17627 9.176333 9.17642 9.176508 9.176571 9.176662 9.176769 9.176888 9.177028 9.177118 9.17721 9.177292 9.177412 9.177524 9.177712 9.177786 9.177855 9.17787 9.177918 9.178 9.177996 9.177904 9.178163 9.178269 9.178386 9.178404 9.178455 9.178565 9.178606 9.178622 9.178742 9.178905 9.179066 9.179173 9.179317 9.179426 9.179533 9.17954 9.179484 9.179487
9.174617 9.174647 9.174974 9.175013 9.174985 9.175061 9.175158 9.175255 9.175446 9.175566 9.175635 9.175705 9.175797 9.1759 9.175959 9.175777 9.175756 9.175811 9.175976 9.175875 9.175927 9.176058 9.176169 9.176279 9.176393 9.176453 9.176547 9.176704 9.176788 9.176884 9.177139 9.177331 9.177527 9.177633 9.177751 9.177819 9.177831 9.17777 9.177761 9.177845 9.177785 9.177819 9.17794 9.178016 9.177953 9.178199 9.178273 9.178444 9.1786 9.178694 9.17883 9.178978 9.17905 9.179172 9.179297 9.179337 9.179384 9.179444 9.179504 9.179506 9.179537 9.179502 9.179484
9.174616 9.174675 9.174975 9.174944 9.174943 9.175052 9.175208 9.175312 9.175538 9.175618 9.175625 9.175622 9.175761 9.175829 9.175878 9.175903 9.175828 9.175886 9.17595 9.175992 9.176108 9.176195 9.176383 9.176511 9.176703 9.176854 9.17701 9.177159 9.177218 9.177369 9.177445 9.177468 9.177527 9.177589 9.177608 9.177646 9.177615 9.177709 9.17771 9.17778 9.177767 9.177872 9.178167 9.178296 9.178266 9.178452 9.178654 9.178795 9.178904 9.179074 9.179074 9.179111 9.17914 9.179186 9.179302 9.179347 9.179346 9.179416 9.17947 9.17952 9.179635 9.179706 9.179832
9.174628 9.174668 9.174814 9.175001 9.175003 9.175082 9.175171 9.175266 9.175323 9.175418 9.175593 9.175672 9.175762 9.17586 9.175935 9.175914 9.175892 9.176002 9.176164 9.17638 9.176558 9.17665 9.176802 9.176917 9.177021 9.177034 9.177065 9.177177 9.177238 9.177312 9.177455 9.177533 9.17749 9.17755 9.177588 9.177655 9.177756 9.177876 9.178007 9.17805 9.178168 9.178302 9.178488 9.178535 9.178456 9.178585 9.178691 9.178755 9.17881 9.178898 9.179014 9.179031 9.179019 9.179063 9.179261 9.179302 9.179451 9.179597 9.179776 9.17993 9.180035 9.18014 9.180186
9.17467 9.17476 9.174957 9.175084 9.175061 9.175112 9.175206 9.175276 9.175388 9.17556 9.175668 9.175738 9.175858 9.176017 9.17621 9.176335 9.176368 9.176464 9.176553 9.176531 9.176586 9.176685 9.176843 9.176908 9.17699 9.177079 9.177143 9.177187 9.177194 9.17726 9.177355 9.177518 9.177648 9.177807 9.177977 9.17813 9.178241 9.178251 9.178317 9.178244 9.178243 9.17833 9.178473 9.178551 9.178473 9.178626 9.178754 9.178788 9.178871 9.178937 9.178926 9.179026 9.179006 9.179203 9.17953 9.179669 9.17979 9.179918 9.18001 9.18011 9.180168 9.180233 9.180244
9.174778 9.174771 9.17487 9.175172 9.175158 9.175152 9.175201 9.175504 9.175693 9.175897 9.17605 9.176184 9.176218 9.176251 9.176222 9.176294 9.176301 9.176413 9.176517 9.176594 9.176651 9.176752 9.176872 9.176984 9.177031 9.177131 9.17724 9.177321 9.177453 9.177626 9.177767 9.177855 9.177942 9.178026 9.17809 9.178155 9.178195 9.178205 9.178309 9.178265 9.178189 9.178257 9.178435 9.178534 9.178465 9.178611 9.178712 9.178776 9.17892 9.179105 9.179295 9.179453 9.179451 9.179561 9.179774 9.179867 9.179984 9.180066 9.180125 9.180235 9.180308 9.180357 9.180418
9.174704 9.174791 9.175109 9.175278 9.175431 9.175534 9.175612 9.175869 9.175872 9.175941 9.176031 9.176163 9.176233 9.176341 9.176376 9.176487 9.176548 9.176508 9.1766 9.176576 9.176723 9.176867 9.177003 9.177221 9.177378 9.177498 9.177572 9.177587 9.177614 9.177727 9.177809 9.1779 9.177981 9.178005 9.178062 9.178139 9.178185 9.178207 9.178299 9.178369 9.178264 9.178298 9.178487 9.178555 9.178703 9.178848 9.179052 9.179261 9.179342 9.179479 9.179571 9.179648 9.179631 9.179668 9.179827 9.179979 9.180032 9.180095 9.180178 9.180265 9.180326 9.180392 9.180424
9.175093 9.175029 9.175213 9.175279 9.175488 9.175553 9.175676 9.175833 9.175883 9.175985 9.176086 9.176247 9.176305 9.176435 9.176442 9.176614 9.176712 9.176738 9.176893 9.176891 9.177036 9.177134 9.177194 9.17731 9.177387 9.177442 9.177512 9.177576 9.177618 9.177718 9.177777 9.177845 9.177878 9.177956 9.178065 9.17813 9.178182 9.178248 9.178304 9.178406 9.178488 9.178637 9.178865 9.178993 9.179181 9.179154 9.179277 9.179432 9.179534 9.179592 9.179661 9.179715 9.179705 9.17976 9.179826 9.179898 9.18006 9.180116 9.180166 9.18021 9.180252 9.180336 9.180296
9.175084 9.175099 9.175368 9.175414 9.175638 9.175687 9.175818 9.175976 9.176086 9.176187 9.176334 9.176512 9.176615 9.176709 9.176695 9.176847 9.176912 9.176871 9.176946 9.176871 9.177048 9.177106 9.177178 9.177279 9.177372 9.177444 9.177515 9.177585 9.177678 9.177698 9.177794 9.177873 9.177935 9.177987 9.178081 9.178168 9.178445 9.178628 9.178681 9.178875 9.178871 9.178946 9.179092 9.179162 9.179323 9.17926 9.179326 9.179413 9.179567 9.179609 9.179663 9.179657 9.179682 9.179744 9.179888 9.179945 9.180011 9.180142 9.18011 9.180146 9.180193 9.180217 9.180252
9.175171 9.175444 9.175532 9.1756 9.175812 9.175983 9.176119 9.176335 9.176378 9.176464 9.176542 9.176617 9.176697 9.176704 9.1767 9.176763 9.176892 9.176817 9.176887 9.176882 9.177086 9.177143 9.177206 9.177295 9.177364 9.177462 9.177573 9.177644 9.177728 9.177784 9.177886 9.177982 9.178278 9.17843 9.178579 9.178593 9.178728 9.178884 9.178945 9.179027 9.179004 9.178984 9.179121 9.179141 9.179276 9.17925 9.179336 9.179401 9.179559 9.179613 9.17969 9.17969 9.17975 9.179799 9.179825 9.1799 9.179916 9.179972 9.180081 9.18012 9.180172 9.180202 9.180237
9.175616 9.175864 9.175975 9.175924 9.175984 9.176128 9.176235 9.176325 9.176428 9.176471 9.176521 9.176566 9.17668 9.176725 9.176727 9.176784 9.176882 9.176953 9.176914 9.176909 9.176977 9.177145 9.177203 9.177361 9.177511 9.177561 9.177657 9.177794 9.178071 9.178225 9.178381 9.17849 9.178555 9.178623 9.178675 9.178801 9.178885 9.178917 9.178932 9.179017 9.17902 9.17897 9.17914 9.179185 9.179304 9.17927 9.179338 9.17941 9.179558 9.179631 9.179627 9.179603 9.179677 9.17972 9.179815 9.17989 9.17994 9.17997 9.180009 9.18006 9.180151 9.180224 9.18026
9.175635 9.175785 9.175804 9.175791 9.175992 9.176152 9.176264 9.176394 9.176497 9.176579 9.17658 9.176647 9.176718 9.176725 9.176802 9.176915 9.176968 9.177107 9.177058 9.177044 9.177116 9.177312 9.177381 9.177538 9.177837 9.177991 9.178123 9.178277 9.178385 9.178406 9.178442 9.178514 9.178554 9.178681 9.178756 9.178803 9.178885 9.17894 9.178961 9.178985 9.179024 9.178991 9.179153 9.179234 9.179363 9.179309 9.179326 9.179397 9.179466 9.179618 9.179678 9.17969 9.179715 9.17972 9.179815 9.179872 9.179946 9.179921 9.179959 9.18006 9.180108 9.180151 9.180235
