inputs/Middelgrunden/Resource grid 1   Sector 3   Height 64m   Weibull-A.grd
DSAA
 111           201 
 728800        731000
 6176000       6180000
 7.868675      7.88268
[rows 140 to 167 of 201, columns 0 to 62 of 111]
7.881141 7.881122 7.881091 7.881152 7.881295 7.881407 7.881259 7.881255 7.881212 7.881243 7.881283 7.881319 7.881336 7.881341 7.881445 7.881459 7.881494 7.881416 7.881553 7.881671 7.881766 7.881836 7.881724 7.881752 7.881745 7.88178 7.881796 7.881817 7.881739 7.88175 7.881715 7.881712 7.881844 7.881858 7.881715 7.881669 7.881673 7.881653 7.881667 7.881657 7.881651 7.881675 7.881598 7.881631 7.881653 7.881683 7.881732 7.881751 7.881726 7.881706 7.881686 7.881676 7.881737 7.881837 7.881855 7.881843 7.881868 7.881867 7.881876 7.881944 7.882051 7.882108 7.882132
7.881 7.880957 7.881091 7.881157 7.881184 7.881221 7.881115 7.881149 7.88122 7.881288 7.881299 7.881323 7.881369 7.881339 7.881361 7.881348 7.881392 7.881525 7.881521 7.881634 7.881684 7.881667 7.881694 7.881841 7.881885 7.881874 7.881945 7.881919 7.881828 7.881736 7.881643 7.881694 7.881824 7.881767 7.881701 7.881639 7.881639 7.88166 7.88166 7.881654 7.881671 7.881608 7.881617 7.881659 7.881697 7.881658 7.881702 7.881753 7.881741 7.881695 7.881776 7.88174 7.88174 7.88182 7.881865 7.881858 7.881779 7.881815 7.88185 7.881908 7.881953 7.882035 7.882062
7.880927 7.880982 7.880978 7.881061 7.881139 7.881166 7.880912 7.881 7.881138 7.881236 7.881259 7.881304 7.88136 7.881327 7.881394 7.881327 7.881382 7.881502 7.881586 7.881612 7.88162 7.881524 7.881537 7.881754 7.881833 7.881837 7.881904 7.88191 7.881912 7.881857 7.881831 7.881754 7.881649 7.881755 7.881699 7.881688 7.881634 7.881636 7.881625 7.881578 7.881609 7.881622 7.881625 7.881708 7.881711 7.881707 7.881711 7.881699 7.881703 7.881686 7.8818 7.881732 7.881726 7.881788 7.881819 7.881751 7.881728 7.881772 7.881827 7.881873 7.881877 7.882009 7.882054
7.880881 7.880914 7.880972 7.880992 7.881059 7.881125 7.8811 7.88096 7.880943 7.881061 7.881127 7.881153 7.881235 7.881283 7.881302 7.881377 7.881486 7.88146 7.881468 7.88151 7.881629 7.881563 7.881587 7.881646 7.88166 7.881707 7.881735 7.881842 7.881938 7.881882 7.8818 7.88166 7.881629 7.881728 7.881719 7.881739 7.88167 7.881653 7.88168 7.88164 7.881507 7.88154 7.881633 7.881631 7.881641 7.881655 7.881699 7.881685 7.881722 7.881704 7.881822 7.881802 7.881766 7.881786 7.88181 7.881748 7.881753 7.881785 7.88182 7.881789 7.881881 7.882043 7.882057
7.880913 7.880934 7.88091 7.881002 7.881029 7.881064 7.881154 7.88093 7.880975 7.880932 7.881042 7.881089 7.881188 7.881163 7.881188 7.881387 7.881398 7.88146 7.881419 7.881449 7.881469 7.881467 7.881602 7.881574 7.881593 7.881669 7.881651 7.881759 7.881786 7.881724 7.881584 7.881677 7.881515 7.88166 7.881792 7.881729 7.881657 7.881662 7.881604 7.88159 7.881598 7.881673 7.881638 7.881684 7.881742 7.881757 7.881659 7.881694 7.881731 7.881752 7.881784 7.881839 7.881837 7.881746 7.881736 7.881763 7.88183 7.881829 7.881836 7.88182 7.881787 7.881888 7.882014
7.880905 7.880943 7.880972 7.880981 7.880889 7.881001 7.881084 7.881224 7.880996 7.880936 7.880992 7.880983 7.881028 7.881157 7.881202 7.881209 7.881362 7.881372 7.881409 7.881426 7.881335 7.881374 7.881452 7.881445 7.88152 7.881602 7.881642 7.881727 7.88174 7.88178 7.881651 7.881501 7.881386 7.881626 7.881629 7.881728 7.881626 7.881648 7.881621 7.88157 7.881631 7.881645 7.881567 7.881632 7.881701 7.881743 7.881767 7.881792 7.88185 7.881874 7.881898 7.881886 7.88183 7.881676 7.881718 7.881787 7.881846 7.881853 7.881847 7.881841 7.88184 7.88187 7.882029
7.880908 7.880985 7.880922 7.880905 7.880917 7.880942 7.881026 7.88114 7.880949 7.880996 7.880979 7.880979 7.881022 7.881097 7.881116 7.881198 7.881305 7.881276 7.881332 7.881401 7.881386 7.881456 7.881392 7.881481 7.881474 7.881496 7.881594 7.881596 7.881652 7.88158 7.881612 7.881482 7.881576 7.881417 7.881565 7.881689 7.881671 7.881524 7.881531 7.881641 7.881657 7.881594 7.881563 7.881599 7.881618 7.88165 7.881755 7.881857 7.881876 7.881909 7.881941 7.881906 7.881884 7.881866 7.881778 7.881856 7.881921 7.881954 7.881845 7.881851 7.881865 7.881822 7.882006
7.880921 7.880984 7.880993 7.88096 7.880972 7.881049 7.881059 7.88118 7.881132 7.880968 7.880933 7.880971 7.881026 7.881128 7.881148 7.881194 7.881163 7.88128 7.881286 7.881302 7.881344 7.881442 7.881491 7.88154 7.881479 7.88152 7.881588 7.881519 7.881569 7.881558 7.881527 7.881523 7.881475 7.881416 7.881552 7.881598 7.881546 7.881404 7.881601 7.881588 7.881569 7.881556 7.881567 7.881639 7.88163 7.881705 7.881759 7.881786 7.881863 7.88189 7.881949 7.881931 7.88187 7.881854 7.881869 7.881869 7.881893 7.881923 7.881952 7.881971 7.881927 7.881936 7.881882
7.880887 7.880905 7.880883 7.880987 7.881032 7.881089 7.881072 7.881084 7.881239 7.881011 7.881018 7.881099 7.881171 7.881197 7.881182 7.881134 7.881203 7.881241 7.881202 7.881314 7.881372 7.881402 7.881433 7.881466 7.881534 7.881528 7.881482 7.881499 7.881464 7.881512 7.881475 7.881509 7.881411 7.881434 7.881547 7.881577 7.881599 7.88149 7.881499 7.881446 7.881455 7.881478 7.881478 7.881492 7.881625 7.881721 7.881716 7.881814 7.881834 7.881839 7.881918 7.881888 7.881861 7.881936 7.881913 7.8819 7.881916 7.881974 7.881999 7.88199 7.881997 7.881898 7.881847
7.88083 7.880872 7.88086 7.880829 7.880985 7.881045 7.881037 7.881072 7.881121 7.881089 7.881157 7.88115 7.881178 7.881221 7.881234 7.881234 7.881248 7.881232 7.881277 7.881383 7.881424 7.881438 7.881449 7.881461 7.881524 7.88149 7.881531 7.881396 7.881456 7.881435 7.88141 7.881407 7.88152 7.881438 7.881479 7.881502 7.881614 7.881516 7.88152 7.88148 7.881433 7.881482 7.881424 7.881516 7.881569 7.881645 7.881732 7.881743 7.881732 7.88175 7.881852 7.881873 7.881863 7.881899 7.88194 7.882018 7.881911 7.881966 7.882032 7.882018 7.88197 7.881882 7.881838
7.880718 7.880705 7.880823 7.880895 7.880934 7.880947 7.880934 7.881034 7.881107 7.881244 7.881043 7.881196 7.881194 7.881229 7.881219 7.881268 7.88122 7.881221 7.881255 7.881396 7.881451 7.881452 7.881535 7.881587 7.881613 7.881558 7.881421 7.881439 7.881444 7.881365 7.881405 7.881401 7.881456 7.881345 7.881403 7.881512 7.881552 7.881678 7.881516 7.881505 7.88153 7.881503 7.881526 7.881557 7.881602 7.881633 7.881691 7.881705 7.881739 7.881717 7.881728 7.881741 7.881792 7.881813 7.881829 7.881916 7.881914 7.881946 7.881974 7.881999 7.881878 7.881889 7.881849
7.880661 7.880748 7.880733 7.880744 7.880756 7.880917 7.881014 7.881016 7.881101 7.881106 7.88109 7.881135 7.881157 7.881162 7.881242 7.881228 7.881217 7.881204 7.881245 7.881388 7.881396 7.881539 7.88151 7.881569 7.881611 7.881619 7.881549 7.881519 7.881494 7.881467 7.881455 7.881496 7.881445 7.881438 7.881366 7.881407 7.8815 7.881588 7.881456 7.881524 7.88155 7.881532 7.881536 7.881594 7.881629 7.881648 7.881647 7.881739 7.881725 7.881707 7.881704 7.88179 7.881851 7.881809 7.881805 7.881893 7.881958 7.881799 7.881808 7.881835 7.881794 7.881783 7.881863
7.880731 7.88077 7.8808 7.880757 7.88076 7.880757 7.88083 7.881032 7.881189 7.881186 7.881251 7.881098 7.881117 7.8812 7.881226 7.881245 7.88119 7.88127 7.881279 7.881394 7.881433 7.881485 7.881545 7.881524 7.881502 7.881471 7.881462 7.881472 7.881389 7.881458 7.881491 7.881514 7.881428 7.881485 7.881409 7.881552 7.881475 7.881501 7.881396 7.88144 7.881462 7.881541 7.881583 7.88162 7.881639 7.881625 7.881621 7.88167 7.881661 7.881647 7.881749 7.881796 7.881855 7.881846 7.881835 7.881894 7.881877 7.881812 7.881754 7.881733 7.88167 7.881693 7.881714
7.880774 7.880787 7.880834 7.88088 7.880772 7.88081 7.880935 7.880959 7.881114 7.881175 7.881193 7.88106 7.881104 7.881063 7.881105 7.881156 7.881143 7.881215 7.881293 7.881373 7.881447 7.881527 7.881522 7.881496 7.881475 7.881455 7.881451 7.881466 7.881385 7.881437 7.881481 7.881469 7.881435 7.881518 7.88144 7.881504 7.881456 7.881433 7.881418 7.881442 7.881528 7.881544 7.881595 7.881626 7.881556 7.8816 7.88162 7.881637 7.881668 7.88163 7.881695 7.88181 7.881887 7.881893 7.881859 7.881889 7.881879 7.881871 7.881636 7.881697 7.881665 7.881671 7.881692
7.88071 7.880714 7.880787 7.880851 7.880856 7.880945 7.880989 7.881019 7.881021 7.881076 7.881193 7.880966 7.881054 7.881003 7.881078 7.881084 7.881074 7.881161 7.881228 7.881343 7.881402 7.881503 7.881483 7.881417 7.881394 7.881451 7.881434 7.881383 7.881401 7.881441 7.881511 7.881527 7.881444 7.881447 7.881484 7.881355 7.881382 7.881373 7.881509 7.881475 7.881513 7.881516 7.881534 7.881523 7.881619 7.881622 7.881616 7.881699 7.881672 7.881711 7.881668 7.88175 7.881775 7.881784 7.881855 7.881834 7.881864 7.881794 7.881729 7.881629 7.881686 7.881681 7.881684
7.88073 7.880721 7.880711 7.880693 7.880875 7.880956 7.881016 7.881036 7.881097 7.881073 7.881093 7.881186 7.881046 7.881102 7.881038 7.880941 7.881002 7.881164 7.881183 7.881256 7.881378 7.881311 7.881441 7.881384 7.881392 7.881371 7.881396 7.881425 7.881408 7.881382 7.881468 7.881505 7.881519 7.881505 7.88151 7.881459 7.881433 7.881357 7.881383 7.881373 7.881436 7.881443 7.881373 7.881411 7.881492 7.881594 7.881638 7.881616 7.881614 7.881703 7.881732 7.881766 7.881779 7.881861 7.88182 7.881779 7.881748 7.881779 7.881817 7.881693 7.881638 7.881665 7.881669
7.880764 7.880787 7.880778 7.880888 7.880938 7.880958 7.880955 7.88105 7.881064 7.881128 7.881156 7.881127 7.880951 7.881109 7.881026 7.881036 7.881103 7.881034 7.881116 7.881224 7.881353 7.881271 7.881287 7.88135 7.881346 7.88138 7.881359 7.881349 7.881407 7.881452 7.88137 7.881454 7.881544 7.88152 7.881482 7.881474 7.881569 7.881548 7.881484 7.8814 7.881433 7.881386 7.881339 7.881362 7.881392 7.881394 7.881484 7.881487 7.881564 7.881597 7.881602 7.881716 7.881794 7.881747 7.881793 7.881778 7.881696 7.881752 7.881736 7.881844 7.881753 7.881732 7.881698
7.880743 7.880666 7.880762 7.880854 7.880965 7.881002 7.881025 7.881069 7.881085 7.881217 7.881274 7.881267 7.881228 7.881035 7.881017 7.88112 7.881156 7.881133 7.881187 7.881254 7.881164 7.881203 7.881174 7.881335 7.881312 7.881343 7.881296 7.881307 7.881361 7.881339 7.881361 7.881468 7.881511 7.881427 7.881478 7.881541 7.881647 7.881592 7.881528 7.881418 7.881445 7.881405 7.881362 7.881341 7.881306 7.881388 7.881336 7.881405 7.881548 7.881621 7.881591 7.881706 7.881668 7.881701 7.881694 7.881677 7.881638 7.881737 7.881702 7.881724 7.881658 7.881643 7.881667
7.880651 7.880662 7.880765 7.880812 7.88085 7.880923 7.881104 7.881036 7.881067 7.881145 7.881176 7.881208 7.881256 7.881005 7.88113 7.881269 7.881183 7.881227 7.881235 7.881186 7.881216 7.881204 7.881233 7.881336 7.881352 7.881239 7.881346 7.881352 7.881354 7.881352 7.881326 7.881401 7.881414 7.881413 7.881421 7.881498 7.881582 7.881624 7.881638 7.881532 7.881491 7.881476 7.881387 7.881302 7.881334 7.881324 7.881302 7.881407 7.881434 7.881486 7.88157 7.881711 7.881649 7.881642 7.881628 7.881619 7.881639 7.881624 7.881631 7.881646 7.881659 7.881527 7.881557
7.880648 7.880733 7.880793 7.880772 7.880782 7.880931 7.880903 7.880943 7.881022 7.881061 7.881034 7.881132 7.881168 7.881228 7.881139 7.881264 7.88126 7.881305 7.881259 7.881263 7.881208 7.881292 7.881352 7.881279 7.881345 7.881306 7.881275 7.881272 7.881276 7.881376 7.881392 7.881357 7.881382 7.881424 7.881497 7.881544 7.881601 7.881776 7.881676 7.881592 7.881493 7.881536 7.881495 7.88139 7.881326 7.881273 7.88135 7.881382 7.881416 7.881459 7.881567 7.881594 7.881569 7.881586 7.881567 7.88164 7.88158 7.881629 7.881594 7.88162 7.881608 7.881556 7.881531
7.880592 7.880682 7.880785 7.880816 7.880865 7.880876 7.880939 7.881003 7.881001 7.880973 7.881032 7.881012 7.880991 7.881134 7.881035 7.881066 7.881175 7.88127 7.881219 7.881225 7.881246 7.881263 7.88128 7.881289 7.881327 7.88132 7.88136 7.88136 7.881384 7.881369 7.881292 7.881231 7.881343 7.881454 7.881473 7.881529 7.881556 7.881712 7.881611 7.881685 7.881463 7.88153 7.881499 7.881424 7.881405 7.881397 7.881401 7.881421 7.881436 7.881547 7.881476 7.881522 7.881503 7.881524 7.881624 7.881582 7.881517 7.881514 7.881563 7.881569 7.881605 7.881607 7.881552
7.880704 7.880717 7.880773 7.880785 7.880874 7.880875 7.880905 7.880974 7.880982 7.881019 7.881013 7.880975 7.881054 7.881143 7.880979 7.881019 7.881099 7.881118 7.881087 7.881117 7.881165 7.881191 7.881218 7.881238 7.881236 7.881356 7.881344 7.881348 7.88138 7.881374 7.881348 7.881288 7.881288 7.881461 7.881493 7.881588 7.881557 7.881655 7.881646 7.881543 7.881369 7.881451 7.881409 7.881377 7.88133 7.881444 7.88145 7.881463 7.881476 7.881464 7.881454 7.88152 7.881482 7.881441 7.881466 7.881492 7.88159 7.881596 7.881614 7.881612 7.881629 7.881644 7.881683
7.880654 7.880774 7.880769 7.880829 7.88085 7.88083 7.880817 7.880906 7.880899 7.880944 7.881003 7.880997 7.881106 7.881139 7.881206 7.881066 7.881097 7.881111 7.88103 7.8811 7.881143 7.881147 7.881156 7.881129 7.881186 7.881243 7.881225 7.881282 7.881284 7.881296 7.881289 7.881299 7.881367 7.881404 7.881527 7.88148 7.881485 7.881511 7.881698 7.881589 7.881569 7.881348 7.881329 7.881415 7.881415 7.881411 7.881462 7.88148 7.881495 7.881425 7.88145 7.881437 7.881469 7.881475 7.881473 7.881418 7.881439 7.881493 7.88163 7.881626 7.881659 7.88167 7.881677
7.88076 7.880773 7.880887 7.880883 7.880823 7.880826 7.880887 7.880872 7.880849 7.880893 7.881007 7.881103 7.88113 7.881124 7.881176 7.880978 7.881006 7.880996 7.880992 7.881067 7.881103 7.881083 7.881118 7.881082 7.881155 7.881203 7.881331 7.881289 7.881256 7.881301 7.881317 7.881349 7.881325 7.881404 7.881457 7.881481 7.881507 7.881505 7.881615 7.881665 7.88149 7.881372 7.881395 7.881436 7.881466 7.881464 7.881522 7.881551 7.881468 7.881471 7.881514 7.881439 7.881467 7.881474 7.88143 7.881428 7.881473 7.881485 7.881516 7.88155 7.881667 7.881656 7.881662
7.880735 7.880734 7.880764 7.880839 7.880893 7.88086 7.88092 7.880871 7.880925 7.880952 7.880861 7.880985 7.881076 7.881106 7.881141 7.881139 7.880935 7.880941 7.880997 7.881015 7.881004 7.88108 7.881062 7.881091 7.881096 7.881106 7.88114 7.881259 7.881262 7.881289 7.88134 7.881369 7.881397 7.881392 7.881386 7.881449 7.881433 7.881455 7.881608 7.881582 7.881484 7.881447 7.881251 7.881404 7.881469 7.881463 7.881482 7.88149 7.881471 7.881504 7.88151 7.881514 7.881639 7.881464 7.881415 7.88144 7.881464 7.881468 7.881488 7.88157 7.881492 7.881505 7.881639
7.880665 7.880719 7.880698 7.880796 7.88088 7.88086 7.880871 7.880879 7.880953 7.880986 7.881059 7.880983 7.881069 7.881139 7.88122 7.881167 7.880889 7.88092 7.880951 7.880986 7.881054 7.881008 7.881025 7.881065 7.881091 7.88106 7.881092 7.88113 7.881137 7.881272 7.881351 7.881452 7.881477 7.881387 7.881401 7.881433 7.881421 7.881463 7.881571 7.881584 7.881585 7.881373 7.881341 7.881416 7.881335 7.881322 7.881311 7.881432 7.881511 7.881482 7.881451 7.881518 7.881601 7.881528 7.881489 7.881484 7.881529 7.881546 7.881609 7.881603 7.881474 7.881524 7.881569
7.88067 7.880717 7.880751 7.880733 7.880826 7.880853 7.880836 7.880897 7.880942 7.880987 7.88102 7.881042 7.881089 7.881135 7.88111 7.881133 7.880969 7.881014 7.881033 7.881002 7.881058 7.881024 7.880971 7.881053 7.88108 7.88111 7.881118 7.88113 7.881145 7.881176 7.881302 7.88141 7.881417 7.881417 7.881454 7.881424 7.881459 7.881422 7.881404 7.881537 7.881578 7.881548 7.881433 7.881422 7.881382 7.881403 7.88134 7.88131 7.881298 7.881371 7.881428 7.881539 7.881486 7.881552 7.881554 7.881612 7.881554 7.881619 7.881582 7.881579 7.881615 7.881647 7.881698
7.880688 7.880723 7.880744 7.880746 7.880776 7.880781 7.880874 7.880922 7.880939 7.880985 7.881042 7.881054 7.881068 7.881113 7.88112 7.881124 7.881154 7.880969 7.880968 7.881063 7.881001 7.881056 7.881026 7.881026 7.881135 7.881182 7.881227 7.881183 7.881114 7.881212 7.881248 7.881279 7.881347 7.881412 7.881486 7.881515 7.881582 7.881486 7.881467 7.881571 7.881658 7.881668 7.881456 7.881363 7.881444 7.881403 7.8814 7.88132 7.881339 7.881308 7.881288 7.881365 7.88142 7.881525 7.881505 7.881528 7.881575 7.881557 7.881526 7.881619 7.881612 7.881679 7.881715
