inputs/Middelgrunden/Resource grid 1   Sector 7   Height 64m   Weibull-A.grd
DSAA
 111           201 
 728800        731000
 6176000       6180000
 7.268925      8.795155
[rows 56 to 83 of 201, columns 0 to 62 of 111]
7.672921 7.699673 7.72665 7.775987 7.810583 7.839612 7.864323 7.874486 7.89355 7.906863 7.935388 7.971326 7.984184 7.997265 8.009226 8.03016 8.038831 8.081943 8.099619 8.116139 8.125484 8.136021 8.164363 8.18205 8.194654 8.20496 8.216686 8.209741 8.218034 8.235741 8.243208 8.250355 8.25772 8.265224 8.27417 8.282335 8.289547 8.298331 8.308785 8.32125 8.33035 8.340096 8.374811 8.386155 8.39151 8.401171 8.405704 8.41071 8.422068 8.426326 8.418649 8.42711 8.435914 8.443288 8.450608 8.463613 8.468194 8.456989 8.475065 8.480526 8.483832 8.486334 8.488024
7.680288 7.707665 7.737761 7.781517 7.820051 7.846776 7.869539 7.879009 7.899895 7.911958 7.939067 7.976432 7.98897 8.001469 8.013721 8.037429 8.053783 8.060477 8.102703 8.119172 8.12932 8.139767 8.167665 8.185438 8.198549 8.208558 8.195485 8.213281 8.221396 8.239093 8.246358 8.253443 8.26063 8.268562 8.275916 8.285767 8.292698 8.301974 8.312224 8.324745 8.33374 8.342964 8.377742 8.389212 8.399122 8.403915 8.408627 8.413517 8.424629 8.428984 8.43475 8.42931 8.438564 8.445681 8.453157 8.465925 8.470206 8.459898 8.477103 8.482705 8.485995 8.488497 8.49029
7.687489 7.716198 7.746268 7.785767 7.827927 7.855378 7.873682 7.883619 7.905195 7.917037 7.954037 7.981203 7.993498 8.00552 8.01867 8.039614 8.058133 8.064198 8.105659 8.122075 8.133654 8.143726 8.170472 8.189064 8.202349 8.211949 8.199292 8.216936 8.224788 8.242386 8.249424 8.256898 8.264096 8.27194 8.279322 8.288918 8.296263 8.304843 8.315512 8.327963 8.337057 8.346086 8.380721 8.3922 8.4019 8.406885 8.411375 8.416315 8.42729 8.43178 8.436719 8.431531 8.439221 8.447982 8.455482 8.468185 8.472425 8.462473 8.479162 8.484865 8.488067 8.490661 8.492456
7.695518 7.726258 7.756382 7.792271 7.835665 7.863535 7.877878 7.888176 7.910102 7.921264 7.958528 7.985981 7.998364 8.010186 8.023214 8.042795 8.061234 8.067583 8.108574 8.131142 8.137998 8.147894 8.167674 8.192657 8.205886 8.217292 8.208916 8.22065 8.228132 8.245641 8.244077 8.260511 8.267432 8.275349 8.282733 8.292225 8.299706 8.308451 8.319015 8.331356 8.340782 8.349298 8.383867 8.395416 8.404716 8.40983 8.414193 8.419327 8.429981 8.4344 8.438731 8.433819 8.441677 8.450299 8.458017 8.470402 8.474633 8.475751 8.481191 8.487026 8.490184 8.492761 8.494565
7.703027 7.73556 7.764971 7.800661 7.843097 7.869098 7.882017 7.893517 7.914871 7.931072 7.962863 7.989767 8.002872 8.014671 8.027898 8.046522 8.064736 8.070943 8.111773 8.134938 8.142241 8.151797 8.170704 8.196259 8.209277 8.220292 8.212823 8.224442 8.231252 8.240017 8.247759 8.264014 8.270677 8.278396 8.286225 8.295323 8.303068 8.311751 8.322317 8.334355 8.344645 8.377 8.386794 8.402275 8.407391 8.412507 8.41694 8.42677 8.432714 8.43718 8.441236 8.436001 8.4459 8.452632 8.460472 8.472334 8.477036 8.477777 8.483201 8.488897 8.492353 8.494837 8.496641
7.711069 7.744703 7.77378 7.809544 7.849592 7.874003 7.886432 7.898083 7.919543 7.9408 7.967333 7.992884 8.007224 8.018967 8.032314 8.049947 8.068521 8.076514 8.090346 8.138178 8.146313 8.155438 8.173785 8.199787 8.212588 8.223223 8.216166 8.227906 8.234663 8.241668 8.251472 8.26758 8.273885 8.28172 8.289505 8.298698 8.306262 8.315161 8.325744 8.337561 8.348204 8.380083 8.389753 8.402451 8.410015 8.4153 8.419691 8.429999 8.435227 8.439762 8.443863 8.438207 8.448275 8.454883 8.462921 8.474502 8.479623 8.479753 8.485277 8.490752 8.494465 8.496959 8.498759
7.719728 7.752702 7.782446 7.8188 7.857498 7.871155 7.890592 7.902685 7.924463 7.962065 7.973987 7.996621 8.011142 8.022966 8.036378 8.054245 8.071222 8.08837 8.093255 8.140814 8.150203 8.164851 8.176823 8.203389 8.216133 8.226389 8.219182 8.231334 8.238263 8.245358 8.255171 8.27108 8.27733 8.28565 8.292835 8.300251 8.309282 8.31851 8.328965 8.341073 8.351551 8.383348 8.392731 8.405097 8.41558 8.418055 8.422555 8.432987 8.438375 8.442254 8.446507 8.440609 8.450562 8.456751 8.465377 8.476529 8.473915 8.481769 8.487347 8.492598 8.496547 8.499123 8.500915
7.727633 7.75789 7.791024 7.827413 7.867935 7.876331 7.895224 7.907188 7.928767 7.966675 7.976703 8.00005 8.015213 8.02689 8.043202 8.05844 8.07499 8.091741 8.096219 8.144063 8.153895 8.167567 8.18023 8.206581 8.219509 8.229466 8.218174 8.234731 8.241606 8.249215 8.258633 8.274628 8.28084 8.289161 8.296189 8.303778 8.312641 8.321751 8.332314 8.344164 8.354772 8.386379 8.397143 8.407687 8.417986 8.420828 8.425036 8.435509 8.440736 8.444619 8.449086 8.452043 8.453265 8.458901 8.467806 8.478994 8.476743 8.483721 8.48936 8.494508 8.498544 8.501266 8.502972
7.736396 7.766005 7.798944 7.834342 7.873653 7.881496 7.90009 7.911777 7.941452 7.970757 7.979953 8.002942 8.019162 8.031047 8.050492 8.063229 8.078776 8.094739 8.10003 8.147552 8.163515 8.174598 8.177517 8.203707 8.22246 8.232487 8.221144 8.237108 8.244821 8.253154 8.262201 8.277771 8.284342 8.292491 8.299244 8.306761 8.315915 8.325005 8.335805 8.347299 8.357678 8.389487 8.399817 8.410137 8.420446 8.426228 8.432727 8.437969 8.443097 8.44698 8.451749 8.454344 8.455733 8.461196 8.470161 8.48108 8.478744 8.485622 8.491359 8.496326 8.500433 8.50333 8.505036
7.743969 7.774518 7.807108 7.84081 7.878197 7.886537 7.897673 7.916024 7.946104 7.975421 7.984316 8.005708 8.023115 8.035332 8.054378 8.068004 8.082508 8.098063 8.10426 8.126879 8.166669 8.177358 8.181168 8.206941 8.219544 8.211652 8.224421 8.2399 8.248038 8.256934 8.265914 8.281177 8.28769 8.295859 8.302347 8.309759 8.318411 8.328034 8.339087 8.350554 8.360592 8.392642 8.40297 8.41266 8.422897 8.428535 8.435573 8.440436 8.445462 8.44929 8.454246 8.459907 8.458058 8.463818 8.475757 8.479262 8.480743 8.487303 8.493346 8.498233 8.502155 8.505349 8.507016
7.750587 7.782964 7.815193 7.84727 7.882419 7.891293 7.908963 7.920578 7.966856 7.979908 7.988705 8.008222 8.026433 8.039082 8.058223 8.072699 8.085784 8.100412 8.116039 8.130069 8.169965 8.17739 8.184715 8.209945 8.222593 8.21113 8.227563 8.242545 8.250471 8.260485 8.269469 8.276735 8.291134 8.298081 8.305451 8.312448 8.322046 8.331115 8.342442 8.353659 8.387814 8.395668 8.405745 8.414867 8.42516 8.431268 8.438434 8.442966 8.447824 8.451714 8.456741 8.458837 8.460341 8.466037 8.475096 8.481853 8.482705 8.489195 8.49534 8.500209 8.503855 8.507344 8.509006
7.756815 7.791701 7.823197 7.853426 7.886671 7.895809 7.906181 7.925535 7.97133 7.984574 7.998367 8.010555 8.029929 8.04317 8.062095 8.076777 8.089069 8.103887 8.118557 8.128369 8.176276 8.180514 8.193577 8.212991 8.223286 8.215073 8.230418 8.245184 8.253582 8.263766 8.273097 8.280358 8.294565 8.301299 8.308596 8.315681 8.325256 8.334379 8.345767 8.356977 8.39258 8.400235 8.408809 8.417521 8.427974 8.435859 8.441348 8.445492 8.450274 8.454115 8.458953 8.461121 8.462567 8.468323 8.477541 8.484624 8.484803 8.491056 8.497115 8.502117 8.505572 8.509333 8.511039
7.759479 7.800001 7.831329 7.859671 7.890757 7.900122 7.910679 7.931657 7.975983 7.988695 8.002251 8.014281 8.033947 8.05334 8.065931 8.08056 8.093243 8.107276 8.120663 8.130948 8.179101 8.183437 8.196492 8.215885 8.226331 8.218368 8.233203 8.247779 8.25624 8.267135 8.276818 8.283757 8.298123 8.304601 8.311412 8.318878 8.328429 8.337622 8.348946 8.360263 8.395513 8.403162 8.411806 8.420314 8.430398 8.438358 8.444262 8.448007 8.452675 8.45646 8.461286 8.463496 8.46501 8.47073 8.479931 8.48691 8.48711 8.492926 8.499185 8.504017 8.507299 8.511175 8.513062
7.76655 7.806641 7.838063 7.865432 7.89467 7.904933 7.915603 7.938382 7.98061 7.992597 8.006131 8.018108 8.037601 8.057299 8.070001 8.084917 8.097646 8.110707 8.123965 8.133636 8.160534 8.186712 8.209778 8.213257 8.231022 8.221573 8.236035 8.250318 8.254375 8.270351 8.280338 8.287128 8.301455 8.307963 8.314518 8.321855 8.33124 8.340659 8.352038 8.3637 8.398298 8.406122 8.414419 8.425237 8.435224 8.440937 8.446662 8.450336 8.455018 8.458498 8.463451 8.469873 8.473965 8.473182 8.482294 8.48915 8.489057 8.49502 8.5013 8.505909 8.50922 8.512921 8.515107
7.772996 7.812855 7.84658 7.871519 7.898708 7.916459 7.928628 7.945048 7.984984 7.996679 8.007917 8.021815 8.041018 8.061119 8.073496 8.089273 8.101903 8.113737 8.1264 8.140869 8.163005 8.189713 8.213107 8.215482 8.233743 8.22499 8.239074 8.248081 8.257115 8.273563 8.283437 8.290403 8.304121 8.311117 8.317732 8.324927 8.334296 8.343691 8.354869 8.36701 8.401113 8.409044 8.416881 8.427637 8.437551 8.44349 8.449157 8.452935 8.457031 8.461188 8.465632 8.472082 8.475686 8.475512 8.484919 8.491279 8.490884 8.496966 8.503515 8.507605 8.51097 8.514533 8.517031
7.779349 7.819365 7.854123 7.879257 7.903863 7.921816 7.934433 7.971006 7.989897 8.000927 8.011516 8.02554 8.044284 8.064796 8.077388 8.093577 8.106431 8.116483 8.129926 8.143939 8.164258 8.19271 8.216106 8.218139 8.236569 8.228452 8.241734 8.250914 8.259699 8.276679 8.286516 8.293675 8.307773 8.314354 8.320738 8.328 8.337285 8.346892 8.357736 8.395473 8.404106 8.411757 8.419585 8.430097 8.440258 8.446092 8.451378 8.455937 8.459305 8.463433 8.46789 8.474352 8.477868 8.477895 8.485049 8.493195 8.492686 8.498777 8.505772 8.509561 8.512776 8.516065 8.51888
7.785831 7.82728 7.861466 7.888329 7.909531 7.927577 7.939687 7.976789 7.9943 8.00491 8.015342 8.029201 8.04631 8.067734 8.081546 8.097586 8.111053 8.119377 8.134008 8.152803 8.166429 8.204938 8.218971 8.221004 8.239018 8.231347 8.244731 8.252599 8.262479 8.279462 8.28958 8.29698 8.311017 8.317614 8.323738 8.331157 8.340396 8.34954 8.360772 8.398201 8.406771 8.414324 8.422187 8.432711 8.442715 8.448768 8.4536 8.457945 8.461569 8.465593 8.470134 8.476719 8.480329 8.480446 8.487172 8.495187 8.49458 8.500717 8.507944 8.511395 8.514415 8.517614 8.520618
7.793824 7.835388 7.867085 7.893883 7.915814 7.933314 7.945353 7.97651 7.998476 8.008819 8.018921 8.032801 8.048355 8.070878 8.085708 8.101429 8.115423 8.122434 8.137976 8.155755 8.168633 8.213899 8.221922 8.227432 8.241595 8.24088 8.244725 8.252975 8.265082 8.282111 8.292596 8.300244 8.314236 8.320971 8.326694 8.334345 8.343528 8.352756 8.363726 8.400945 8.409373 8.416935 8.424796 8.434978 8.445134 8.451399 8.455825 8.460249 8.46394 8.467886 8.472342 8.479336 8.488744 8.482856 8.489325 8.49604 8.496444 8.502653 8.509883 8.513168 8.516254 8.519301 8.522192
7.80364 7.842517 7.872289 7.89948 7.920869 7.93914 7.951021 7.982033 7.994442 8.012766 8.022348 8.036344 8.050873 8.074285 8.090045 8.097672 8.118925 8.12647 8.142098 8.158026 8.17439 8.192321 8.218359 8.230066 8.225739 8.24332 8.247384 8.255784 8.267787 8.284525 8.295562 8.310263 8.317534 8.324144 8.329758 8.337852 8.346591 8.356142 8.366755 8.403523 8.412059 8.419471 8.427312 8.437239 8.447626 8.453307 8.457873 8.462483 8.466163 8.470307 8.474617 8.481105 8.491052 8.496125 8.491432 8.497999 8.498213 8.505582 8.511805 8.514933 8.518066 8.521099 8.523849
7.813334 7.848339 7.878163 7.905014 7.92367 7.944908 7.96666 7.987131 7.998636 8.00883 8.025857 8.035313 8.053319 8.077636 8.094748 8.101228 8.122017 8.125385 8.145757 8.160645 8.177258 8.195459 8.220901 8.232822 8.228321 8.245683 8.25025 8.258407 8.2705 8.286969 8.298445 8.313176 8.320694 8.327359 8.332988 8.341387 8.349761 8.359292 8.369402 8.405972 8.414719 8.422027 8.429965 8.43975 8.45007 8.455601 8.460148 8.46478 8.46838 8.47257 8.477158 8.483315 8.493289 8.498839 8.493515 8.499944 8.500023 8.507408 8.513622 8.5167 8.519914 8.522492 8.525418
7.82271 7.854179 7.883875 7.910582 7.927495 7.950118 7.971244 7.991276 8.002657 8.012962 8.02927 8.041776 8.061954 8.080566 8.099063 8.105682 8.125176 8.13587 8.14924 8.16363 8.180183 8.197618 8.229086 8.235566 8.231555 8.248141 8.252826 8.26097 8.271688 8.286852 8.303519 8.3161 8.323901 8.33049 8.336234 8.344692 8.352857 8.362357 8.372534 8.408867 8.417234 8.425068 8.432512 8.442337 8.452745 8.457709 8.462474 8.466983 8.470553 8.475022 8.479359 8.485458 8.495568 8.500845 8.495716 8.501978 8.501822 8.509213 8.515321 8.51849 8.521663 8.524251 8.52704
7.831662 7.860268 7.889124 7.916135 7.935815 7.955397 7.982111 7.997491 8.006763 8.017108 8.032733 8.045657 8.065331 8.084156 8.103257 8.109875 8.12843 8.135493 8.152822 8.166644 8.183196 8.199789 8.231797 8.238626 8.234278 8.250833 8.256202 8.263595 8.274186 8.289161 8.30603 8.318961 8.327048 8.333677 8.339451 8.347891 8.355862 8.364942 8.397051 8.411834 8.419822 8.427683 8.434837 8.444787 8.455409 8.459641 8.464937 8.469147 8.472687 8.47718 8.481629 8.487858 8.4979 8.503056 8.497771 8.50411 8.50354 8.510995 8.51704 8.520412 8.523463 8.525889 8.528352
7.840398 7.866539 7.893803 7.921056 7.940931 7.964262 7.986625 8.001863 8.010486 8.021057 8.036167 8.049258 8.068719 8.087473 8.106833 8.113644 8.132175 8.145738 8.156363 8.170239 8.181439 8.204485 8.20389 8.241419 8.249728 8.253208 8.26035 8.26621 8.276804 8.291465 8.308309 8.321805 8.33001 8.33678 8.342681 8.35101 8.358858 8.367826 8.400298 8.414264 8.422407 8.430221 8.437133 8.449377 8.45769 8.461757 8.467145 8.471411 8.47502 8.479441 8.483967 8.490319 8.495942 8.505376 8.499841 8.506066 8.505278 8.512736 8.518791 8.522231 8.525219 8.527624 8.529933
7.849842 7.873359 7.898544 7.922877 7.946144 7.975667 7.991456 8.006058 8.014399 8.025097 8.04004 8.052813 8.065524 8.090697 8.111105 8.124539 8.13628 8.150278 8.160119 8.173374 8.18839 8.207902 8.206529 8.245574 8.25236 8.256722 8.262978 8.268683 8.27939 8.293725 8.310501 8.325221 8.332862 8.339822 8.345868 8.354081 8.361776 8.370633 8.403337 8.416981 8.424767 8.432681 8.439292 8.45186 8.459223 8.463881 8.469727 8.473752 8.477251 8.481683 8.486303 8.4928 8.500564 8.507702 8.501865 8.500764 8.506984 8.514448 8.52044 8.524135 8.526967 8.529394 8.531549
7.857421 7.880226 7.905077 7.927599 7.950772 7.979559 7.996051 8.010098 8.018103 8.029025 8.038171 8.056374 8.069834 8.09463 8.114616 8.128831 8.14071 8.154466 8.164499 8.175876 8.191285 8.209829 8.209109 8.248107 8.255008 8.253924 8.265282 8.271111 8.282169 8.296144 8.312468 8.32805 8.33568 8.342747 8.349146 8.357127 8.364849 8.373565 8.409942 8.419643 8.427318 8.435224 8.441607 8.454206 8.461129 8.466025 8.471765 8.476092 8.479381 8.483982 8.488608 8.495462 8.502552 8.51024 8.516598 8.502703 8.508636 8.516159 8.522113 8.52591 8.528663 8.531159 8.53325
7.863142 7.886416 7.910084 7.931211 7.955415 7.988257 8.00025 8.012326 8.022098 8.032938 8.042005 8.060666 8.074412 8.099014 8.119577 8.133529 8.145393 8.158852 8.168865 8.179528 8.194501 8.211921 8.227086 8.250754 8.257589 8.256449 8.267568 8.273556 8.285749 8.298844 8.314457 8.329343 8.338546 8.345639 8.352352 8.360147 8.367956 8.37639 8.412718 8.422322 8.429547 8.437617 8.444077 8.456742 8.463126 8.468093 8.474055 8.47825 8.481492 8.486199 8.490885 8.497948 8.504454 8.512515 8.518636 8.504749 8.510509 8.517675 8.523694 8.527666 8.530321 8.532928 8.535264
7.870924 7.893094 7.914749 7.938648 7.959423 7.991814 8.004192 8.016155 8.026061 8.036504 8.046412 8.065481 8.080928 8.102918 8.124074 8.138008 8.150086 8.162704 8.173248 8.182964 8.197727 8.214433 8.230928 8.227418 8.260138 8.258817 8.269662 8.276132 8.288269 8.301292 8.316537 8.331402 8.341327 8.348664 8.355717 8.363061 8.371001 8.375406 8.41542 8.424864 8.432104 8.439873 8.446403 8.459504 8.465211 8.470467 8.476032 8.480319 8.483558 8.488471 8.493361 8.501853 8.508661 8.514808 8.520619 8.506682 8.51239 8.519304 8.525113 8.529404 8.531981 8.534676 8.536934
7.87715 7.899384 7.919487 7.943168 7.975803 7.99599 8.008171 8.025574 8.034959 8.039601 8.051234 8.070264 8.085512 8.106945 8.128014 8.142382 8.154664 8.166841 8.177638 8.186356 8.200656 8.215874 8.23496 8.226983 8.263261 8.266511 8.271851 8.276434 8.290751 8.303707 8.317969 8.33345 8.34397 8.351175 8.359224 8.366172 8.374083 8.407022 8.417891 8.427654 8.434641 8.441958 8.448672 8.461938 8.467303 8.472404 8.477439 8.482352 8.485853 8.490705 8.495689 8.504258 8.510769 8.517067 8.522616 8.508665 8.514267 8.521011 8.526653 8.531148 8.533621 8.536405 8.538665
