inputs/Middelgrunden/Resource grid 1   Sector 4   Height 64m   Weibull-A.grd
DSAA
 111           201 
 728800        731000
 6176000       6180000
 9.133225      9.182951
[rows 112 to 139 of 201, columns 0 to 62 of 111]
9.175305 9.17568 9.175869 9.17598 9.1761 9.176193 9.176306 9.176375 9.176439 9.176465 9.176599 9.176778 9.176869 9.176995 9.177098 9.177362 9.177468 9.177569 9.177731 9.177662 9.177778 9.177898 9.178016 9.178202 9.178388 9.178361 9.178403 9.17856 9.178761 9.178854 9.179021 9.179138 9.179286 9.179292 9.179362 9.179425 9.179491 9.179457 9.179607 9.179675 9.17979 9.179867 9.180036 9.180086 9.18016 9.180253 9.180274 9.180188 9.18026 9.180321 9.18044 9.18043 9.180429 9.180453 9.18046 9.18051 9.180563 9.180628 9.180718 9.180755 9.180755 9.180799 9.180841
9.175361 9.175441 9.175439 9.175438 9.175732 9.175972 9.176326 9.176408 9.176414 9.17643 9.176444 9.176484 9.176572 9.176595 9.176742 9.176939 9.177089 9.177309 9.177437 9.177552 9.177553 9.177673 9.177786 9.177908 9.177992 9.178042 9.178182 9.178387 9.178662 9.178771 9.178883 9.178962 9.179033 9.179136 9.179226 9.179316 9.179361 9.179318 9.179412 9.17948 9.179518 9.179586 9.179909 9.180081 9.180285 9.180337 9.180326 9.180297 9.180294 9.180269 9.180325 9.180368 9.18047 9.180545 9.18053 9.180557 9.180607 9.180676 9.180691 9.180813 9.1808 9.18088 9.180939
9.175525 9.175644 9.175617 9.175694 9.17579 9.175799 9.175946 9.175895 9.176006 9.17627 9.176518 9.176468 9.176497 9.176573 9.17666 9.176769 9.176882 9.176993 9.17715 9.17719 9.177302 9.177415 9.177487 9.177752 9.177941 9.178024 9.177941 9.178112 9.178231 9.178425 9.178571 9.178699 9.178998 9.179154 9.179167 9.179214 9.179284 9.179363 9.179369 9.179463 9.179562 9.179657 9.179825 9.179912 9.180042 9.180107 9.18021 9.180249 9.180248 9.180234 9.180274 9.180329 9.180295 9.180362 9.180387 9.1804 9.180527 9.180613 9.180626 9.180736 9.180788 9.180854 9.180925
9.175589 9.175578 9.175603 9.175651 9.175798 9.175856 9.175936 9.176052 9.176076 9.176017 9.176036 9.176031 9.17617 9.176405 9.176644 9.176809 9.176982 9.177008 9.177136 9.17712 9.177216 9.177358 9.177401 9.177407 9.177534 9.177668 9.177694 9.177846 9.177954 9.178284 9.178436 9.178696 9.178732 9.178875 9.178988 9.179046 9.179277 9.17926 9.179313 9.179467 9.179548 9.179644 9.179767 9.179896 9.179878 9.180049 9.180108 9.180138 9.180053 9.180033 9.180191 9.180249 9.180216 9.180249 9.180294 9.180355 9.180464 9.180561 9.180489 9.180658 9.180699 9.18076 9.18072
9.175617 9.175712 9.175706 9.175757 9.175839 9.175982 9.176057 9.176216 9.176165 9.17621 9.176231 9.176232 9.176261 9.176226 9.176259 9.176287 9.176461 9.176678 9.176976 9.177026 9.177135 9.177212 9.177296 9.177351 9.177442 9.177533 9.177568 9.177692 9.177829 9.178032 9.178181 9.178391 9.178598 9.17877 9.178779 9.178867 9.178979 9.179054 9.179095 9.179236 9.179421 9.179609 9.179721 9.179753 9.179811 9.179879 9.179932 9.180025 9.179899 9.179951 9.18001 9.180046 9.180068 9.180121 9.180295 9.180333 9.180391 9.180483 9.18048 9.1805 9.180532 9.180585 9.180675
9.176505 9.176635 9.176238 9.175958 9.176005 9.176039 9.176092 9.176283 9.176276 9.176324 9.17634 9.176345 9.176389 9.176417 9.176431 9.17649 9.176476 9.176569 9.1766 9.176595 9.17663 9.176888 9.177233 9.177402 9.177506 9.177564 9.177545 9.177612 9.177695 9.177814 9.17795 9.1781 9.17821 9.178327 9.178463 9.178627 9.178676 9.178721 9.178842 9.17899 9.17909 9.179353 9.179582 9.179686 9.17971 9.179928 9.17996 9.179893 9.179785 9.179837 9.179882 9.179998 9.180051 9.180049 9.180021 9.180069 9.180138 9.180224 9.180384 9.180409 9.180602 9.180647 9.180634
9.176508 9.176642 9.176751 9.176767 9.176842 9.176919 9.176859 9.176391 9.176362 9.176474 9.176493 9.176509 9.176582 9.176627 9.176643 9.176712 9.176764 9.176867 9.176825 9.176759 9.176846 9.176811 9.176887 9.176898 9.176948 9.177152 9.177421 9.177593 9.177748 9.177807 9.177853 9.177922 9.177946 9.178082 9.178157 9.178285 9.178456 9.178501 9.178597 9.17874 9.178851 9.178994 9.17916 9.179256 9.179366 9.17952 9.179634 9.179768 9.179682 9.179935 9.179832 9.179891 9.179962 9.179944 9.180014 9.180112 9.180119 9.18022 9.180302 9.180225 9.180371 9.180453 9.180687
9.17661 9.17672 9.176712 9.176722 9.17684 9.17693 9.177047 9.177143 9.177301 9.177447 9.177442 9.176707 9.176809 9.176805 9.176798 9.176825 9.176882 9.176991 9.177078 9.176957 9.177026 9.177019 9.177071 9.177133 9.177074 9.177024 9.177087 9.177008 9.177019 9.177184 9.17757 9.177835 9.177986 9.178128 9.178184 9.178218 9.178186 9.178278 9.178357 9.178479 9.17855 9.178683 9.178859 9.17902 9.179117 9.179235 9.179262 9.179367 9.179326 9.179402 9.179501 9.17961 9.179732 9.179998 9.180036 9.180084 9.180045 9.180141 9.180186 9.180286 9.18034 9.180463 9.180522
9.17662 9.176733 9.17683 9.176881 9.176967 9.177084 9.177167 9.177132 9.17728 9.177344 9.177408 9.177449 9.17751 9.17757 9.177684 9.177029 9.177107 9.17709 9.177158 9.177111 9.177132 9.177196 9.177237 9.17725 9.177217 9.177252 9.177242 9.177181 9.177239 9.177235 9.177349 9.17735 9.177378 9.177511 9.177745 9.178024 9.178151 9.17821 9.178303 9.178382 9.178412 9.178517 9.178573 9.178676 9.178769 9.178926 9.179005 9.179123 9.179038 9.17914 9.179237 9.179399 9.179469 9.179584 9.179605 9.179695 9.179796 9.180061 9.180199 9.180285 9.180328 9.180459 9.180434
9.176688 9.176735 9.176859 9.176977 9.176984 9.177048 9.177134 9.177236 9.177342 9.177394 9.177395 9.177491 9.177523 9.177543 9.177631 9.177688 9.177771 9.177884 9.178028 9.177456 9.177314 9.177378 9.177407 9.17745 9.17745 9.177436 9.177406 9.177409 9.177426 9.177426 9.177539 9.177561 9.177544 9.177579 9.177626 9.177614 9.17754 9.177582 9.177758 9.178033 9.178275 9.178416 9.178546 9.178621 9.178661 9.178698 9.178767 9.178867 9.178806 9.178901 9.178979 9.179124 9.179209 9.179298 9.17933 9.179483 9.179601 9.179717 9.179859 9.179941 9.18004 9.180259 9.180429
9.176777 9.176767 9.176868 9.176902 9.177008 9.177118 9.17715 9.177189 9.17725 9.177331 9.177472 9.177543 9.177588 9.177661 9.177685 9.177725 9.177816 9.177874 9.178007 9.178031 9.178095 9.178176 9.178246 9.178011 9.177645 9.177681 9.177693 9.177672 9.177614 9.17766 9.177635 9.177732 9.177711 9.177787 9.17777 9.177782 9.177715 9.177656 9.177656 9.177677 9.1777 9.177827 9.178124 9.178392 9.178634 9.178704 9.178787 9.178815 9.178671 9.178708 9.178745 9.17882 9.178913 9.179061 9.179092 9.17924 9.179346 9.179494 9.179654 9.179724 9.179823 9.179925 9.180124
9.17661 9.176691 9.176767 9.176815 9.176869 9.177029 9.177141 9.177253 9.177315 9.177426 9.177475 9.177567 9.177604 9.177681 9.177687 9.177773 9.177868 9.177962 9.177974 9.177957 9.178008 9.178184 9.178295 9.178417 9.178493 9.178543 9.178557 9.178506 9.177699 9.177739 9.177716 9.177808 9.177855 9.177836 9.177885 9.177929 9.17791 9.1779 9.177886 9.17791 9.177917 9.17795 9.178084 9.178078 9.178064 9.178094 9.178226 9.178466 9.178541 9.178658 9.178699 9.178785 9.178823 9.178869 9.178943 9.178973 9.179082 9.179185 9.17935 9.179508 9.179622 9.179758 9.179903
9.176612 9.176648 9.176759 9.176897 9.176968 9.17705 9.177087 9.177073 9.177254 9.177345 9.177439 9.177541 9.17759 9.177676 9.177773 9.177822 9.177911 9.177959 9.178077 9.178084 9.178206 9.178324 9.178328 9.178384 9.1785 9.178553 9.178428 9.178491 9.17849 9.178552 9.178573 9.178696 9.177982 9.178018 9.178083 9.17809 9.177993 9.178011 9.178054 9.178082 9.178112 9.178194 9.178251 9.178237 9.178176 9.178143 9.17819 9.178229 9.178075 9.178093 9.178218 9.178467 9.178733 9.178928 9.178986 9.178959 9.179009 9.179049 9.179124 9.179219 9.179317 9.179399 9.179593
9.176244 9.176411 9.176532 9.176677 9.176795 9.176978 9.177008 9.177058 9.177192 9.177315 9.177374 9.177542 9.177601 9.177645 9.177749 9.177834 9.177873 9.177989 9.178101 9.178178 9.178212 9.178326 9.178336 9.17845 9.17843 9.178461 9.178475 9.178521 9.178468 9.17852 9.178571 9.178728 9.178778 9.178833 9.178931 9.17901 9.178318 9.17827 9.178266 9.178225 9.178241 9.178299 9.178339 9.178336 9.178351 9.178377 9.178435 9.178515 9.178367 9.178333 9.178316 9.178321 9.178324 9.178336 9.178423 9.1786 9.178816 9.17902 9.179143 9.179191 9.179174 9.179296 9.179342
9.175999 9.176116 9.176245 9.176362 9.176473 9.176533 9.176612 9.176758 9.176887 9.177073 9.177312 9.177447 9.177699 9.177687 9.177762 9.177839 9.177877 9.177985 9.178002 9.178036 9.178145 9.178257 9.178283 9.178359 9.17837 9.178428 9.178526 9.178566 9.178554 9.17856 9.178574 9.178626 9.178753 9.178831 9.17891 9.179015 9.179018 9.179057 9.179086 9.179156 9.178674 9.178444 9.178491 9.178537 9.178571 9.178617 9.178725 9.178718 9.178644 9.178512 9.178508 9.178542 9.178559 9.178529 9.178549 9.178533 9.178453 9.178479 9.178553 9.178824 9.178958 9.179181 9.179228
9.175734 9.175867 9.175958 9.176041 9.176155 9.176251 9.176271 9.176395 9.176518 9.176701 9.176919 9.177024 9.177133 9.177299 9.177401 9.177567 9.177742 9.177877 9.17795 9.177926 9.178011 9.178051 9.178167 9.178327 9.178349 9.178418 9.178477 9.178516 9.178525 9.178493 9.178576 9.178679 9.178806 9.178892 9.178868 9.178984 9.178984 9.179031 9.179044 9.17909 9.179205 9.179244 9.179363 9.179486 9.179365 9.17876 9.178762 9.178841 9.178789 9.178671 9.178677 9.178675 9.178691 9.178721 9.178648 9.17866 9.178629 9.17862 9.178644 9.178648 9.178602 9.178598 9.178578
9.175386 9.17553 9.175665 9.175831 9.175884 9.175985 9.176105 9.176208 9.176349 9.1765 9.176568 9.176656 9.176806 9.176941 9.177066 9.177168 9.177305 9.177411 9.177458 9.177534 9.177765 9.177925 9.178126 9.178199 9.17832 9.178381 9.178475 9.178568 9.178578 9.178577 9.178627 9.178692 9.178823 9.178901 9.17896 9.179069 9.179032 9.179092 9.179059 9.179094 9.179196 9.179277 9.179403 9.179465 9.179524 9.179576 9.179635 9.179688 9.179649 9.178769 9.178758 9.178768 9.17881 9.178787 9.178775 9.178875 9.178825 9.178819 9.178851 9.178834 9.178803 9.178762 9.178783
9.175053 9.175565 9.17565 9.175769 9.175792 9.175835 9.175823 9.175911 9.175931 9.176042 9.17622 9.176427 9.176614 9.176708 9.176807 9.176904 9.176982 9.177084 9.177235 9.177283 9.177386 9.177515 9.177575 9.177842 9.178027 9.178185 9.178311 9.178581 9.17857 9.178515 9.178575 9.17869 9.178834 9.178887 9.178911 9.179014 9.179015 9.179048 9.17912 9.179187 9.179284 9.17932 9.179293 9.179358 9.179415 9.17946 9.179509 9.179553 9.179631 9.179613 9.179712 9.179735 9.17977 9.179049 9.179054 9.179059 9.179037 9.178974 9.179014 9.179018 9.179032 9.179 9.179026
9.17495 9.175086 9.175094 9.175134 9.175232 9.175306 9.175526 9.175793 9.175885 9.176011 9.176145 9.176227 9.17627 9.176406 9.176474 9.176598 9.176712 9.176879 9.177058 9.177077 9.177193 9.177344 9.17745 9.177592 9.177727 9.177765 9.177954 9.178059 9.178147 9.178252 9.178256 9.178424 9.178511 9.178816 9.178913 9.178973 9.178928 9.179025 9.179116 9.179112 9.179172 9.179233 9.179341 9.179395 9.17948 9.179546 9.179559 9.179588 9.179654 9.17961 9.179657 9.17979 9.179863 9.179926 9.179926 9.179938 9.179988 9.179329 9.179167 9.179225 9.17921 9.179194 9.179185
9.175014 9.175159 9.175325 9.175356 9.175347 9.175215 9.175247 9.17536 9.175426 9.175443 9.175482 9.175849 9.176213 9.176406 9.176474 9.176535 9.176592 9.176666 9.176782 9.176774 9.176867 9.177034 9.177116 9.177234 9.177412 9.177574 9.177681 9.177783 9.177848 9.17802 9.177926 9.178043 9.178176 9.178367 9.178462 9.178571 9.178702 9.178818 9.178973 9.179111 9.179182 9.179296 9.179406 9.179469 9.179502 9.179578 9.179629 9.179675 9.17972 9.179718 9.179646 9.179728 9.1798 9.179872 9.179921 9.179987 9.18002 9.179953 9.18004 9.180037 9.180074 9.179727 9.179293
9.175076 9.175173 9.17535 9.175364 9.17545 9.175483 9.175576 9.175592 9.175606 9.175641 9.175643 9.175718 9.175781 9.175839 9.175918 9.175998 9.176003 9.176369 9.176737 9.176631 9.176712 9.176789 9.176886 9.177002 9.177086 9.177201 9.177294 9.177396 9.177492 9.177594 9.177658 9.177749 9.177954 9.17815 9.178295 9.178363 9.17849 9.178569 9.178658 9.178745 9.178905 9.178971 9.179124 9.179284 9.179554 9.179608 9.179665 9.179742 9.179755 9.179708 9.179784 9.179795 9.179843 9.179908 9.179908 9.179868 9.179908 9.179961 9.179966 9.180059 9.180058 9.180104 9.180171
9.175201 9.175282 9.175376 9.175477 9.175593 9.175597 9.175651 9.17574 9.175798 9.175845 9.175844 9.175897 9.176037 9.176056 9.176098 9.176114 9.176111 9.176144 9.176075 9.176008 9.176051 9.176131 9.176307 9.176722 9.177014 9.177132 9.17716 9.177244 9.177337 9.177412 9.1774 9.177542 9.17764 9.177841 9.177935 9.178036 9.178231 9.17834 9.178419 9.178546 9.178698 9.178813 9.178946 9.17901 9.179096 9.179251 9.179359 9.179428 9.179551 9.17958 9.179808 9.179757 9.17977 9.179783 9.17983 9.179978 9.18006 9.180145 9.180032 9.180095 9.180143 9.180152 9.180221
9.176051 9.176111 9.175994 9.175594 9.175712 9.175626 9.175653 9.175763 9.175835 9.175923 9.17609 9.176238 9.176243 9.176198 9.176203 9.176177 9.176169 9.17622 9.17625 9.176208 9.176264 9.176317 9.176455 9.176482 9.17644 9.176442 9.176568 9.176623 9.176899 9.177318 9.177475 9.177414 9.17749 9.177577 9.177752 9.177765 9.177866 9.177953 9.178134 9.178245 9.178403 9.178479 9.178703 9.178841 9.178901 9.179001 9.179081 9.179099 9.179266 9.179306 9.1794 9.179437 9.179487 9.179588 9.179695 9.179845 9.180051 9.180123 9.180078 9.180169 9.180202 9.180253 9.180227
9.176134 9.176229 9.176347 9.176326 9.17651 9.176505 9.176564 9.176641 9.176262 9.176102 9.176073 9.176177 9.176248 9.176353 9.176405 9.176418 9.176452 9.17648 9.17648 9.176419 9.176465 9.176525 9.176515 9.176578 9.176598 9.176622 9.176702 9.176791 9.176848 9.176874 9.176904 9.176862 9.176898 9.17693 9.177391 9.177737 9.177778 9.177822 9.177886 9.177953 9.178067 9.178253 9.178409 9.1785 9.178582 9.178658 9.17879 9.178842 9.179026 9.179012 9.179154 9.179202 9.179307 9.1794 9.179502 9.179583 9.179666 9.179717 9.17983 9.179921 9.180001 9.180257 9.18025
9.176088 9.176225 9.176269 9.176275 9.17645 9.176438 9.176556 9.176627 9.176724 9.176822 9.176926 9.177049 9.177161 9.177165 9.176706 9.176593 9.176716 9.176714 9.17675 9.176676 9.176685 9.176684 9.176697 9.176732 9.176756 9.176861 9.176937 9.176969 9.177006 9.177033 9.177076 9.177002 9.177065 9.177071 9.1772 9.17718 9.177185 9.177328 9.177336 9.177429 9.17787 9.178127 9.178245 9.178278 9.178376 9.178471 9.178536 9.178594 9.178791 9.178762 9.178838 9.178944 9.178994 9.179121 9.179284 9.179357 9.179409 9.179516 9.179592 9.179673 9.179753 9.179833 9.179874
9.176092 9.176219 9.176336 9.176501 9.176435 9.176528 9.176473 9.176565 9.176701 9.17676 9.176856 9.17692 9.177061 9.177217 9.177343 9.177457 9.177532 9.177606 9.177643 9.177342 9.176817 9.176859 9.176908 9.177026 9.177058 9.177112 9.17715 9.177181 9.177208 9.177225 9.177239 9.177251 9.177249 9.17726 9.177372 9.177324 9.177352 9.177431 9.177466 9.177485 9.177548 9.177568 9.177616 9.177651 9.177759 9.178006 9.178392 9.178552 9.178638 9.178596 9.178648 9.178699 9.178746 9.178846 9.178918 9.179049 9.179133 9.179208 9.179302 9.179384 9.179482 9.179574 9.179621
9.176089 9.176228 9.176285 9.176341 9.176402 9.176564 9.176616 9.176783 9.176807 9.176835 9.176852 9.176937 9.17705 9.177122 9.177235 9.177329 9.177453 9.177564 9.177654 9.177606 9.177679 9.177783 9.177882 9.177962 9.178085 9.177716 9.177383 9.177458 9.177462 9.1775 9.177504 9.17741 9.177308 9.177354 9.177385 9.17751 9.177547 9.177583 9.177652 9.177678 9.177813 9.177811 9.177884 9.177937 9.177946 9.177956 9.177969 9.177931 9.177999 9.178017 9.177968 9.178337 9.178691 9.178766 9.178778 9.178818 9.178837 9.178843 9.178934 9.179068 9.179111 9.179191 9.179268
9.175927 9.17603 9.176211 9.176372 9.176394 9.176517 9.176566 9.17667 9.17675 9.17684 9.17689 9.177085 9.177162 9.177299 9.177347 9.177431 9.177322 9.177441 9.177561 9.177717 9.177775 9.177857 9.177923 9.177994 9.178094 9.178156 9.17821 9.178218 9.178283 9.178354 9.178309 9.177762 9.17754 9.177623 9.177635 9.177691 9.177783 9.177816 9.177869 9.177953 9.177942 9.178008 9.178061 9.178089 9.178137 9.178152 9.178149 9.178102 9.178115 9.178167 9.178114 9.178082 9.177998 9.178003 9.178004 9.178047 9.178191 9.178582 9.17885 9.178908 9.178933 9.178974 9.178953
