inputs/Middelgrunden/Resource grid 1   Sector 5   Height 64m   Sector frequency.grd
DSAA
 111           201 
 728800        731000
 6176000       6180000
 8.534133E-02  8.677751E-02
[rows 115 to 137 of 201, columns 53 to 105 of 111]
8.561955E-02 8.561379E-02 8.561152E-02 8.560779E-02 8.561763E-02 8.560733E-02 8.560853E-02 8.560747E-02 8.559792E-02 .0855915 8.558688E-02 8.559939E-02 .0855949 8.565278E-02 8.562732E-02 8.563204E-02 8.563284E-02 8.563218E-02 8.563526E-02 8.563237E-02 8.563086E-02 8.563194E-02 8.563235E-02 8.563135E-02 8.563077E-02 8.562889E-02 8.562806E-02 8.562858E-02 8.562862E-02 8.562842E-02 8.562497E-02 8.562637E-02 8.562602E-02 8.562415E-02 8.560235E-02 8.560309E-02 8.559711E-02 8.559451E-02 8.559223E-02 8.558884E-02 8.557513E-02 8.556946E-02 8.556427E-02 8.554919E-02 8.554485E-02 8.553907E-02 8.553347E-02 8.559322E-02 8.559085E-02 8.558801E-02 .085586 8.556023E-02 8.558137E-02
8.562412E-02 8.561685E-02 8.560129E-02 8.559677E-02 8.559427E-02 8.561052E-02 8.560967E-02 8.560634E-02 .0855893 8.559103E-02 8.558962E-02 8.558478E-02 8.559898E-02 8.565103E-02 8.564925E-02 8.562753E-02 8.563063E-02 8.563285E-02 8.563866E-02 8.564371E-02 8.564527E-02 8.564449E-02 8.564281E-02 8.563668E-02 8.563692E-02 8.563682E-02 8.563385E-02 8.563201E-02 8.563279E-02 8.562964E-02 8.562871E-02 8.562601E-02 8.562508E-02 8.561911E-02 8.560188E-02 8.559977E-02 .0855931 8.558613E-02 8.557194E-02 8.557187E-02 .0855683 8.556638E-02 8.556261E-02 8.554557E-02 8.554202E-02 8.553895E-02 8.553245E-02 8.559355E-02 8.559397E-02 8.559421E-02 8.559069E-02 8.558933E-02 8.556084E-02
8.560491E-02 8.560909E-02 8.560403E-02 8.560099E-02 8.560058E-02 8.559331E-02 8.560947E-02 8.560753E-02 8.559261E-02 8.559005E-02 8.558518E-02 8.558249E-02 8.559493E-02 8.564805E-02 8.564689E-02 8.562967E-02 8.564135E-02 8.565096E-02 8.565301E-02 .0856512 8.565209E-02 8.564921E-02 8.564728E-02 .0856457 8.564565E-02 8.564048E-02 8.563901E-02 8.563576E-02 8.563127E-02 8.563194E-02 8.562934E-02 8.562544E-02 8.562207E-02 8.561425E-02 8.559442E-02 8.558628E-02 .0855758 8.557069E-02 .085568 8.556309E-02 8.556496E-02 8.556203E-02 8.555818E-02 8.554371E-02 8.554243E-02 8.554098E-02 .0855376 8.559977E-02 8.559762E-02 8.559738E-02 .0855962 .085591 .0855626
8.560727E-02 .0856071 8.561223E-02 8.560555E-02 8.560059E-02 8.559819E-02 8.559108E-02 .085611 8.559377E-02 8.558621E-02 8.558267E-02 8.557616E-02 8.557516E-02 .0856591 8.566735E-02 8.564639E-02 .0856498 8.565566E-02 8.566082E-02 8.565769E-02 8.565746E-02 8.565386E-02 8.565156E-02 8.564948E-02 8.564828E-02 8.564977E-02 8.564313E-02 8.563633E-02 8.563319E-02 8.562978E-02 8.562544E-02 8.561761E-02 8.560681E-02 .085605 8.557759E-02 8.557411E-02 8.557083E-02 8.556657E-02 8.556417E-02 8.556288E-02 8.556149E-02 8.555821E-02 8.555793E-02 8.554485E-02 8.554374E-02 8.554383E-02 8.560123E-02 8.560413E-02 8.560117E-02 8.559795E-02 8.559717E-02 8.559625E-02 8.559754E-02
8.560967E-02 8.561334E-02 8.561403E-02 8.560488E-02 8.560054E-02 8.559618E-02 8.559053E-02 8.560327E-02 8.558939E-02 8.558475E-02 8.558825E-02 8.559579E-02 8.565053E-02 8.566877E-02 8.567324E-02 8.565594E-02 8.565868E-02 8.565955E-02 8.566293E-02 8.566122E-02 8.566026E-02 8.565889E-02 .0856595 8.565488E-02 8.564965E-02 .0856468 8.564601E-02 8.563573E-02 8.562392E-02 8.561618E-02 8.561529E-02 8.561421E-02 8.559503E-02 8.559064E-02 8.557249E-02 8.556796E-02 8.556372E-02 8.556406E-02 8.556234E-02 8.556026E-02 8.555907E-02 8.556114E-02 .0855609 .0855578 8.554681E-02 8.554714E-02 8.560511E-02 8.560681E-02 .0856052 8.560296E-02 8.560699E-02 8.560922E-02 8.560951E-02
8.561499E-02 8.560828E-02 8.560137E-02 8.560273E-02 .0855936 8.559123E-02 8.558829E-02 8.558589E-02 8.561458E-02 8.560269E-02 8.560276E-02 8.560352E-02 8.566307E-02 8.567977E-02 .0856782 8.568317E-02 8.565965E-02 8.566205E-02 8.565976E-02 8.566145E-02 8.566436E-02 8.566573E-02 8.566213E-02 8.565727E-02 8.564769E-02 8.564097E-02 8.563194E-02 8.562867E-02 8.562279E-02 8.561584E-02 8.559848E-02 8.559076E-02 8.559267E-02 .0855886 8.557075E-02 8.556847E-02 8.556291E-02 8.556006E-02 8.555885E-02 8.555746E-02 8.555846E-02 8.555985E-02 8.556074E-02 8.556245E-02 8.555113E-02 8.555188E-02 8.560944E-02 .0856159 8.561915E-02 8.561813E-02 8.561717E-02 8.561537E-02 8.561516E-02
8.561017E-02 8.560287E-02 8.559983E-02 8.559725E-02 8.559248E-02 8.558937E-02 8.559275E-02 .0856011 8.560313E-02 8.561626E-02 8.561486E-02 8.561243E-02 8.566979E-02 8.566808E-02 8.568521E-02 .0856839 8.565716E-02 8.565903E-02 8.566342E-02 8.566407E-02 .0856659 8.566032E-02 8.565399E-02 8.564581E-02 8.563785E-02 8.563174E-02 8.562792E-02 8.562566E-02 8.560906E-02 8.560644E-02 8.559671E-02 8.558688E-02 8.558758E-02 8.558788E-02 8.557102E-02 8.556461E-02 .0855599 8.555582E-02 .0855564 8.555681E-02 .0855583 8.556185E-02 .085565 8.556871E-02 8.556169E-02 8.556408E-02 8.562551E-02 8.563188E-02 8.562741E-02 .0856227 8.562033E-02 8.561709E-02 8.561331E-02
8.561219E-02 8.560447E-02 8.560356E-02 8.560281E-02 8.560241E-02 8.559909E-02 8.559803E-02 8.560164E-02 8.560667E-02 8.560355E-02 8.562177E-02 8.561761E-02 8.567146E-02 8.567081E-02 8.568653E-02 8.568776E-02 8.566146E-02 8.566231E-02 8.566142E-02 8.565619E-02 .0856504 8.564384E-02 8.564179E-02 8.563836E-02 8.563308E-02 8.563107E-02 8.561873E-02 8.561564E-02 8.561052E-02 .0856063 8.559779E-02 .0855924 8.558665E-02 8.558157E-02 .0855663 8.556192E-02 8.555747E-02 8.555621E-02 8.555866E-02 8.555892E-02 8.556468E-02 8.557133E-02 8.557772E-02 8.558297E-02 8.557524E-02 8.557748E-02 .0856344 8.563434E-02 8.562979E-02 8.562521E-02 8.562037E-02 8.561574E-02 8.561128E-02
8.561954E-02 8.561717E-02 8.561142E-02 8.560763E-02 8.560638E-02 8.561087E-02 8.560885E-02 8.560752E-02 8.560706E-02 8.559483E-02 8.562156E-02 8.561818E-02 8.567309E-02 8.566993E-02 .0856708 8.569003E-02 8.568553E-02 8.565571E-02 8.565024E-02 8.564334E-02 8.563924E-02 8.563676E-02 8.563422E-02 .085632 8.562347E-02 8.562212E-02 8.561952E-02 8.561702E-02 8.561359E-02 8.560181E-02 8.559574E-02 8.559027E-02 8.558825E-02 8.558399E-02 8.556364E-02 .0855609 8.555752E-02 8.556047E-02 8.556881E-02 8.557449E-02 8.557899E-02 8.558269E-02 8.558778E-02 8.559285E-02 8.559303E-02 8.558025E-02 8.563757E-02 8.563695E-02 8.563206E-02 8.562571E-02 .08562 8.567634E-02 8.566911E-02
.0856182 8.562053E-02 8.562048E-02 8.561879E-02 8.561605E-02 8.561718E-02 8.561411E-02 8.561062E-02 8.560828E-02 8.559723E-02 8.559346E-02 8.561727E-02 8.567084E-02 8.566369E-02 8.566585E-02 8.568302E-02 8.567893E-02 8.564931E-02 8.564629E-02 8.564105E-02 8.563549E-02 .0856318 8.562021E-02 8.561945E-02 8.562125E-02 8.562061E-02 8.562101E-02 8.561803E-02 8.561301E-02 .0855998 8.559588E-02 8.559064E-02 8.558703E-02 8.558425E-02 8.557184E-02 8.557174E-02 .0855722 8.557636E-02 8.557793E-02 8.558279E-02 8.558763E-02 8.559281E-02 8.559643E-02 .0855967 8.559517E-02 8.558042E-02 8.563764E-02 8.563811E-02 8.563253E-02 8.562537E-02 8.567739E-02 8.567047E-02 8.566033E-02
8.562135E-02 8.562595E-02 8.562506E-02 8.562421E-02 .0856225 8.561976E-02 8.561915E-02 8.561348E-02 8.560917E-02 8.560723E-02 8.558942E-02 8.558247E-02 8.565627E-02 8.565954E-02 8.565737E-02 8.565953E-02 8.567377E-02 8.564803E-02 8.564589E-02 8.564064E-02 8.562695E-02 8.562274E-02 .0856194 8.561867E-02 8.562069E-02 .0856199 8.561862E-02 8.561407E-02 8.560375E-02 8.559877E-02 8.559389E-02 8.559214E-02 8.559348E-02 8.559737E-02 8.558552E-02 8.558882E-02 8.558854E-02 8.558454E-02 .0855841 8.559182E-02 8.559752E-02 8.559731E-02 8.559817E-02 8.559799E-02 8.559677E-02 8.558144E-02 8.563641E-02 8.563371E-02 8.562618E-02 8.567656E-02 8.567049E-02 8.566397E-02 8.565629E-02
8.562753E-02 8.562804E-02 8.562769E-02 8.562697E-02 8.562411E-02 8.561993E-02 8.561718E-02 8.561173E-02 8.560122E-02 8.559386E-02 8.558024E-02 8.557675E-02 .0856334 8.565183E-02 8.565474E-02 8.565757E-02 8.567404E-02 8.566944E-02 8.563373E-02 8.562871E-02 8.562925E-02 8.562465E-02 .0856231 .0856203 8.562103E-02 8.561505E-02 8.561079E-02 8.560527E-02 8.560371E-02 8.560364E-02 8.560126E-02 .085601 8.560275E-02 .0856045 .0855915 8.559604E-02 8.559877E-02 8.560055E-02 8.560006E-02 8.559622E-02 .0856004 8.560137E-02 8.559909E-02 8.559888E-02 8.559641E-02 8.557625E-02 8.562785E-02 .0856837 8.567856E-02 8.567131E-02 8.566391E-02 8.565747E-02 8.565033E-02
8.562964E-02 .0856287 8.562782E-02 8.562118E-02 8.562051E-02 8.561253E-02 8.560501E-02 8.560005E-02 8.559334E-02 8.558808E-02 8.557951E-02 8.558131E-02 8.563638E-02 8.565368E-02 .0856498 8.565003E-02 8.566523E-02 8.565995E-02 .0856331 8.563005E-02 8.562854E-02 8.562309E-02 8.562064E-02 8.562007E-02 8.562025E-02 8.561637E-02 8.561751E-02 8.561176E-02 8.560897E-02 8.560754E-02 8.560617E-02 8.560441E-02 8.560739E-02 8.560953E-02 8.559746E-02 8.560266E-02 .0856071 8.560881E-02 .0856106 8.561146E-02 8.560626E-02 8.560243E-02 8.559909E-02 8.558983E-02 8.558381E-02 8.556471E-02 8.568168E-02 .0856785 8.567244E-02 .0856671 8.566014E-02 8.565086E-02 8.564422E-02
8.562575E-02 .0856255 8.562381E-02 .0856144 8.560386E-02 8.559923E-02 8.559585E-02 8.559645E-02 8.559764E-02 .0855955 8.558054E-02 8.563879E-02 8.563747E-02 8.563492E-02 8.564261E-02 8.564056E-02 8.563731E-02 8.565796E-02 .0856345 8.563294E-02 8.563104E-02 8.563056E-02 .0856275 8.562432E-02 .08562 8.562398E-02 8.561698E-02 8.561447E-02 8.561239E-02 8.560733E-02 8.560842E-02 8.560783E-02 8.560961E-02 8.561578E-02 8.560568E-02 8.561178E-02 8.561298E-02 .0856137 8.561288E-02 8.561067E-02 8.560982E-02 8.559805E-02 8.558659E-02 8.558168E-02 .0855747 8.563097E-02 8.567616E-02 8.567347E-02 8.566873E-02 8.566031E-02 8.565417E-02 8.564908E-02 8.564516E-02
8.561754E-02 8.561146E-02 8.561113E-02 8.560965E-02 8.560261E-02 8.559734E-02 8.559302E-02 8.559745E-02 8.559972E-02 8.560059E-02 8.558204E-02 8.563624E-02 8.562586E-02 .085624 8.562282E-02 8.564329E-02 8.563955E-02 8.565644E-02 8.563548E-02 8.564274E-02 8.563913E-02 8.563707E-02 8.563343E-02 8.562851E-02 8.562581E-02 8.562392E-02 8.561482E-02 8.561375E-02 8.561744E-02 8.561736E-02 8.561283E-02 8.561032E-02 8.561662E-02 8.562493E-02 .0856106 8.561448E-02 8.561324E-02 8.561227E-02 8.560708E-02 8.560297E-02 .0855948 8.559179E-02 .085586 8.563815E-02 8.563195E-02 8.562809E-02 8.567375E-02 8.566897E-02 8.566339E-02 8.565743E-02 8.565231E-02 8.564816E-02 8.564603E-02
8.560481E-02 8.560907E-02 .0856103 8.560968E-02 .0856045 8.560126E-02 8.559664E-02 8.559315E-02 8.559456E-02 8.559572E-02 8.557307E-02 .0856261 8.562374E-02 8.562415E-02 8.562744E-02 8.563035E-02 8.565011E-02 8.565092E-02 8.567012E-02 8.564061E-02 8.564367E-02 .0856406 8.563641E-02 8.563122E-02 8.562759E-02 8.562011E-02 8.561825E-02 8.562029E-02 8.561881E-02 8.561971E-02 8.562107E-02 .0856268 .0856197 8.562195E-02 8.560879E-02 8.561008E-02 8.560714E-02 8.560076E-02 8.559588E-02 8.559445E-02 8.558957E-02 8.558622E-02 8.564267E-02 8.563754E-02 8.563354E-02 8.562572E-02 .0856701 8.566506E-02 8.565956E-02 8.565708E-02 8.565345E-02 .08565 8.564718E-02
8.560362E-02 .0856058 8.560998E-02 8.560982E-02 8.560369E-02 8.560256E-02 8.559725E-02 8.559253E-02 8.557901E-02 .0855785 8.558082E-02 8.562916E-02 8.563148E-02 8.563519E-02 8.563399E-02 8.563866E-02 8.565865E-02 8.565599E-02 8.567126E-02 8.564768E-02 8.564306E-02 8.563733E-02 8.563754E-02 8.563252E-02 .0856298 8.562416E-02 8.562261E-02 8.562507E-02 8.562602E-02 8.563135E-02 .0856298 8.562566E-02 8.561978E-02 8.561282E-02 .0855943 8.559536E-02 8.559557E-02 .0855924 8.559047E-02 8.558793E-02 8.558511E-02 8.564278E-02 8.564151E-02 8.563766E-02 .0856314 8.562649E-02 8.566663E-02 8.566266E-02 8.566035E-02 8.565804E-02 8.565468E-02 8.565246E-02 8.565077E-02
8.560408E-02 8.560432E-02 8.560766E-02 8.560917E-02 .0856078 .0856002 8.558741E-02 8.558546E-02 .085583 8.558096E-02 8.558403E-02 8.563383E-02 8.563644E-02 8.563843E-02 8.564192E-02 8.564541E-02 8.564074E-02 8.565985E-02 8.565817E-02 8.564828E-02 8.564604E-02 8.564033E-02 8.563413E-02 8.563241E-02 8.563004E-02 8.562837E-02 8.562535E-02 8.562833E-02 8.563134E-02 8.562975E-02 8.563014E-02 .0856247 8.561707E-02 .0856065 8.558334E-02 8.558336E-02 8.558757E-02 8.558811E-02 8.558526E-02 8.564655E-02 .0856434 8.564237E-02 8.564122E-02 8.563627E-02 .0856278 .0856234 8.568107E-02 8.566643E-02 8.566305E-02 8.565938E-02 8.565708E-02 8.565445E-02 8.564936E-02
8.560279E-02 8.560428E-02 8.560476E-02 8.560839E-02 8.560392E-02 8.559994E-02 8.559556E-02 8.559322E-02 8.558913E-02 8.558838E-02 8.558631E-02 8.563429E-02 8.564344E-02 8.564362E-02 8.564296E-02 8.564537E-02 8.564326E-02 8.564115E-02 8.565982E-02 8.567581E-02 .0856486 8.564338E-02 8.563985E-02 .0856261 .0856229 8.563191E-02 8.563259E-02 8.563117E-02 8.562844E-02 .0856248 .0856194 8.561601E-02 8.561438E-02 8.561056E-02 8.559041E-02 8.558527E-02 8.558075E-02 .0855753 8.563693E-02 8.564442E-02 8.564326E-02 8.563985E-02 8.563674E-02 8.563285E-02 8.562858E-02 8.562586E-02 8.568535E-02 8.567139E-02 8.566724E-02 8.566228E-02 8.565817E-02 8.565355E-02 8.565258E-02
8.560804E-02 8.560766E-02 8.560348E-02 8.560527E-02 8.560614E-02 8.560222E-02 .0856001 8.559849E-02 8.559693E-02 8.559396E-02 8.559221E-02 8.563959E-02 8.563937E-02 8.564452E-02 8.564442E-02 8.564567E-02 8.564124E-02 8.564081E-02 .08564 8.567568E-02 8.564943E-02 8.564615E-02 .0856423 8.563136E-02 8.563185E-02 8.562876E-02 8.562581E-02 8.562493E-02 8.562037E-02 .0856174 8.561677E-02 8.561433E-02 8.561315E-02 8.561029E-02 8.559179E-02 8.558825E-02 8.558173E-02 8.563857E-02 8.563568E-02 8.563416E-02 8.563542E-02 8.563258E-02 .0856328 8.563635E-02 8.563327E-02 8.562996E-02 8.568826E-02 8.567285E-02 8.566867E-02 8.566336E-02 8.566798E-02 .0856664 8.566692E-02
8.560675E-02 8.560482E-02 8.560517E-02 8.560243E-02 8.560072E-02 8.560409E-02 8.560427E-02 8.560608E-02 8.560416E-02 8.560154E-02 8.559847E-02 8.563903E-02 .0856404 8.564384E-02 8.564005E-02 8.563935E-02 8.563614E-02 8.563618E-02 .0856353 8.565605E-02 8.565018E-02 8.564984E-02 8.564388E-02 8.563948E-02 8.563112E-02 8.562367E-02 8.561829E-02 8.561421E-02 8.562022E-02 8.562037E-02 8.562075E-02 8.561591E-02 8.561198E-02 8.560921E-02 8.558934E-02 8.565231E-02 8.564919E-02 8.564077E-02 8.563597E-02 8.563399E-02 .0856306 8.563045E-02 8.563306E-02 8.563638E-02 8.563542E-02 8.568886E-02 8.569711E-02 8.568204E-02 8.568177E-02 8.567855E-02 8.567575E-02 8.567421E-02 8.567585E-02
8.560595E-02 .0856051 8.560582E-02 8.560488E-02 8.560357E-02 8.560245E-02 8.560336E-02 .0856065 8.560878E-02 8.560534E-02 8.565611E-02 8.564057E-02 8.563918E-02 8.564076E-02 8.563938E-02 8.563315E-02 8.563107E-02 .0856311 8.563406E-02 8.563424E-02 8.567521E-02 8.565234E-02 8.564347E-02 8.563775E-02 8.563102E-02 8.562782E-02 8.562416E-02 .0856204 8.561774E-02 8.561531E-02 .0856174 .0856154 8.561299E-02 8.561063E-02 .0856494 8.564832E-02 8.564696E-02 8.564316E-02 8.563641E-02 .0856351 8.563488E-02 8.563656E-02 8.563603E-02 8.564165E-02 8.564366E-02 8.569885E-02 8.570237E-02 8.570072E-02 8.568601E-02 8.568366E-02 8.568654E-02 8.568383E-02 8.568273E-02
8.560654E-02 .0856069 8.560777E-02 8.560504E-02 8.560196E-02 8.560301E-02 8.560222E-02 8.560535E-02 8.560249E-02 8.560254E-02 8.565564E-02 8.565192E-02 8.563681E-02 8.563653E-02 8.563853E-02 8.563396E-02 8.562776E-02 8.562919E-02 8.563407E-02 8.563735E-02 8.563576E-02 8.564084E-02 8.563982E-02 .0856401 8.563943E-02 8.563719E-02 8.563204E-02 8.562385E-02 8.561775E-02 8.561207E-02 8.560883E-02 8.561287E-02 8.561113E-02 8.566951E-02 8.564867E-02 .0856465 8.564318E-02 8.564306E-02 8.564188E-02 8.564193E-02 8.565118E-02 8.564994E-02 8.564846E-02 8.564702E-02 8.564643E-02 8.570217E-02 8.570667E-02 8.570413E-02 8.569431E-02 8.569243E-02 8.569126E-02 8.568863E-02 8.568446E-02
