inputs/Middelgrunden/Resource grid 1   Sector 5   Height 64m   Weibull-A.grd
DSAA
 111           201 
 728800        731000
 6176000       6180000
 9.496202      9.696421
[rows 28 to 55 of 201, columns 0 to 62 of 111]
9.626544 9.62748 9.628271 9.628977 9.627761 9.629041 9.629988 9.629302 9.628674 9.628016 9.626634 9.625569 9.624003 9.624473 9.623223 9.622072 9.62127 9.620114 9.618213 9.617113 9.61597 9.615387 9.613647 9.612454 9.611249 9.60982 9.607043 9.605611 9.604259 9.60318 9.602377 9.601211 9.600104 9.59877 9.59775 9.598384 9.596162 9.595014 9.593806 9.593024 9.592027 9.591409 9.590708 9.59007 9.589111 9.588439 9.587982 9.588385 9.588031 9.586696 9.585789 9.585414 9.584695 9.584057 9.583291 9.582348 9.580612 9.579384 9.577335 9.575238 9.573353 9.57078 9.568549
9.628935 9.629682 9.628417 9.629229 9.630238 9.631202 9.630194 9.629387 9.628696 9.627016 9.626337 9.625655 9.624794 9.624259 9.622971 9.622022 9.620742 9.618831 9.618026 9.616727 9.615385 9.614678 9.613609 9.611732 9.610468 9.608819 9.606913 9.60497 9.603967 9.602898 9.601972 9.601043 9.599664 9.598886 9.598028 9.598877 9.59637 9.594872 9.594314 9.593309 9.59299 9.592373 9.591378 9.590515 9.589912 9.589614 9.58913 9.588589 9.587878 9.587211 9.586504 9.5858 9.585367 9.584441 9.58275 9.581625 9.580263 9.578847 9.57621 9.574511 9.572082 9.569973 9.56865
9.628864 9.629164 9.629922 9.631423 9.631764 9.631397 9.630239 9.628738 9.627621 9.626986 9.626213 9.625305 9.624563 9.623924 9.623013 9.621458 9.620511 9.618632 9.617419 9.616035 9.615089 9.613835 9.612779 9.611519 9.609369 9.607629 9.605898 9.604743 9.603697 9.602631 9.601631 9.600944 9.601749 9.600719 9.600118 9.597452 9.596389 9.595616 9.59481 9.594296 9.593593 9.592858 9.592163 9.591348 9.590898 9.590343 9.589708 9.5893 9.588378 9.587553 9.586933 9.586239 9.584603 9.583889 9.582574 9.581133 9.579741 9.577152 9.57553 9.573209 9.571012 9.569997 9.568606
9.630713 9.63137 9.631958 9.632788 9.631581 9.63074 9.630136 9.628407 9.62771 9.626836 9.625906 9.625001 9.624165 9.623367 9.623002 9.620967 9.619421 9.618078 9.616753 9.615715 9.614427 9.613211 9.611955 9.610573 9.608564 9.606516 9.60554 9.604629 9.603617 9.602837 9.603529 9.60288 9.602061 9.600007 9.598639 9.598395 9.597212 9.596277 9.595519 9.594823 9.594186 9.593292 9.592935 9.592396 9.591595 9.591106 9.590463 9.589527 9.588705 9.588082 9.586562 9.585567 9.584518 9.583429 9.5822 9.580813 9.578475 9.576592 9.574327 9.572664 9.571239 9.569986 9.567911
9.632095 9.632621 9.632558 9.632065 9.63129 9.630395 9.629378 9.628547 9.627573 9.626485 9.625597 9.62507 9.624529 9.623185 9.621264 9.620477 9.619108 9.617502 9.616274 9.615155 9.613912 9.612622 9.610969 9.609253 9.607722 9.606614 9.605478 9.604829 9.6058 9.60472 9.604588 9.603764 9.601533 9.600577 9.600023 9.59828 9.597578 9.596725 9.596036 9.595325 9.594584 9.594045 9.593638 9.59339 9.592348 9.591462 9.59077 9.589949 9.588609 9.58761 9.586536 9.585394 9.584062 9.582897 9.581868 9.57939 9.577261 9.575126 9.573178 9.571661 9.570412 9.569669 9.568091
9.63286 9.633145 9.632565 9.631703 9.631248 9.629601 9.628817 9.628342 9.627565 9.626616 9.626016 9.625249 9.623153 9.621799 9.620844 9.619314 9.618441 9.617462 9.615858 9.614579 9.613248 9.611758 9.610761 9.608643 9.607585 9.608811 9.607946 9.606722 9.606627 9.605797 9.604901 9.602702 9.601957 9.600697 9.599868 9.598908 9.597964 9.597419 9.596692 9.595832 9.595231 9.594899 9.594333 9.593464 9.592625 9.591861 9.590274 9.589544 9.588499 9.587293 9.586056 9.584762 9.583504 9.582211 9.579962 9.578046 9.576147 9.574245 9.572614 9.572236 9.570733 9.56935 9.567825
9.633561 9.632692 9.63254 9.631713 9.631028 9.6297 9.628653 9.628131 9.627803 9.626771 9.625591 9.623816 9.622397 9.621282 9.61985 9.618834 9.617868 9.617076 9.615932 9.614059 9.612674 9.611129 9.609668 9.610739 9.609958 9.609038 9.608909 9.607941 9.606802 9.604667 9.603795 9.602254 9.602013 9.600832 9.599813 9.599301 9.598763 9.597963 9.596993 9.596694 9.596106 9.595343 9.594725 9.593734 9.592262 9.591409 9.5905 9.589257 9.588037 9.586843 9.585599 9.584409 9.583102 9.580601 9.578817 9.576947 9.575113 9.574563 9.573379 9.571663 9.57023 9.568734 9.566606
9.633469 9.632868 9.632271 9.631521 9.630336 9.63003 9.628918 9.628187 9.62765 9.62692 9.624645 9.623075 9.622004 9.62077 9.619574 9.618465 9.617478 9.616245 9.615093 9.613034 9.611876 9.61328 9.61257 9.611735 9.610995 9.609725 9.608673 9.607912 9.605627 9.604222 9.603565 9.603046 9.601753 9.600935 9.600409 9.599848 9.599245 9.598601 9.597851 9.597287 9.59652 9.595691 9.594803 9.593037 9.592329 9.591145 9.589924 9.588904 9.587641 9.586416 9.58532 9.583753 9.581981 9.579673 9.577546 9.576854 9.575582 9.574387 9.572659 9.571264 9.569583 9.567691 9.565085
9.633797 9.632957 9.632236 9.632035 9.630678 9.62973 9.628834 9.627906 9.627054 9.625587 9.624079 9.622745 9.621553 9.620416 9.619234 9.618005 9.616646 9.615579 9.616337 9.6162 9.615203 9.614279 9.612905 9.612066 9.610856 9.609825 9.608644 9.606559 9.605684 9.605039 9.604119 9.602807 9.60207 9.601756 9.601171 9.600568 9.599732 9.599211 9.598556 9.597724 9.597134 9.594934 9.593823 9.593086 9.592132 9.590886 9.589601 9.588432 9.587379 9.586191 9.584526 9.582798 9.580534 9.578465 9.576773 9.575527 9.574231 9.57358 9.572184 9.570284 9.568724 9.566269 9.565173
9.628602 9.629456 9.629867 9.631461 9.63029 9.629431 9.628576 9.62778 9.625885 9.624759 9.623868 9.622494 9.621067 9.619955 9.618615 9.617433 9.618662 9.617805 9.617093 9.616562 9.615642 9.61438 9.612869 9.611691 9.61064 9.608493 9.607 9.606711 9.605894 9.604787 9.603948 9.603292 9.60283 9.602542 9.601681 9.600921 9.60021 9.599476 9.599089 9.597235 9.595795 9.594688 9.593714 9.592715 9.591585 9.590569 9.589213 9.588057 9.586823 9.585433 9.583768 9.581441 9.579375 9.57771 9.576337 9.575051 9.574464 9.573088 9.571112 9.568557 9.567739 9.567097 9.566511
9.623608 9.62556 9.630268 9.63122 9.630076 9.629526 9.628747 9.627511 9.62534 9.624044 9.622951 9.622037 9.620633 9.619241 9.620593 9.619584 9.618686 9.617799 9.617192 9.616269 9.615598 9.614582 9.612526 9.611557 9.608853 9.608441 9.607884 9.606914 9.605567 9.604917 9.604545 9.604198 9.60349 9.602498 9.602038 9.601107 9.599951 9.598845 9.597857 9.59668 9.595541 9.594421 9.593348 9.592283 9.591266 9.59014 9.588835 9.587607 9.586055 9.584497 9.582393 9.580469 9.578574 9.577228 9.575874 9.57515 9.572996 9.57115 9.570094 9.569224 9.568666 9.568009 9.567462
9.622046 9.62822 9.63236 9.631389 9.630055 9.62936 9.627419 9.626108 9.624619 9.623288 9.622375 9.621546 9.622812 9.621502 9.620341 9.61956 9.618836 9.617974 9.616936 9.616181 9.615166 9.61371 9.612883 9.610011 9.609715 9.608982 9.608083 9.606648 9.606188 9.605742 9.60514 9.604517 9.603429 9.602639 9.601491 9.600614 9.599592 9.598577 9.597161 9.596087 9.595274 9.594132 9.59308 9.59209 9.590948 9.589725 9.588527 9.586887 9.58537 9.58312 9.581163 9.579531 9.578163 9.576937 9.575521 9.574297 9.572517 9.571447 9.570734 9.570253 9.569676 9.569409 9.568633
9.625402 9.632742 9.632436 9.631683 9.62987 9.627822 9.626805 9.625359 9.624026 9.622808 9.624226 9.623281 9.622337 9.621441 9.620261 9.619696 9.618828 9.617883 9.616905 9.615771 9.614929 9.611756 9.611502 9.610994 9.609962 9.609169 9.607988 9.607536 9.606829 9.606062 9.605232 9.604067 9.603167 9.602093 9.6013 9.600199 9.599126 9.597758 9.596787 9.595922 9.594851 9.593972 9.592948 9.591706 9.590448 9.58929 9.587771 9.586219 9.584539 9.581944 9.58045 9.579375 9.578141 9.576934 9.575375 9.573681 9.572613 9.572397 9.571944 9.571376 9.570675 9.569592 9.568214
9.629827 9.632792 9.632149 9.630756 9.62883 9.62721 9.626014 9.624608 9.623387 9.622211 9.623901 9.622778 9.622 9.621413 9.620627 9.619602 9.618663 9.617694 9.616774 9.615575 9.613355 9.612874 9.612244 9.611165 9.609573 9.609296 9.608639 9.60786 9.606984 9.605919 9.604393 9.603654 9.603004 9.60197 9.600758 9.599792 9.598454 9.597526 9.596563 9.595563 9.594567 9.593489 9.592441 9.591296 9.59005 9.588565 9.587186 9.585636 9.583123 9.581635 9.580236 9.579186 9.578059 9.576607 9.575075 9.574235 9.573605 9.573127 9.572433 9.571455 9.570512 9.569521 9.56891
9.633119 9.632768 9.630946 9.629311 9.628096 9.62645 9.625134 9.624122 9.623125 9.624481 9.623457 9.622667 9.622006 9.621287 9.620728 9.619418 9.618553 9.617745 9.615332 9.614296 9.613697 9.613169 9.612408 9.612388 9.611135 9.610288 9.608986 9.608029 9.606364 9.605221 9.604425 9.603511 9.602495 9.601523 9.600362 9.599204 9.598252 9.597296 9.596291 9.595285 9.594219 9.593099 9.592036 9.591091 9.589832 9.588325 9.586651 9.584191 9.582593 9.581466 9.580336 9.579284 9.577607 9.575995 9.575233 9.574742 9.574056 9.573537 9.572932 9.572072 9.57109 9.570444 9.569698
9.633408 9.631454 9.629552 9.628366 9.627203 9.625916 9.624686 9.623785 9.625152 9.624349 9.623189 9.622657 9.621852 9.621172 9.620493 9.619662 9.617229 9.615708 9.615192 9.614591 9.613922 9.613404 9.612371 9.611768 9.61148 9.610682 9.60837 9.607326 9.605989 9.605139 9.604239 9.603119 9.601973 9.600879 9.599823 9.599047 9.597961 9.596974 9.596022 9.595088 9.594055 9.593163 9.592109 9.590684 9.589305 9.587657 9.585081 9.583607 9.582693 9.581264 9.579997 9.577861 9.576639 9.576243 9.576138 9.575762 9.575052 9.574203 9.573485 9.572667 9.571815 9.570778 9.569858
9.632123 9.630206 9.628784 9.627612 9.626596 9.62588 9.624871 9.623754 9.624982 9.624249 9.623485 9.622707 9.621755 9.619457 9.618696 9.618095 9.616838 9.616169 9.615502 9.614357 9.614491 9.613148 9.612649 9.612213 9.610822 9.609549 9.608526 9.607139 9.60601 9.604987 9.603944 9.602779 9.601652 9.600436 9.599515 9.598755 9.598019 9.597095 9.596195 9.595269 9.594158 9.593246 9.591696 9.590273 9.588723 9.586857 9.584772 9.583437 9.581973 9.580435 9.578518 9.578258 9.578106 9.577862 9.577085 9.576492 9.575824 9.575081 9.574046 9.573125 9.572141 9.573529 9.572635
9.630766 9.629396 9.628304 9.627194 9.626388 9.625709 9.624816 9.625801 9.624714 9.624203 9.621724 9.620904 9.620337 9.619455 9.61839 9.617062 9.616626 9.616045 9.615978 9.615283 9.61407 9.613712 9.612348 9.611545 9.610149 9.609155 9.608183 9.607162 9.605914 9.604625 9.603509 9.602361 9.601254 9.600587 9.599708 9.598816 9.598253 9.597307 9.59625 9.595122 9.594292 9.59282 9.591187 9.589099 9.587202 9.587298 9.586313 9.583015 9.581723 9.580325 9.580041 9.579886 9.579224 9.57845 9.577836 9.577109 9.576279 9.575213 9.57628 9.575692 9.574731 9.573722 9.57251
9.629925 9.628933 9.628012 9.6272 9.626384 9.625548 9.62498 9.623975 9.623152 9.622269 9.6218 9.62095 9.620143 9.618698 9.617878 9.617368 9.616663 9.61694 9.616158 9.614932 9.614116 9.613065 9.612204 9.611286 9.609952 9.608922 9.607927 9.607115 9.605721 9.604298 9.60337 9.602418 9.601553 9.600763 9.599885 9.598939 9.5982 9.597312 9.596334 9.595 9.593233 9.591516 9.590265 9.589966 9.588397 9.585329 9.584323 9.583104 9.582269 9.581982 9.581344 9.58044 9.579725 9.579014 9.580356 9.579444 9.578268 9.577755 9.576656 9.575964 9.574574 9.573628 9.572674
9.629527 9.628772 9.627935 9.627162 9.626122 9.625327 9.624497 9.623945 9.623344 9.622305 9.621671 9.620832 9.619393 9.618819 9.618014 9.61728 9.617596 9.6165 9.615463 9.614589 9.613739 9.612945 9.612037 9.611052 9.609395 9.608515 9.607593 9.606448 9.605732 9.604234 9.603321 9.602425 9.601664 9.600872 9.599935 9.598886 9.597496 9.596323 9.595135 9.594537 9.592812 9.592548 9.591106 9.590148 9.586525 9.585781 9.584563 9.583865 9.583506 9.582847 9.581427 9.582769 9.58213 9.581397 9.580452 9.579676 9.578824 9.57776 9.576544 9.57541 9.574702 9.5736 9.57267
9.62934 9.628543 9.627765 9.626822 9.625962 9.625154 9.624785 9.624104 9.623371 9.622209 9.621153 9.620477 9.619658 9.618711 9.618383 9.61793 9.616744 9.61613 9.615434 9.614721 9.613613 9.61282 9.61197 9.610375 9.609388 9.608299 9.607477 9.606454 9.605717 9.604869 9.603494 9.60262 9.60171 9.600404 9.598995 9.597691 9.596538 9.596859 9.595048 9.594101 9.593915 9.59246 9.589184 9.588519 9.58777 9.586072 9.585405 9.584754 9.585762 9.584722 9.584185 9.5833 9.582487 9.581523 9.580777 9.5799 9.578661 9.57753 9.576612 9.575582 9.574646 9.573725 9.572678
9.629292 9.628314 9.6276 9.626823 9.626038 9.62554 9.624806 9.624015 9.623268 9.621948 9.620939 9.620111 9.619545 9.619141 9.618838 9.617493 9.616814 9.616035 9.61516 9.61457 9.614054 9.613061 9.611821 9.610265 9.609302 9.607988 9.607388 9.606473 9.605635 9.604712 9.603176 9.60177 9.600499 9.599382 9.598516 9.598797 9.598021 9.596326 9.595123 9.592699 9.59147 9.590722 9.590033 9.589466 9.589865 9.589193 9.588426 9.587315 9.586502 9.585933 9.585315 9.583707 9.582984 9.58185 9.580927 9.579438 9.578606 9.577662 9.576602 9.57548 9.574512 9.573522 9.572803
9.629043 9.628224 9.627458 9.626901 9.62637 9.625488 9.624583 9.624058 9.622696 9.621934 9.620902 9.620103 9.619481 9.619647 9.618195 9.617524 9.61694 9.616159 9.615604 9.614766 9.61398 9.612772 9.611193 9.610187 9.609019 9.608071 9.606889 9.6059 9.604682 9.603446 9.602574 9.601548 9.600882 9.600675 9.599933 9.598756 9.597417 9.595127 9.593878 9.592744 9.591962 9.593428 9.592614 9.591171 9.590535 9.589429 9.588341 9.58782 9.587171 9.586347 9.585293 9.584165 9.583094 9.581825 9.580584 9.579672 9.578571 9.577456 9.576373 9.575348 9.574292 9.573605 9.572577
9.629022 9.628374 9.627775 9.627189 9.626242 9.625587 9.624546 9.623393 9.622592 9.621709 9.620976 9.620155 9.619551 9.619379 9.618688 9.61799 9.617144 9.616487 9.615636 9.614822 9.613802 9.612892 9.610857 9.609594 9.608349 9.607187 9.606029 9.605187 9.604513 9.603642 9.603148 9.602182 9.601306 9.600196 9.600034 9.597676 9.596404 9.595093 9.596044 9.597122 9.594641 9.593637 9.592608 9.591871 9.590536 9.589651 9.589103 9.588441 9.587826 9.586938 9.585337 9.584046 9.582843 9.581746 9.580646 9.579455 9.578215 9.577208 9.576242 9.575254 9.574451 9.573097 9.571849
9.629283 9.628608 9.627752 9.626987 9.626273 9.624945 9.62397 9.623039 9.622077 9.621875 9.621452 9.620954 9.620219 9.619511 9.618941 9.618088 9.617396 9.616469 9.615607 9.614272 9.612787 9.611078 9.609974 9.608756 9.607924 9.607141 9.606261 9.605754 9.604856 9.604143 9.603318 9.602315 9.601697 9.600299 9.600634 9.599438 9.598099 9.598985 9.596292 9.595777 9.594623 9.593685 9.592669 9.591685 9.590754 9.590192 9.589891 9.588901 9.588005 9.5862 9.584794 9.583945 9.582627 9.58145 9.580278 9.578994 9.577988 9.577033 9.575572 9.574731 9.573561 9.572294 9.57128
9.629331 9.628744 9.627759 9.626924 9.625636 9.624671 9.623599 9.623042 9.623038 9.62251 9.621717 9.621146 9.620479 9.619766 9.618988 9.618143 9.616977 9.615755 9.61439 9.612329 9.611447 9.610549 9.609871 9.60898 9.608336 9.607612 9.60681 9.605803 9.604895 9.604333 9.603541 9.603896 9.602875 9.601913 9.601181 9.60114 9.599998 9.597365 9.596782 9.595666 9.594807 9.593613 9.592504 9.591893 9.591402 9.590905 9.589961 9.588857 9.586853 9.585672 9.58465 9.583579 9.582267 9.580851 9.579745 9.578276 9.577209 9.576022 9.575067 9.574045 9.573034 9.571546 9.571346
9.629283 9.628472 9.627498 9.62641 9.625328 9.624557 9.624309 9.623667 9.623241 9.622717 9.621996 9.621122 9.620452 9.619019 9.617977 9.616908 9.615668 9.614523 9.613651 9.612507 9.611697 9.610876 9.609898 9.609372 9.608509 9.607694 9.606737 9.605849 9.60673 9.605692 9.605032 9.604088 9.603395 9.602468 9.602252 9.600987 9.598458 9.597927 9.59652 9.595837 9.594713 9.593555 9.592943 9.592502 9.591751 9.590945 9.589437 9.588194 9.586562 9.585421 9.584211 9.582767 9.581158 9.57973 9.578695 9.57775 9.576549 9.575776 9.574975 9.573982 9.572944 9.572475 9.571877
9.629227 9.628274 9.627062 9.626218 9.625183 9.625072 9.624497 9.624169 9.623556 9.622623 9.621653 9.620332 9.619237 9.618171 9.617211 9.616301 9.615578 9.614747 9.614012 9.612604 9.611841 9.610887 9.610118 9.609523 9.610518 9.609388 9.608019 9.607396 9.60675 9.606445 9.605558 9.604668 9.603354 9.603162 9.600528 9.599804 9.599047 9.597628 9.596812 9.595646 9.594729 9.594364 9.593468 9.592548 9.591457 9.590142 9.589111 9.58744 9.585573 9.584181 9.582752 9.581494 9.580387 9.579391 9.578448 9.577486 9.576908 9.576109 9.574474 9.57432 9.573754 9.573289 9.57262
