inputs/Middelgrunden/Resource grid 1   Sector 8   Height 64m   Weibull-A.grd
DSAA
 111           201 
 728800        731000
 6176000       6180000
 6.41155       8.43101
[rows 112 to 139 of 201, columns 0 to 62 of 111]
7.336607 7.375907 7.410976 7.403879 7.398991 7.389474 7.370873 7.394423 7.426773 7.42233 7.434162 7.429431 7.433322 7.436442 7.473848 7.491014 7.509121 7.51621 7.52711 7.536649 7.545869 7.554721 7.566186 7.577059 7.560559 7.590714 7.595981 7.608408 7.604297 7.595522 7.615941 7.607172 7.600925 7.599262 7.619222 7.610305 7.613703 7.625298 7.641983 7.658268 7.679244 7.684715 7.693774 7.711614 7.72229 7.752882 7.745111 7.778768 7.783329 7.790675 7.790795 7.795734 7.822562 7.841286 7.854111 7.860889 7.876739 7.889266 7.900941 7.887362 7.918455 7.924678 7.935305
7.343858 7.352553 7.393894 7.409436 7.418351 7.404424 7.37815 7.381754 7.416842 7.424719 7.435909 7.435331 7.440368 7.445024 7.451274 7.49082 7.507086 7.524652 7.53226 7.543294 7.552605 7.561234 7.56915 7.581598 7.59146 7.60081 7.606096 7.61205 7.601844 7.601271 7.629011 7.623706 7.617376 7.610092 7.614489 7.63558 7.618121 7.64875 7.640273 7.661887 7.681149 7.691676 7.693774 7.710244 7.729461 7.751792 7.772184 7.784088 7.788891 7.792065 7.786838 7.805014 7.817881 7.840286 7.858366 7.865263 7.874974 7.890612 7.902988 7.914692 7.92078 7.932768 7.937235
7.355264 7.354802 7.385992 7.410778 7.422965 7.426331 7.409736 7.389381 7.392724 7.437177 7.453391 7.448517 7.445937 7.451361 7.457788 7.470559 7.507926 7.528797 7.539132 7.546891 7.575017 7.566556 7.573665 7.581745 7.601313 7.584885 7.617562 7.620287 7.628327 7.610127 7.615705 7.632903 7.63507 7.625445 7.622863 7.628735 7.625695 7.639894 7.662305 7.667275 7.682416 7.698603 7.6978 7.710345 7.727941 7.738357 7.772153 7.78778 7.794569 7.800304 7.788493 7.809449 7.812994 7.83208 7.8594 7.870114 7.86379 7.88869 7.904882 7.914817 7.928645 7.933459 7.939334
7.365057 7.363716 7.370305 7.382535 7.424881 7.43468 7.431234 7.395836 7.400324 7.404083 7.455259 7.4537 7.472806 7.456691 7.463519 7.472226 7.489429 7.530737 7.552811 7.552053 7.563077 7.587352 7.579264 7.585335 7.601275 7.593385 7.602498 7.631191 7.633395 7.644548 7.621586 7.646408 7.642822 7.644831 7.633585 7.635653 7.631107 7.640656 7.667928 7.677582 7.684622 7.701283 7.70531 7.709969 7.729018 7.745463 7.772533 7.789604 7.800146 7.804035 7.815371 7.801443 7.823341 7.824055 7.849882 7.87218 7.868371 7.890293 7.905222 7.918014 7.927711 7.935872 7.947289
7.378703 7.374531 7.37456 7.384166 7.421576 7.437362 7.443113 7.429645 7.406481 7.41114 7.416571 7.477275 7.466138 7.463225 7.468248 7.478658 7.486813 7.509321 7.556356 7.566415 7.564965 7.577397 7.588948 7.590172 7.599908 7.615264 7.613278 7.617996 7.643233 7.647474 7.62924 7.634967 7.64808 7.653026 7.654073 7.644716 7.658916 7.646811 7.654441 7.681522 7.69543 7.702243 7.712342 7.711229 7.726656 7.744674 7.755507 7.79078 7.804129 7.809808 7.816121 7.802774 7.825538 7.832458 7.837738 7.866884 7.882843 7.879344 7.903643 7.919008 7.929806 7.941044 7.948188
7.40095 7.39846 7.382892 7.38758 7.397192 7.434981 7.448802 7.447058 7.436291 7.417962 7.421799 7.433548 7.488191 7.495412 7.479362 7.483333 7.492791 7.502347 7.53601 7.586236 7.566347 7.578945 7.59198 7.601786 7.600925 7.620336 7.612687 7.628436 7.630922 7.652847 7.660319 7.638036 7.679517 7.658244 7.663253 7.663175 7.65615 7.651801 7.665731 7.674991 7.699166 7.712728 7.718199 7.718609 7.726819 7.745377 7.761419 7.787931 7.80624 7.814769 7.819261 7.831026 7.816881 7.84876 7.836781 7.865794 7.880818 7.886367 7.895662 7.919952 7.932599 7.94243 7.953741
7.395722 7.407617 7.392905 7.392058 7.397224 7.40901 7.448715 7.459033 7.450957 7.425119 7.431452 7.432632 7.455293 7.498181 7.49732 7.492046 7.505169 7.507061 7.523326 7.564458 7.596656 7.579077 7.592692 7.604837 7.605336 7.617975 7.630841 7.632232 7.640243 7.641618 7.663003 7.6455 7.656179 7.664296 7.66819 7.673114 7.673686 7.651894 7.671294 7.680984 7.70151 7.717335 7.730231 7.724105 7.72785 7.744069 7.761854 7.773695 7.807249 7.819352 7.82409 7.831694 7.817607 7.851403 7.849529 7.848856 7.882765 7.891105 7.896304 7.909197 7.932247 7.944252 7.955192
7.39837 7.412299 7.417801 7.399917 7.401539 7.406958 7.421932 7.461077 7.462414 7.455774 7.435796 7.442056 7.443147 7.487123 7.510437 7.493927 7.506421 7.512562 7.524221 7.549078 7.578108 7.585379 7.594251 7.605711 7.615371 7.617587 7.636224 7.636782 7.647243 7.6499 7.651954 7.655969 7.654716 7.670981 7.674345 7.678221 7.683464 7.675658 7.665965 7.686827 7.693263 7.719604 7.734938 7.740355 7.718871 7.743226 7.76279 7.778085 7.796372 7.822098 7.82872 7.832106 7.845978 7.851115 7.853227 7.852812 7.879809 7.895934 7.90194 7.909739 7.930984 7.945055 7.956754
7.40075 7.416881 7.425923 7.410552 7.407218 7.410604 7.419798 7.457556 7.471782 7.465745 7.464907 7.448791 7.452722 7.453532 7.504845 7.51316 7.508038 7.5204 7.527315 7.548653 7.568393 7.590096 7.599574 7.608007 7.617315 7.625678 7.638033 7.639283 7.650935 7.659342 7.658263 7.662745 7.66143 7.681102 7.681055 7.684276 7.688247 7.695153 7.682296 7.692859 7.702446 7.721939 7.737758 7.749892 7.728042 7.733393 7.761024 7.779471 7.789298 7.822299 7.833138 7.837904 7.846318 7.830235 7.864738 7.867757 7.862735 7.897223 7.906138 7.911279 7.923253 7.94618 7.957822
7.408163 7.398813 7.43213 7.435998 7.416366 7.416172 7.419765 7.431691 7.469656 7.477638 7.469252 7.460085 7.46649 7.472157 7.457715 7.523869 7.52135 7.522528 7.536128 7.548724 7.573265 7.577631 7.605002 7.603636 7.627867 7.636653 7.648423 7.651746 7.653327 7.661927 7.670815 7.667119 7.670455 7.67096 7.687374 7.690693 7.69442 7.699591 7.697991 7.700093 7.708165 7.713291 7.741851 7.761722 7.759231 7.737023 7.759479 7.77985 7.797791 7.809813 7.837139 7.842339 7.84673 7.860408 7.864289 7.867704 7.879564 7.892815 7.909544 7.916668 7.924093 7.936319 7.958694
7.39506 7.391946 7.418309 7.433042 7.42997 7.422804 7.42493 7.428952 7.440736 7.481541 7.480497 7.477487 7.46986 7.476993 7.464446 7.470506 7.523491 7.523693 7.535882 7.553445 7.568704 7.582378 7.586792 7.602809 7.618076 7.638515 7.647438 7.667202 7.656941 7.665651 7.673727 7.682426 7.676532 7.676777 7.697018 7.697166 7.700769 7.704525 7.701653 7.712048 7.710769 7.724133 7.728493 7.764552 7.765976 7.752741 7.751372 7.777832 7.796959 7.804928 7.836669 7.846435 7.851151 7.86043 7.875278 7.86716 7.883236 7.877002 7.909789 7.91309 7.925721 7.937073 7.949189
7.400216 7.41103 7.408289 7.437077 7.439709 7.436127 7.43157 7.433704 7.439548 7.455941 7.491098 7.48393 7.486196 7.48003 7.487212 7.475122 7.485136 7.544457 7.537232 7.550675 7.567787 7.58337 7.591073 7.604208 7.617815 7.63774 7.648509 7.67918 7.660643 7.669787 7.677485 7.684684 7.692225 7.682202 7.688862 7.704284 7.707072 7.710868 7.714666 7.713421 7.729677 7.721661 7.733719 7.766038 7.775897 7.773146 7.769663 7.767171 7.797247 7.807114 7.823203 7.849934 7.855563 7.860845 7.87424 7.875404 7.882517 7.896381 7.892053 7.922057 7.930892 7.938537 7.949734
7.407317 7.410433 7.406817 7.428189 7.447625 7.445627 7.442243 7.44005 7.441568 7.450748 7.488464 7.494587 7.489798 7.486149 7.492368 7.497844 7.486686 7.516468 7.55223 7.551548 7.567523 7.58666 7.596272 7.601395 7.617213 7.632417 7.647996 7.662496 7.680795 7.67278 7.681519 7.688798 7.696217 7.698881 7.690846 7.71138 7.71364 7.717164 7.72167 7.715956 7.731212 7.737836 7.748438 7.748381 7.783875 7.782848 7.773272 7.784484 7.785061 7.815764 7.820466 7.850635 7.859345 7.863931 7.874239 7.888736 7.883104 7.898084 7.906629 7.921285 7.926687 7.940082 7.950432
7.4202 7.415372 7.420487 7.419224 7.447416 7.453885 7.451096 7.450816 7.448325 7.451044 7.460808 7.500035 7.504778 7.505859 7.496148 7.502131 7.508072 7.498102 7.541533 7.55252 7.568681 7.587337 7.597936 7.604723 7.613466 7.62908 7.627763 7.658494 7.682217 7.675094 7.684702 7.692656 7.70004 7.70831 7.704622 7.70726 7.721422 7.723415 7.727432 7.720053 7.730553 7.746289 7.768991 7.759323 7.787103 7.795186 7.780069 7.788309 7.801074 7.813229 7.823844 7.836951 7.86205 7.86802 7.874651 7.888171 7.889963 7.897992 7.918317 7.925321 7.933404 7.944718 7.951941
7.431912 7.425686 7.42671 7.442955 7.434866 7.462739 7.460874 7.45719 7.459284 7.456348 7.459112 7.471042 7.510506 7.507559 7.506143 7.533208 7.513141 7.518219 7.520239 7.563537 7.565477 7.582321 7.600534 7.608488 7.616485 7.625479 7.633657 7.637022 7.677367 7.67636 7.68582 7.697587 7.703979 7.711344 7.716594 7.709629 7.724864 7.729489 7.733308 7.735313 7.733713 7.747505 7.754414 7.784434 7.772271 7.799989 7.796124 7.791136 7.804211 7.821599 7.830798 7.838732 7.848377 7.871564 7.857094 7.887718 7.902019 7.897606 7.918575 7.928023 7.939026 7.945603 7.95336
7.440825 7.443403 7.435163 7.44473 7.431092 7.454649 7.468576 7.465584 7.465413 7.467616 7.465513 7.491788 7.488838 7.515841 7.517241 7.538458 7.542236 7.523313 7.530957 7.534635 7.573014 7.576464 7.601778 7.611639 7.61981 7.629851 7.639251 7.640438 7.650655 7.69387 7.687937 7.697218 7.709763 7.715064 7.720935 7.723383 7.729251 7.734706 7.739474 7.744266 7.73823 7.75096 7.762486 7.785059 7.786985 7.786091 7.787921 7.785033 7.805915 7.820452 7.837216 7.84448 7.854965 7.854312 7.862013 7.870266 7.882987 7.923075 7.91241 7.932212 7.939984 7.944218 7.957529
7.444733 7.427845 7.442926 7.446054 7.454222 7.443254 7.47135 7.474856 7.471381 7.473157 7.476054 7.473225 7.501277 7.51926 7.520062 7.51777 7.54727 7.55188 7.534768 7.542795 7.547331 7.57361 7.615573 7.614048 7.622698 7.632226 7.642195 7.648589 7.648789 7.68103 7.68801 7.698539 7.708739 7.722067 7.726131 7.727743 7.732522 7.737888 7.744043 7.74923 7.743112 7.75539 7.764697 7.771299 7.800166 7.799039 7.799298 7.792939 7.808631 7.816415 7.837836 7.840168 7.857228 7.854781 7.864903 7.870732 7.883487 7.921861 7.91158 7.932877 7.943136 7.952274 7.955587
7.445544 7.433216 7.435659 7.453213 7.458854 7.465735 7.459896 7.482031 7.480626 7.479542 7.48116 7.509078 7.475206 7.510976 7.524228 7.527034 7.525276 7.555981 7.53743 7.546229 7.549955 7.557263 7.593747 7.625511 7.624774 7.634678 7.650609 7.652256 7.657337 7.649823 7.695415 7.697863 7.709515 7.721397 7.733614 7.734375 7.737882 7.753981 7.746313 7.754695 7.754896 7.756315 7.768929 7.775954 7.803287 7.803283 7.812696 7.808995 7.803522 7.810214 7.833975 7.858646 7.851797 7.870618 7.877836 7.874372 7.883793 7.896375 7.90882 7.926404 7.945868 7.954123 7.955547
7.481873 7.459331 7.44193 7.443859 7.47236 7.476117 7.46258 7.47698 7.487651 7.486279 7.494812 7.48915 7.516407 7.50309 7.511711 7.529569 7.533912 7.558243 7.563003 7.54808 7.556187 7.561547 7.577086 7.620673 7.616723 7.63794 7.652589 7.663087 7.661075 7.670841 7.674963 7.688693 7.70858 7.719947 7.733935 7.743959 7.742541 7.748426 7.759986 7.75661 7.765409 7.761094 7.773397 7.782627 7.789698 7.818024 7.816084 7.821401 7.814055 7.816337 7.835766 7.857371 7.858744 7.867476 7.879531 7.877532 7.884733 7.897056 7.907566 7.925152 7.945977 7.958127 7.964967
7.434944 7.461889 7.446155 7.449814 7.453643 7.480698 7.486008 7.467155 7.488963 7.493191 7.493565 7.50241 7.52034 7.509439 7.513397 7.525674 7.536012 7.536337 7.565912 7.57135 7.558815 7.565945 7.578367 7.596236 7.629134 7.637333 7.650563 7.665718 7.67152 7.669185 7.696594 7.670597 7.698158 7.71896 7.732879 7.745721 7.740101 7.751809 7.769065 7.766182 7.767003 7.764788 7.77765 7.787099 7.792968 7.821374 7.819291 7.82924 7.827347 7.826751 7.830151 7.857195 7.875806 7.870817 7.881397 7.880392 7.881583 7.897996 7.907976 7.937327 7.946221 7.958381 7.968682
7.434061 7.455259 7.446452 7.453667 7.45912 7.462529 7.488815 7.49694 7.481402 7.498492 7.499641 7.50107 7.503067 7.527615 7.517362 7.523583 7.543875 7.543302 7.544202 7.572709 7.580788 7.568856 7.578617 7.599808 7.611202 7.637465 7.649124 7.667182 7.675497 7.679833 7.687959 7.713637 7.681252 7.709131 7.7299 7.745303 7.755328 7.756862 7.7663 7.777802 7.773289 7.76811 7.777868 7.791393 7.80019 7.803992 7.835866 7.831063 7.837619 7.837879 7.838335 7.849742 7.879464 7.876585 7.887761 7.889183 7.883424 7.896801 7.910767 7.921934 7.950378 7.958427 7.972606
7.445487 7.466266 7.468875 7.457161 7.461215 7.468353 7.470717 7.496462 7.485094 7.492986 7.503361 7.505936 7.50863 7.531687 7.535069 7.505811 7.527213 7.540229 7.549837 7.575888 7.582336 7.570239 7.578952 7.603744 7.597689 7.635398 7.646719 7.66775 7.676722 7.685219 7.682457 7.71745 7.695039 7.698968 7.720154 7.742021 7.756331 7.762556 7.76618 7.782113 7.784866 7.781252 7.779625 7.794506 7.805094 7.810389 7.815162 7.836097 7.841817 7.843898 7.85139 7.854823 7.867879 7.892998 7.905214 7.900033 7.899287 7.894483 7.91032 7.921578 7.949402 7.958415 7.970784
7.436662 7.460676 7.482925 7.478718 7.464917 7.472939 7.476735 7.50002 7.506159 7.515089 7.504628 7.509619 7.512574 7.516589 7.539179 7.542496 7.514658 7.529805 7.548333 7.554094 7.583436 7.591604 7.580905 7.603161 7.632063 7.600459 7.646315 7.667104 7.678434 7.685715 7.693183 7.711016 7.718799 7.699837 7.71011 7.731614 7.754484 7.765825 7.77241 7.787147 7.790319 7.785914 7.781973 7.796182 7.808303 7.817404 7.821261 7.854622 7.847553 7.847893 7.85702 7.866647 7.870775 7.897128 7.894208 7.90653 7.905889 7.901026 7.908312 7.922724 7.935535 7.962153 7.970605
7.442076 7.450129 7.475727 7.477649 7.48838 7.473331 7.481712 7.48514 7.507705 7.516132 7.515473 7.513629 7.517807 7.519031 7.523466 7.546614 7.539476 7.540015 7.546 7.556067 7.562277 7.592985 7.600853 7.600923 7.633642 7.634433 7.608455 7.655696 7.677633 7.686359 7.69586 7.706154 7.738382 7.726397 7.706971 7.720796 7.743175 7.764676 7.773533 7.782238 7.795587 7.797966 7.793509 7.796932 7.809593 7.822316 7.827762 7.832812 7.85245 7.854187 7.856316 7.871515 7.88205 7.889352 7.911468 7.92402 7.91761 7.914441 7.907365 7.924084 7.935112 7.961174 7.970322
7.460805 7.45352 7.472584 7.489468 7.485826 7.495737 7.484118 7.490357 7.493229 7.515832 7.523824 7.527235 7.519862 7.524273 7.543871 7.549394 7.55369 7.547301 7.542559 7.55233 7.56228 7.594099 7.602139 7.612185 7.622316 7.643944 7.617443 7.6265 7.672453 7.687015 7.695388 7.704558 7.737974 7.730395 7.733341 7.70894 7.726274 7.756396 7.773801 7.783404 7.79194 7.803237 7.800813 7.804946 7.813223 7.823553 7.833907 7.838706 7.845472 7.863517 7.85752 7.871351 7.887927 7.893289 7.915648 7.911388 7.924192 7.921047 7.914169 7.921811 7.936666 7.961764 7.973565
7.456725 7.457919 7.464856 7.484633 7.50109 7.495453 7.503881 7.493227 7.498209 7.501134 7.52544 7.525291 7.538293 7.527803 7.548203 7.552535 7.555702 7.560688 7.554235 7.545772 7.559952 7.571243 7.602992 7.61176 7.618436 7.647663 7.651346 7.62585 7.647224 7.687679 7.694615 7.70538 7.723818 7.749668 7.738004 7.72456 7.726092 7.737297 7.766638 7.78257 7.794618 7.801404 7.810332 7.806776 7.82239 7.826492 7.837335 7.84428 7.850336 7.869379 7.866477 7.868734 7.887919 7.90371 7.9129 7.929221 7.939694 7.933007 7.927849 7.924834 7.935532 7.950341 7.957903
7.451725 7.470654 7.469356 7.479964 7.493648 7.504352 7.504885 7.494604 7.502616 7.505737 7.527514 7.532649 7.53339 7.547086 7.535476 7.556809 7.544382 7.561998 7.566678 7.555278 7.560497 7.569568 7.583028 7.611999 7.609446 7.630193 7.655314 7.641783 7.637707 7.672778 7.695204 7.703305 7.719888 7.749185 7.751564 7.745307 7.731657 7.735551 7.756308 7.777347 7.792191 7.814695 7.816516 7.806037 7.82705 7.834044 7.837104 7.847991 7.854635 7.862408 7.876139 7.870666 7.885468 7.903789 7.913094 7.92463 7.938803 7.940619 7.934557 7.929415 7.937735 7.950194 7.954815
7.457914 7.466141 7.483713 7.480875 7.493996 7.503376 7.512765 7.513186 7.503774 7.510297 7.512831 7.534274 7.534027 7.543618 7.554507 7.561461 7.5675 7.573212 7.568163 7.572278 7.557855 7.554011 7.594553 7.613476 7.628173 7.63433 7.644617 7.662449 7.645731 7.650849 7.688989 7.701922 7.713847 7.749554 7.751795 7.749388 7.754138 7.740897 7.743592 7.765983 7.787862 7.796259 7.824595 7.814531 7.818626 7.842193 7.842289 7.850628 7.857866 7.866824 7.883365 7.878261 7.884165 7.903327 7.91935 7.932741 7.936352 7.939726 7.947773 7.941501 7.949332 7.950051 7.962841
