inputs/Middelgrunden/Resource grid 1   Sector 6   Height 64m   Sector frequency.grd
DSAA
 111           201 
 728800        731000
 6176000       6180000
 7.184433E-02  7.316011E-02
[rows 161 to 183 of 201, columns 0 to 52 of 111]
7.195022E-02 7.193986E-02 7.194769E-02 7.194396E-02 7.194069E-02 7.196549E-02 7.196604E-02 7.196223E-02 7.195911E-02 .071957 7.195701E-02 7.196029E-02 7.196984E-02 7.197154E-02 7.196517E-02 7.197127E-02 7.196847E-02 7.196236E-02 7.195695E-02 .0719545 7.195015E-02 7.194795E-02 7.194602E-02 7.194959E-02 7.199278E-02 7.199127E-02 7.199199E-02 7.199346E-02 .0719937 7.199708E-02 7.199725E-02 .0719981 7.198857E-02 7.199161E-02 7.199153E-02 7.199091E-02 7.198981E-02 7.198912E-02 7.200726E-02 7.201003E-02 7.201383E-02 7.201113E-02 .0720479 7.205222E-02 7.205584E-02 7.205684E-02 7.205792E-02 7.205912E-02 .0720588 7.205618E-02 7.205661E-02 .0720377 7.203538E-02
7.193476E-02 7.192815E-02 7.194722E-02 7.194397E-02 7.193893E-02 7.196555E-02 7.196479E-02 7.196106E-02 7.196196E-02 7.197142E-02 .0719714 7.197335E-02 7.196946E-02 7.197426E-02 7.195911E-02 7.195922E-02 7.195999E-02 7.195775E-02 7.195673E-02 7.195637E-02 7.195538E-02 7.195371E-02 7.195441E-02 7.199775E-02 7.199838E-02 7.199879E-02 7.199989E-02 7.199866E-02 .0720007 7.200422E-02 7.200042E-02 7.199825E-02 7.198476E-02 7.198525E-02 7.198483E-02 .0719827 .0719868 7.198603E-02 7.200265E-02 7.200339E-02 7.200887E-02 7.201516E-02 7.201615E-02 .0720543 7.205475E-02 7.205614E-02 7.205642E-02 7.205673E-02 7.205746E-02 7.205662E-02 7.205404E-02 7.204044E-02 7.209339E-02
7.193309E-02 7.192432E-02 .0719302 7.194275E-02 7.193881E-02 7.196189E-02 7.197747E-02 7.198054E-02 .071986 7.198369E-02 7.198052E-02 7.197739E-02 7.197138E-02 7.196476E-02 .0719502 7.195017E-02 7.195377E-02 7.196081E-02 7.195943E-02 7.195973E-02 7.195953E-02 7.196039E-02 7.195795E-02 7.200567E-02 7.200182E-02 .0720019 7.200271E-02 7.200801E-02 7.200862E-02 .0720032 7.200076E-02 7.199624E-02 7.198188E-02 7.197689E-02 7.197707E-02 7.198022E-02 7.198239E-02 7.198589E-02 7.198915E-02 7.200804E-02 7.201384E-02 7.201623E-02 7.201237E-02 7.205729E-02 7.205537E-02 7.205282E-02 7.205204E-02 7.205255E-02 7.205353E-02 7.205802E-02 7.205506E-02 7.209878E-02 7.209565E-02
.0719312 7.192305E-02 7.193527E-02 7.195521E-02 7.195197E-02 7.197875E-02 7.198121E-02 7.198861E-02 7.198842E-02 7.198647E-02 7.198296E-02 7.197907E-02 7.196726E-02 7.196092E-02 7.194455E-02 7.195106E-02 7.195111E-02 7.195468E-02 7.195996E-02 7.196254E-02 .0719628 7.196345E-02 7.196596E-02 7.201006E-02 7.201184E-02 7.200944E-02 7.200819E-02 7.200745E-02 7.200796E-02 7.200334E-02 7.199751E-02 .0719938 7.198268E-02 7.197525E-02 7.197583E-02 7.198112E-02 7.198754E-02 7.199068E-02 7.199845E-02 7.200266E-02 7.201761E-02 7.201678E-02 7.201431E-02 7.205006E-02 7.205044E-02 7.205257E-02 7.204889E-02 7.205213E-02 7.205402E-02 7.211138E-02 7.211441E-02 7.210054E-02 7.209625E-02
.0719423 7.193875E-02 7.194328E-02 7.195339E-02 7.195365E-02 7.198136E-02 7.198434E-02 7.198142E-02 7.198021E-02 7.197423E-02 7.197289E-02 7.197388E-02 7.197163E-02 7.196718E-02 .0719492 7.194609E-02 7.195012E-02 .0719506 7.195571E-02 7.196372E-02 7.196525E-02 7.196826E-02 .0719692 7.201993E-02 7.201941E-02 7.201536E-02 7.200785E-02 .0720056 7.200105E-02 7.199898E-02 7.199338E-02 7.198939E-02 7.198321E-02 7.198245E-02 7.198288E-02 7.198875E-02 7.199471E-02 7.199847E-02 7.200041E-02 7.200326E-02 7.201989E-02 7.201555E-02 .0720088 7.203239E-02 7.204651E-02 7.205194E-02 7.205175E-02 7.204476E-02 7.210644E-02 7.211097E-02 .072101 7.205699E-02 7.205223E-02
7.194866E-02 7.194351E-02 7.194597E-02 7.194452E-02 7.195765E-02 7.195897E-02 7.198162E-02 7.197669E-02 7.197556E-02 7.197657E-02 7.197606E-02 7.197675E-02 7.197333E-02 7.196933E-02 7.195313E-02 7.194845E-02 .071945 7.194664E-02 7.194906E-02 7.195848E-02 7.196668E-02 7.197165E-02 7.197292E-02 7.201746E-02 7.201774E-02 7.201115E-02 7.200953E-02 7.200479E-02 7.199735E-02 7.199832E-02 7.199586E-02 .0719953 7.199841E-02 7.198805E-02 7.198834E-02 7.199165E-02 7.199518E-02 7.199767E-02 7.200138E-02 7.200217E-02 7.199988E-02 7.201526E-02 7.200582E-02 7.200594E-02 7.204799E-02 7.204595E-02 7.204945E-02 .0721078 7.205978E-02 7.205937E-02 7.205169E-02 7.205288E-02 .0720567
7.192592E-02 .0719464 7.195122E-02 7.194486E-02 7.195014E-02 7.194876E-02 7.197556E-02 7.197329E-02 7.197013E-02 .0719706 .0719739 7.197519E-02 7.197023E-02 7.196471E-02 7.194767E-02 7.194607E-02 7.194396E-02 7.194169E-02 7.194912E-02 .071957 .0719614 7.196666E-02 7.196645E-02 7.201222E-02 7.201219E-02 7.200989E-02 7.200695E-02 7.200296E-02 .0720005 7.200155E-02 7.200404E-02 .0720062 7.200617E-02 7.199528E-02 7.199226E-02 7.199031E-02 7.199011E-02 7.199199E-02 .0719936 7.199644E-02 7.199636E-02 7.199841E-02 7.201405E-02 7.200661E-02 7.204279E-02 7.210136E-02 7.205608E-02 7.206117E-02 7.206244E-02 7.206061E-02 7.204708E-02 7.204773E-02 7.205907E-02
7.192747E-02 7.192009E-02 7.191961E-02 7.193585E-02 7.195005E-02 7.194658E-02 7.196917E-02 7.196768E-02 7.196395E-02 7.196304E-02 7.196587E-02 7.197054E-02 7.196517E-02 7.194921E-02 7.194719E-02 7.194618E-02 .0719449 7.194239E-02 .071946 7.195169E-02 7.195649E-02 7.195971E-02 7.200782E-02 7.200574E-02 7.200915E-02 7.201184E-02 7.201267E-02 7.200688E-02 7.200942E-02 7.200629E-02 7.200804E-02 7.201495E-02 7.201413E-02 7.199808E-02 7.199038E-02 7.198843E-02 7.198711E-02 7.198597E-02 7.198799E-02 7.199378E-02 7.199501E-02 7.199582E-02 7.201012E-02 7.200361E-02 7.204148E-02 7.205716E-02 7.205889E-02 7.205814E-02 7.206195E-02 7.206526E-02 7.205334E-02 7.205585E-02 .0720595
7.191999E-02 .0719126 7.191399E-02 7.191394E-02 .0719322 7.194521E-02 7.196613E-02 7.196398E-02 7.196353E-02 7.196031E-02 7.196119E-02 7.196366E-02 7.196418E-02 7.194773E-02 7.194702E-02 7.194508E-02 .0719448 7.194357E-02 7.194171E-02 7.194198E-02 7.194851E-02 7.195068E-02 .0719985 7.200682E-02 7.201421E-02 7.201825E-02 7.201245E-02 7.201476E-02 .0720164 7.201835E-02 7.201661E-02 7.201734E-02 7.201492E-02 7.199799E-02 .071988 7.198533E-02 7.198362E-02 .0719839 7.198496E-02 7.198705E-02 7.198837E-02 7.194167E-02 7.194115E-02 7.201558E-02 7.204061E-02 7.205358E-02 7.205875E-02 7.206108E-02 7.206891E-02 7.207332E-02 7.206218E-02 7.205936E-02 7.205702E-02
7.192261E-02 7.191671E-02 7.191767E-02 7.190923E-02 7.190648E-02 7.194059E-02 7.196436E-02 .0719605 7.196008E-02 7.196323E-02 7.196324E-02 7.196571E-02 7.196431E-02 7.195084E-02 .0719481 7.194558E-02 7.194222E-02 .071939 .0719368 7.194021E-02 7.194334E-02 7.194865E-02 7.199667E-02 7.200386E-02 7.201879E-02 7.202318E-02 7.202055E-02 7.202213E-02 7.202721E-02 7.202417E-02 7.202259E-02 7.202082E-02 7.201322E-02 7.199728E-02 .0719879 7.198447E-02 7.198314E-02 7.198125E-02 .0719808 7.193547E-02 7.193473E-02 7.199615E-02 7.199784E-02 7.199848E-02 7.204039E-02 .0720419 .0720615 7.206741E-02 7.206918E-02 7.206868E-02 7.205652E-02 7.205755E-02 7.205676E-02
7.193176E-02 7.192502E-02 7.192273E-02 7.191437E-02 7.190825E-02 7.192272E-02 7.194581E-02 .0719678 7.196587E-02 7.196333E-02 7.196447E-02 7.196722E-02 7.196496E-02 7.195078E-02 7.194614E-02 7.194053E-02 .0719382 .071936 .0719355 7.194177E-02 7.194541E-02 7.194711E-02 7.199773E-02 7.200586E-02 .0720165 7.202146E-02 7.202247E-02 7.202429E-02 7.202698E-02 7.202704E-02 7.202687E-02 7.202197E-02 7.201277E-02 7.199998E-02 7.199225E-02 7.198436E-02 7.198105E-02 7.193145E-02 7.193068E-02 7.193115E-02 7.199436E-02 7.199667E-02 7.200075E-02 7.200289E-02 7.202378E-02 7.204578E-02 7.206071E-02 7.206201E-02 7.205989E-02 .072063 7.204968E-02 7.204893E-02 7.205473E-02
7.193657E-02 7.193982E-02 7.193451E-02 .0719258 7.191949E-02 7.192709E-02 7.192349E-02 .0719476 7.196243E-02 7.195775E-02 7.196242E-02 7.196853E-02 7.196739E-02 7.194864E-02 7.194433E-02 7.194392E-02 7.194002E-02 7.193635E-02 7.193834E-02 7.194334E-02 7.194892E-02 7.195174E-02 7.199994E-02 .0720093 7.201728E-02 7.201419E-02 7.202101E-02 7.202178E-02 7.202222E-02 7.202134E-02 7.202566E-02 7.202598E-02 7.202259E-02 7.200593E-02 7.194619E-02 7.193704E-02 7.193245E-02 .0719265 .0719329 7.199756E-02 7.200022E-02 7.200482E-02 7.200749E-02 7.200979E-02 7.200801E-02 7.204442E-02 .0720555 .0720507 7.205287E-02 7.205629E-02 7.204589E-02 7.204664E-02 7.204974E-02
7.195091E-02 7.194438E-02 7.193726E-02 7.192665E-02 7.191618E-02 7.190692E-02 7.191641E-02 7.193881E-02 7.193527E-02 .0719579 7.195719E-02 7.196455E-02 7.196291E-02 7.194792E-02 7.194761E-02 7.194702E-02 7.194377E-02 .0719417 7.194171E-02 7.194604E-02 7.195188E-02 7.195836E-02 7.200492E-02 7.200541E-02 7.200463E-02 7.200831E-02 7.200905E-02 7.201415E-02 7.201565E-02 7.202015E-02 7.202593E-02 7.202671E-02 7.197627E-02 .0719614 7.195314E-02 7.194393E-02 7.193851E-02 7.199693E-02 7.200041E-02 7.200456E-02 .0720088 7.200927E-02 7.200825E-02 7.200636E-02 7.200263E-02 7.202568E-02 7.203864E-02 7.204852E-02 7.204831E-02 7.205203E-02 7.204194E-02 7.204498E-02 7.204809E-02
.0719552 7.194849E-02 7.193629E-02 7.192861E-02 7.191614E-02 7.190499E-02 .0719106 7.193312E-02 7.193365E-02 7.193264E-02 7.193496E-02 7.195705E-02 7.195865E-02 .0719481 7.194678E-02 7.194758E-02 7.194912E-02 7.195085E-02 7.194571E-02 7.194766E-02 7.195411E-02 7.200073E-02 7.200147E-02 7.200136E-02 7.199542E-02 7.199723E-02 7.200084E-02 7.200787E-02 7.201428E-02 7.201905E-02 7.197724E-02 7.197827E-02 7.198019E-02 7.196902E-02 7.196495E-02 7.195735E-02 7.201135E-02 7.200979E-02 7.200938E-02 7.200894E-02 7.201073E-02 7.200751E-02 7.200342E-02 7.200329E-02 7.200085E-02 7.202318E-02 7.203772E-02 7.204861E-02 7.204929E-02 7.204935E-02 7.204028E-02 7.204479E-02 .0720468
7.194884E-02 7.194416E-02 7.193609E-02 7.192288E-02 .0719123 7.190378E-02 7.191364E-02 7.193083E-02 7.193223E-02 7.193208E-02 7.193238E-02 .0719352 .0719538 7.194144E-02 7.194319E-02 7.194472E-02 7.194561E-02 7.194559E-02 7.194382E-02 7.194719E-02 7.195267E-02 7.199704E-02 7.199745E-02 7.198896E-02 7.198957E-02 7.199398E-02 7.199471E-02 7.195485E-02 7.195799E-02 7.196859E-02 7.197677E-02 7.198222E-02 7.198574E-02 7.198741E-02 7.197622E-02 7.202791E-02 .0720216 7.201459E-02 7.201058E-02 7.201054E-02 7.200719E-02 7.200662E-02 7.200099E-02 7.200124E-02 7.200091E-02 7.199602E-02 7.201818E-02 7.205095E-02 7.205043E-02 .0720526 7.203864E-02 7.204278E-02 7.204127E-02
7.194244E-02 7.193709E-02 7.192963E-02 7.191937E-02 7.191814E-02 7.191219E-02 7.190331E-02 7.193937E-02 7.193323E-02 .0719305 .0719313 7.193398E-02 .0719336 7.191851E-02 7.194006E-02 7.193936E-02 7.193772E-02 7.193953E-02 7.194027E-02 7.194245E-02 7.194685E-02 7.199169E-02 7.199195E-02 7.198944E-02 7.198983E-02 7.194232E-02 .071943 .0719489 7.195826E-02 7.196809E-02 7.197902E-02 7.198315E-02 7.198957E-02 7.205097E-02 7.204125E-02 7.203764E-02 7.202769E-02 7.201774E-02 7.201031E-02 .0720066 7.200392E-02 7.200377E-02 7.200386E-02 7.200193E-02 7.199995E-02 7.199395E-02 7.202256E-02 7.202459E-02 7.205579E-02 7.205201E-02 .072037 7.203691E-02 7.203395E-02
7.193159E-02 7.192828E-02 7.192837E-02 7.192688E-02 7.191955E-02 7.191264E-02 7.190759E-02 7.194195E-02 7.193771E-02 .0719306 7.193135E-02 7.193782E-02 7.192398E-02 7.192072E-02 7.191636E-02 .0719344 .0719341 7.193174E-02 7.193217E-02 7.193828E-02 7.194063E-02 7.198732E-02 7.198376E-02 7.193877E-02 7.194225E-02 7.194735E-02 7.195046E-02 7.195541E-02 7.195877E-02 7.196972E-02 7.197301E-02 7.198154E-02 7.205104E-02 .0720501 7.203949E-02 7.203666E-02 7.202791E-02 7.201851E-02 7.201364E-02 7.200594E-02 7.200467E-02 7.200221E-02 7.200094E-02 7.200169E-02 7.200067E-02 7.200022E-02 7.202817E-02 7.202251E-02 7.205043E-02 .072049 7.203427E-02 7.203552E-02 .072042
7.192398E-02 7.192723E-02 .0719264 7.193052E-02 7.192557E-02 7.191709E-02 7.191362E-02 7.192121E-02 7.194201E-02 7.194075E-02 7.193609E-02 7.193875E-02 7.192452E-02 7.192054E-02 7.191405E-02 7.191015E-02 7.192948E-02 .0719287 7.192741E-02 7.193124E-02 7.188931E-02 7.193666E-02 7.193689E-02 7.194275E-02 7.194792E-02 7.195392E-02 7.195518E-02 7.195827E-02 .0719584 7.196478E-02 7.197233E-02 7.203486E-02 7.204172E-02 .0720467 7.203563E-02 7.203225E-02 7.202753E-02 .0720247 7.201722E-02 .0720126 7.200411E-02 7.200117E-02 7.200123E-02 7.200526E-02 7.200473E-02 7.199853E-02 7.201932E-02 7.201827E-02 7.203896E-02 7.206147E-02 7.204109E-02 7.203939E-02 .0720403
7.192862E-02 7.193385E-02 7.193126E-02 7.193097E-02 7.192953E-02 7.192418E-02 .0719167 7.191201E-02 7.194726E-02 7.194266E-02 7.193951E-02 7.193904E-02 .0719213 7.191538E-02 7.190965E-02 7.190575E-02 7.190447E-02 7.190895E-02 7.187989E-02 7.188338E-02 7.193227E-02 7.193619E-02 7.194205E-02 7.194591E-02 7.194838E-02 7.195088E-02 7.195499E-02 7.195901E-02 7.196358E-02 7.202708E-02 7.202695E-02 7.203267E-02 7.203422E-02 7.203787E-02 7.203402E-02 7.203221E-02 7.202667E-02 7.202182E-02 7.202044E-02 7.201491E-02 7.201255E-02 7.200741E-02 .0720036 7.200254E-02 .0720048 7.200736E-02 7.200254E-02 .0720256 7.202572E-02 7.204308E-02 7.204361E-02 7.203511E-02 7.203044E-02
7.193202E-02 7.193727E-02 7.193813E-02 7.193447E-02 7.193275E-02 7.193187E-02 7.192317E-02 7.191577E-02 7.195116E-02 7.194509E-02 7.193743E-02 7.193843E-02 7.191696E-02 7.191272E-02 7.190976E-02 7.190952E-02 .0718606 7.186216E-02 7.186589E-02 7.188865E-02 7.193536E-02 7.193474E-02 7.194158E-02 7.194313E-02 7.194544E-02 7.195058E-02 7.195533E-02 7.195934E-02 7.202491E-02 7.202622E-02 7.202594E-02 7.202706E-02 7.203194E-02 7.203386E-02 7.202633E-02 7.203214E-02 7.202413E-02 7.202165E-02 7.202199E-02 7.202418E-02 7.201814E-02 7.201862E-02 7.200944E-02 7.200936E-02 7.200996E-02 7.200907E-02 7.200358E-02 .0720282 7.202535E-02 7.202814E-02 7.203297E-02 7.203192E-02 7.202854E-02
7.193182E-02 7.193939E-02 7.194076E-02 7.194004E-02 7.193581E-02 7.193175E-02 7.193091E-02 .0719209 7.195356E-02 .0719485 7.194066E-02 7.193787E-02 7.191867E-02 7.191788E-02 .0718701 7.187209E-02 7.187167E-02 7.186935E-02 7.186627E-02 7.186708E-02 7.192826E-02 7.193214E-02 7.193523E-02 7.194106E-02 7.194342E-02 7.194844E-02 7.195485E-02 7.201861E-02 7.202616E-02 7.202634E-02 7.202566E-02 7.202507E-02 7.202613E-02 7.203183E-02 7.202185E-02 .0720237 7.202642E-02 .072027 7.203296E-02 7.203524E-02 7.203065E-02 7.202192E-02 .072017 7.201054E-02 7.201006E-02 7.200989E-02 7.199893E-02 7.202122E-02 7.201923E-02 7.201385E-02 7.201352E-02 7.203159E-02 7.203217E-02
7.192919E-02 7.193708E-02 7.193889E-02 .0719379 7.193363E-02 7.192749E-02 7.192502E-02 7.192288E-02 7.195308E-02 7.194886E-02 7.194496E-02 7.190076E-02 7.188378E-02 7.188253E-02 7.187998E-02 7.187864E-02 7.187529E-02 7.187045E-02 7.186566E-02 7.186381E-02 7.190501E-02 7.190758E-02 7.192965E-02 7.193463E-02 7.194228E-02 7.200839E-02 7.201549E-02 7.201826E-02 7.202538E-02 7.202592E-02 7.202654E-02 7.202455E-02 7.202408E-02 7.202502E-02 7.202659E-02 7.203434E-02 7.203426E-02 7.203867E-02 7.203103E-02 7.203145E-02 7.203028E-02 7.202951E-02 7.202268E-02 7.201292E-02 7.200623E-02 7.200453E-02 7.199999E-02 7.202336E-02 7.201485E-02 .0719998 7.201441E-02 7.201608E-02 7.203388E-02
7.191059E-02 7.193443E-02 7.193412E-02 7.193152E-02 7.192905E-02 7.192534E-02 7.192057E-02 7.191518E-02 7.191403E-02 7.190428E-02 7.190501E-02 .0719082 7.189038E-02 7.188544E-02 7.188138E-02 .071876 7.187442E-02 7.186897E-02 .0718657 .0718568 .0718992 7.190511E-02 7.190993E-02 7.193394E-02 7.200295E-02 .0720113 7.201473E-02 7.201798E-02 7.202432E-02 7.202512E-02 7.202291E-02 7.203216E-02 7.203788E-02 7.203869E-02 7.203683E-02 7.203153E-02 7.202743E-02 7.202626E-02 7.203151E-02 7.203209E-02 7.202776E-02 .0720234 .0720223 7.201781E-02 7.201397E-02 7.200802E-02 7.200147E-02 7.199983E-02 7.201913E-02 7.200143E-02 7.201546E-02 7.201666E-02 7.203433E-02
