inputs/Middelgrunden/Resource grid 1   Sector 1   Height 64m   Sector frequency.grd
DSAA
 111           201 
 728800        731000
 6176000       6180000
 6.254308E-02  6.349213E-02
[rows 69 to 91 of 201, columns 53 to 105 of 111]
6.288995E-02 6.287651E-02 6.287575E-02 6.285916E-02 6.285772E-02 6.285251E-02 6.284837E-02 6.284628E-02 6.283951E-02 6.282526E-02 6.281307E-02 6.280546E-02 .062801 6.279594E-02 6.279063E-02 6.278683E-02 6.278376E-02 6.277604E-02 6.282531E-02 6.282154E-02 .0628361 .0628342 6.283244E-02 6.282628E-02 6.282391E-02 6.282227E-02 6.282166E-02 6.282103E-02 6.281491E-02 6.283128E-02 6.282659E-02 6.282236E-02 6.280798E-02 6.280112E-02 6.278154E-02 6.275597E-02 6.275028E-02 6.274606E-02 6.274351E-02 6.274024E-02 6.273653E-02 6.272709E-02 .0627183 6.271049E-02 6.270392E-02 6.270067E-02 6.269667E-02 6.269366E-02 6.269292E-02 6.278064E-02 6.278493E-02 6.278074E-02 6.278233E-02
6.288812E-02 6.287735E-02 .0628745 6.285551E-02 6.285173E-02 .0628483 6.283814E-02 6.283541E-02 6.282796E-02 6.281912E-02 6.281055E-02 6.280261E-02 6.279404E-02 6.278717E-02 6.278378E-02 6.278332E-02 .062783 6.277481E-02 .0628256 6.282154E-02 6.281831E-02 6.283216E-02 6.283003E-02 6.282309E-02 6.281924E-02 6.281725E-02 .0628185 6.281753E-02 6.281059E-02 6.282887E-02 6.282453E-02 6.281881E-02 .0628031 6.279738E-02 6.277639E-02 .0627497 6.274379E-02 6.273862E-02 6.273446E-02 6.272976E-02 6.272521E-02 6.271848E-02 6.271139E-02 6.270552E-02 6.270069E-02 6.269775E-02 6.269512E-02 6.269246E-02 6.273483E-02 6.278197E-02 6.278509E-02 6.278056E-02 6.278139E-02
6.288405E-02 6.287459E-02 6.286704E-02 6.284577E-02 6.284222E-02 6.283626E-02 6.283055E-02 6.283142E-02 6.282374E-02 6.281646E-02 6.280936E-02 .0628005 6.279216E-02 6.278487E-02 6.278047E-02 .0627794 .0627817 6.277409E-02 6.282631E-02 6.282183E-02 6.281739E-02 .0628148 6.282436E-02 6.282254E-02 6.281981E-02 6.281805E-02 .062817 6.281331E-02 6.280477E-02 6.280728E-02 6.281742E-02 6.281318E-02 .0627943 6.278694E-02 6.276581E-02 6.274088E-02 6.273596E-02 6.273095E-02 6.272662E-02 .0627226 .0627192 6.271423E-02 6.270839E-02 6.270302E-02 6.269889E-02 6.269567E-02 6.269335E-02 6.273538E-02 6.273565E-02 6.278315E-02 6.278759E-02 6.278481E-02 6.278417E-02
6.287625E-02 6.286502E-02 6.286125E-02 6.284399E-02 6.283905E-02 6.283454E-02 6.282378E-02 .0628248 6.281967E-02 6.281339E-02 6.280506E-02 .062797 6.279004E-02 6.278313E-02 6.277841E-02 .0627782 6.277862E-02 6.277062E-02 6.282438E-02 6.282261E-02 6.281949E-02 6.281655E-02 6.280973E-02 6.282477E-02 6.282201E-02 6.281934E-02 6.281516E-02 6.280916E-02 6.279697E-02 6.279466E-02 6.280273E-02 6.280126E-02 6.278563E-02 6.277877E-02 6.276045E-02 6.275371E-02 6.272737E-02 6.272326E-02 6.271873E-02 6.271148E-02 6.271441E-02 6.271099E-02 .0627059 6.270183E-02 6.269813E-02 6.269614E-02 6.273458E-02 6.273485E-02 6.273705E-02 6.278718E-02 6.279093E-02 6.278951E-02 6.278483E-02
6.286986E-02 6.287169E-02 6.285377E-02 .0628397 6.283575E-02 6.283146E-02 6.282125E-02 6.282029E-02 6.281504E-02 6.280874E-02 6.280192E-02 6.279494E-02 6.278964E-02 6.278466E-02 .06278 6.277797E-02 .0627783 6.277212E-02 6.282318E-02 6.282084E-02 6.282082E-02 6.281512E-02 6.281211E-02 .062808 6.281714E-02 6.281258E-02 6.280778E-02 6.280249E-02 6.279159E-02 6.279074E-02 6.278283E-02 6.279253E-02 6.278788E-02 6.277356E-02 6.275423E-02 6.274673E-02 6.272361E-02 6.271831E-02 6.271429E-02 6.270973E-02 6.271252E-02 6.270823E-02 6.270602E-02 6.270199E-02 6.269875E-02 6.273866E-02 .0627358 6.273601E-02 6.273793E-02 6.278753E-02 6.279055E-02 6.278997E-02 6.278624E-02
6.287855E-02 6.286614E-02 6.284758E-02 6.282958E-02 6.282748E-02 6.282371E-02 6.281782E-02 6.281665E-02 6.281181E-02 6.280541E-02 6.280109E-02 6.279537E-02 6.279173E-02 6.278659E-02 6.278212E-02 6.277886E-02 6.277757E-02 6.277175E-02 6.282368E-02 6.282041E-02 6.281883E-02 6.281064E-02 6.280752E-02 6.280239E-02 6.281456E-02 .062809 .0628038 6.279901E-02 6.278862E-02 6.278796E-02 6.277996E-02 6.278707E-02 6.278003E-02 6.276385E-02 6.274608E-02 6.274053E-02 6.273718E-02 6.271417E-02 6.271213E-02 6.270711E-02 6.271222E-02 6.270888E-02 6.270638E-02 6.274494E-02 .0627428 6.274046E-02 6.273623E-02 6.273522E-02 6.273657E-02 6.278732E-02 6.279018E-02 6.279059E-02 6.278703E-02
6.287428E-02 6.285942E-02 6.284174E-02 6.282216E-02 6.282084E-02 6.281982E-02 6.281027E-02 6.280917E-02 6.280471E-02 6.280049E-02 6.280004E-02 6.279738E-02 6.279217E-02 6.278775E-02 .062783 6.277891E-02 6.277438E-02 6.276787E-02 6.282015E-02 6.282027E-02 6.281334E-02 6.280918E-02 6.280392E-02 6.279825E-02 6.279331E-02 6.280517E-02 6.280102E-02 6.279591E-02 6.278519E-02 6.278307E-02 .0627746 6.276716E-02 6.277624E-02 .0627613 6.274069E-02 6.273527E-02 .0627331 6.271189E-02 6.271227E-02 6.270772E-02 6.271242E-02 6.271023E-02 6.275051E-02 6.274758E-02 6.274359E-02 6.274066E-02 6.273635E-02 6.273533E-02 6.273784E-02 6.279052E-02 6.278764E-02 6.279008E-02 6.278583E-02
6.286829E-02 6.285491E-02 6.285079E-02 6.281874E-02 6.281517E-02 6.281293E-02 6.280617E-02 6.280681E-02 6.280559E-02 6.280263E-02 6.279633E-02 6.278984E-02 6.278542E-02 6.278465E-02 6.277996E-02 6.278037E-02 .0627787 6.281897E-02 6.282366E-02 6.282141E-02 6.281337E-02 6.280866E-02 6.280237E-02 6.279705E-02 6.279028E-02 6.278467E-02 .0627975 6.279096E-02 6.277948E-02 6.277902E-02 6.277135E-02 .0627635 6.277081E-02 6.275585E-02 .0627365 6.273136E-02 .0627318 6.271156E-02 6.271207E-02 6.270871E-02 6.271408E-02 6.275343E-02 6.275184E-02 .0627483 6.274433E-02 6.274216E-02 6.273853E-02 6.273836E-02 6.273951E-02 6.278862E-02 6.278633E-02 .0627881 .062783
6.286253E-02 6.285004E-02 6.284707E-02 6.281441E-02 6.281159E-02 6.281105E-02 6.280305E-02 6.280293E-02 6.280198E-02 6.279677E-02 6.279353E-02 6.278851E-02 .0627849 6.278308E-02 6.278098E-02 6.278013E-02 6.278107E-02 6.282356E-02 6.282803E-02 6.281792E-02 6.281257E-02 6.280716E-02 6.280173E-02 6.279603E-02 6.278975E-02 .0627808 6.277363E-02 6.278314E-02 6.277315E-02 6.277304E-02 6.276501E-02 6.275799E-02 .0627533 6.276342E-02 6.273694E-02 6.273136E-02 6.273286E-02 6.273201E-02 6.271329E-02 6.270852E-02 6.275674E-02 6.275335E-02 6.275158E-02 .0627493 6.274652E-02 6.274403E-02 6.274007E-02 6.273834E-02 6.273861E-02 6.278901E-02 6.278639E-02 6.278671E-02 6.277846E-02
6.285948E-02 6.284695E-02 6.284127E-02 6.280827E-02 6.280634E-02 6.280607E-02 6.279943E-02 6.279938E-02 6.279895E-02 6.279597E-02 6.279368E-02 6.278996E-02 .0627867 6.278492E-02 6.278197E-02 6.278196E-02 6.277991E-02 6.281938E-02 6.282031E-02 .0628143 6.281116E-02 6.280513E-02 6.279895E-02 6.279141E-02 6.278366E-02 6.277443E-02 6.276791E-02 6.276447E-02 6.276912E-02 6.276796E-02 6.276286E-02 6.275789E-02 .0627538 6.276582E-02 6.273865E-02 6.273261E-02 6.273325E-02 6.273385E-02 6.271398E-02 6.275131E-02 6.275728E-02 6.275412E-02 6.275126E-02 6.274921E-02 6.274676E-02 6.274313E-02 6.273939E-02 6.273768E-02 6.273837E-02 .0627884 6.278356E-02 6.278218E-02 6.277392E-02
6.285094E-02 6.283762E-02 6.282342E-02 6.282306E-02 6.280653E-02 6.280757E-02 .0628019 6.280036E-02 6.280011E-02 6.279493E-02 6.279277E-02 6.279068E-02 6.278674E-02 6.278427E-02 6.278072E-02 6.278017E-02 6.277626E-02 6.281423E-02 6.281018E-02 6.280905E-02 6.280459E-02 6.279869E-02 6.279015E-02 6.278709E-02 6.277985E-02 6.277234E-02 .0627663 6.276026E-02 6.275125E-02 .0627677 6.276184E-02 6.275747E-02 .0627546 6.275027E-02 6.273896E-02 6.273544E-02 6.273482E-02 6.277765E-02 .0627574 6.275358E-02 6.275851E-02 .0627555 6.275169E-02 6.274769E-02 6.274536E-02 6.274351E-02 6.273917E-02 6.273695E-02 6.273697E-02 6.278608E-02 6.278226E-02 6.278008E-02 6.277201E-02
6.284871E-02 6.284657E-02 6.282254E-02 6.282407E-02 .0628073 6.280905E-02 6.280345E-02 6.280158E-02 6.280367E-02 6.279681E-02 6.279081E-02 6.278858E-02 6.278513E-02 6.278297E-02 6.277785E-02 6.277448E-02 6.277001E-02 6.281104E-02 6.280818E-02 .0628062 .0627984 6.279168E-02 6.278572E-02 6.277985E-02 6.277407E-02 6.276567E-02 6.276441E-02 6.275945E-02 .0627512 6.276747E-02 6.276239E-02 6.275677E-02 6.275211E-02 6.274878E-02 6.273988E-02 6.273723E-02 6.277946E-02 6.277791E-02 6.277929E-02 6.275555E-02 6.275859E-02 6.275459E-02 6.275052E-02 6.274763E-02 .0627455 6.274238E-02 6.273624E-02 6.273317E-02 6.273207E-02 .0627812 6.278088E-02 6.277753E-02 6.277143E-02
6.284901E-02 6.284843E-02 6.282399E-02 6.282272E-02 6.280389E-02 6.280608E-02 6.280234E-02 6.279993E-02 6.280287E-02 6.279871E-02 6.279356E-02 6.279031E-02 6.278425E-02 6.277896E-02 6.277359E-02 6.277091E-02 6.276721E-02 6.280001E-02 6.280246E-02 6.280145E-02 6.279521E-02 6.278459E-02 .062778 .0627723 6.276858E-02 6.276278E-02 6.275893E-02 6.275568E-02 6.274713E-02 .0627467 6.276246E-02 6.275731E-02 6.275371E-02 6.275134E-02 6.273658E-02 6.278195E-02 6.278344E-02 6.278086E-02 6.277613E-02 .0627548 6.275737E-02 6.275442E-02 6.275125E-02 6.274801E-02 6.274367E-02 6.273718E-02 .0627335 6.272844E-02 6.272814E-02 6.277504E-02 6.277978E-02 6.277611E-02 6.277088E-02
6.285085E-02 6.284816E-02 6.282364E-02 6.282308E-02 6.280418E-02 6.280367E-02 .0628007 .0627989 6.280349E-02 6.280094E-02 6.279659E-02 6.279011E-02 6.278352E-02 6.277788E-02 6.277048E-02 .0627675 6.276125E-02 6.279298E-02 6.279342E-02 6.279299E-02 6.278812E-02 6.277898E-02 6.277387E-02 6.277012E-02 6.276602E-02 6.276122E-02 6.275839E-02 6.275704E-02 6.275021E-02 6.275017E-02 6.274388E-02 6.275648E-02 6.275509E-02 6.275643E-02 6.278366E-02 .0627851 .0627853 6.278306E-02 6.277569E-02 6.275553E-02 6.275809E-02 6.275553E-02 6.275006E-02 6.274471E-02 6.273983E-02 6.273368E-02 6.272826E-02 6.272251E-02 6.272529E-02 6.277458E-02 6.277902E-02 6.277217E-02 6.276175E-02
6.285421E-02 6.285181E-02 6.282827E-02 6.282561E-02 6.282432E-02 6.280445E-02 6.280049E-02 .062798 6.280231E-02 6.279966E-02 6.279555E-02 .0627887 6.278226E-02 6.277434E-02 6.276505E-02 6.275956E-02 6.274991E-02 6.278545E-02 6.278568E-02 6.278726E-02 6.278408E-02 6.277913E-02 6.277386E-02 6.277109E-02 6.276777E-02 6.276384E-02 6.276108E-02 6.275921E-02 .062755 6.275588E-02 6.274948E-02 6.274642E-02 6.276005E-02 .0628003 6.278248E-02 .0627689 6.278642E-02 6.278484E-02 6.277733E-02 .0627749 6.275684E-02 6.275216E-02 6.274692E-02 6.274126E-02 6.273533E-02 6.272772E-02 6.272456E-02 6.272361E-02 6.272414E-02 6.277063E-02 6.277128E-02 6.276661E-02 6.275624E-02
6.285606E-02 6.285653E-02 6.283093E-02 6.282756E-02 6.282464E-02 .0628047 6.280104E-02 6.279615E-02 6.279693E-02 .062795 6.279042E-02 6.278275E-02 6.277369E-02 6.276807E-02 6.275985E-02 6.275413E-02 6.274392E-02 6.278082E-02 6.278226E-02 6.278687E-02 6.278467E-02 6.278024E-02 6.277624E-02 6.277435E-02 6.277145E-02 6.276807E-02 6.276677E-02 6.276304E-02 6.275927E-02 6.276142E-02 6.275631E-02 6.275118E-02 6.279175E-02 6.280357E-02 6.278504E-02 6.277151E-02 6.278677E-02 6.278465E-02 6.277598E-02 6.277189E-02 6.275271E-02 6.274714E-02 6.274166E-02 6.273469E-02 6.273115E-02 6.272771E-02 6.272367E-02 6.272005E-02 6.276452E-02 6.276636E-02 6.276971E-02 6.276496E-02 6.275639E-02
6.285661E-02 6.285378E-02 .0628292 6.282785E-02 6.282621E-02 6.280505E-02 .0628003 6.279406E-02 6.279185E-02 6.278836E-02 6.278109E-02 6.277472E-02 6.276888E-02 6.276387E-02 6.275647E-02 6.274759E-02 6.278719E-02 6.277967E-02 6.278277E-02 6.278928E-02 .0627881 6.278371E-02 .0627813 6.277979E-02 6.277596E-02 6.277317E-02 6.277104E-02 6.276835E-02 6.276448E-02 .0627641 6.280282E-02 6.279752E-02 6.279357E-02 6.278965E-02 6.278776E-02 6.278248E-02 6.277116E-02 6.278264E-02 6.277449E-02 6.277458E-02 6.276754E-02 6.274023E-02 6.273539E-02 6.273197E-02 .062728 6.272232E-02 6.272017E-02 6.271833E-02 6.276459E-02 6.276482E-02 6.276841E-02 6.275991E-02 6.275541E-02
6.283684E-02 6.283467E-02 6.283687E-02 6.282647E-02 6.282441E-02 6.282165E-02 6.279837E-02 .0627895 6.278599E-02 6.278177E-02 6.277356E-02 6.276848E-02 6.276151E-02 6.275818E-02 .0627519 6.274347E-02 6.278737E-02 6.278172E-02 6.278554E-02 6.279184E-02 6.278986E-02 6.278746E-02 6.278598E-02 6.278345E-02 6.278107E-02 6.277677E-02 6.277476E-02 .0627694 6.276813E-02 6.281038E-02 6.280285E-02 6.279721E-02 6.279349E-02 6.278982E-02 6.278701E-02 6.278048E-02 6.276856E-02 6.277894E-02 .0627701 6.277066E-02 .0627639 6.273834E-02 6.273086E-02 .0627251 .062723 6.271996E-02 6.271866E-02 6.271702E-02 .0627604 6.276354E-02 6.276724E-02 6.275789E-02 6.275328E-02
6.283483E-02 6.283316E-02 6.281603E-02 6.280512E-02 6.282329E-02 6.281772E-02 6.279194E-02 6.278309E-02 6.277922E-02 6.277619E-02 6.276771E-02 6.276086E-02 6.275537E-02 6.275028E-02 6.274343E-02 6.274321E-02 6.278753E-02 6.278286E-02 6.278609E-02 6.279543E-02 6.279378E-02 6.279085E-02 6.279006E-02 6.278776E-02 6.278311E-02 6.277905E-02 6.277774E-02 6.277087E-02 6.281346E-02 .0628114 .0628043 6.279782E-02 6.279228E-02 6.278606E-02 6.276689E-02 .0627759 6.276345E-02 6.276047E-02 6.276784E-02 6.276778E-02 6.275696E-02 6.273274E-02 6.272955E-02 6.272499E-02 6.272175E-02 6.271882E-02 6.271583E-02 6.271484E-02 6.275722E-02 6.276245E-02 6.276093E-02 6.272254E-02 .0627186
6.283317E-02 6.283225E-02 6.281568E-02 6.280168E-02 6.279639E-02 .0627936 6.278642E-02 6.277797E-02 6.277289E-02 6.277042E-02 6.276264E-02 6.275532E-02 6.275173E-02 6.274936E-02 .0627446 6.274331E-02 6.278813E-02 .0627851 6.278875E-02 6.279975E-02 6.279901E-02 6.279485E-02 6.279197E-02 6.278875E-02 6.278335E-02 .0627787 .0627765 6.281342E-02 6.281176E-02 6.281244E-02 6.280449E-02 6.279767E-02 6.279066E-02 6.278259E-02 6.276164E-02 6.275409E-02 6.275961E-02 .062755 6.275865E-02 .0627618 .0627562 6.275156E-02 6.272949E-02 6.272522E-02 6.272056E-02 6.271718E-02 6.271411E-02 6.271309E-02 6.275608E-02 6.272446E-02 6.272548E-02 6.272306E-02 .0627188
6.283318E-02 6.282973E-02 6.280987E-02 6.279466E-02 6.279021E-02 6.278522E-02 .06278 6.277005E-02 6.276631E-02 .0627657 6.275867E-02 6.275403E-02 .0627501 6.274413E-02 6.274302E-02 6.274442E-02 6.278983E-02 6.278601E-02 6.278951E-02 6.279987E-02 6.279931E-02 6.279655E-02 6.279337E-02 .06279 6.278327E-02 6.277802E-02 6.281959E-02 6.281207E-02 6.281032E-02 6.280972E-02 6.280252E-02 6.279378E-02 6.278536E-02 6.277824E-02 6.275752E-02 .0627475 6.273355E-02 .0627435 6.274187E-02 .0627614 6.275687E-02 .0627523 6.272948E-02 6.272595E-02 .0627207 .0627166 6.271394E-02 6.268036E-02 6.272385E-02 6.272849E-02 6.272769E-02 6.272448E-02 6.272111E-02
6.282745E-02 6.282303E-02 6.280401E-02 6.278929E-02 6.278174E-02 6.277504E-02 6.277368E-02 6.274371E-02 6.274028E-02 6.276058E-02 .0627552 6.275053E-02 6.274839E-02 .0627427 6.274167E-02 6.274429E-02 6.279025E-02 6.278618E-02 6.278992E-02 6.279991E-02 6.279862E-02 6.279556E-02 6.279337E-02 6.278851E-02 6.282708E-02 6.281941E-02 6.281467E-02 6.280688E-02 6.280395E-02 .0628043 6.279623E-02 6.278727E-02 6.278031E-02 6.277139E-02 6.275013E-02 6.274332E-02 .0627411 .0627266 6.274172E-02 6.276101E-02 6.275711E-02 6.275254E-02 6.272906E-02 6.272656E-02 6.272228E-02 6.268548E-02 6.268347E-02 .0626838 6.272296E-02 6.273112E-02 6.273095E-02 6.272611E-02 6.271894E-02
6.280427E-02 6.281336E-02 6.279413E-02 6.278792E-02 .0627725 6.276584E-02 6.276171E-02 6.273624E-02 6.273329E-02 6.273662E-02 6.273436E-02 6.275007E-02 6.274385E-02 6.274356E-02 6.274217E-02 .0627417 6.278701E-02 .062783 .0627875 6.279595E-02 6.279372E-02 6.279084E-02 6.279003E-02 6.283028E-02 6.282392E-02 6.281504E-02 6.281057E-02 6.280123E-02 6.279644E-02 6.279585E-02 .0627884 6.277901E-02 6.277449E-02 6.276879E-02 6.274788E-02 6.274424E-02 6.274284E-02 6.272724E-02 6.272635E-02 6.274612E-02 6.275582E-02 6.275193E-02 6.274746E-02 6.269588E-02 6.269264E-02 6.269091E-02 6.268866E-02 6.268779E-02 6.272759E-02 6.273346E-02 6.272879E-02 6.272329E-02 6.271651E-02
