inputs/Middelgrunden/Resource grid 1   Sector 12   Height 64m   Sector frequency.grd
DSAA
 111           201 
 728800        731000
 6176000       6180000
 5.494025E-02  5.575248E-02
[rows 23 to 45 of 201, columns 53 to 105 of 111]
5.555185E-02 5.555364E-02 5.555009E-02 5.555315E-02 5.555214E-02 5.555414E-02 5.554822E-02 5.554472E-02 5.559456E-02 5.559121E-02 5.558673E-02 5.558078E-02 5.557737E-02 5.557321E-02 5.556741E-02 5.556362E-02 5.556014E-02 5.555556E-02 5.553452E-02 5.553121E-02 5.552768E-02 5.551964E-02 5.551625E-02 5.550646E-02 5.554832E-02 .055549 5.554756E-02 5.554739E-02 5.554484E-02 5.553935E-02 5.553643E-02 5.553375E-02 5.554502E-02 5.557863E-02 5.557091E-02 5.556893E-02 5.556994E-02 5.556615E-02 5.556276E-02 5.556037E-02 5.555655E-02 5.555609E-02 5.556885E-02 5.556559E-02 5.555932E-02 5.555346E-02 5.560049E-02 5.559945E-02 5.559764E-02 5.559441E-02 5.559029E-02 5.556953E-02 5.560975E-02
5.554768E-02 .0555474 5.554859E-02 5.554926E-02 5.554724E-02 .0555454 5.554383E-02 5.554315E-02 5.559187E-02 .0555862 .0555803 5.557588E-02 .0555732 5.556817E-02 5.556528E-02 5.556172E-02 5.555541E-02 5.555101E-02 5.553024E-02 5.552723E-02 5.552408E-02 5.551188E-02 5.550311E-02 5.550662E-02 5.555026E-02 5.554654E-02 5.554497E-02 5.554441E-02 5.554044E-02 5.553566E-02 5.553109E-02 5.552697E-02 5.555944E-02 5.558084E-02 5.556565E-02 5.556361E-02 5.556627E-02 5.556543E-02 5.556149E-02 5.555836E-02 5.555598E-02 5.555324E-02 .0555522 5.556025E-02 5.555806E-02 5.555556E-02 5.560197E-02 .0555984 5.559288E-02 5.558833E-02 5.558065E-02 5.556192E-02 5.560433E-02
5.554145E-02 5.554447E-02 5.554148E-02 5.554266E-02 5.554195E-02 5.554153E-02 5.552678E-02 5.558729E-02 .0555869 5.557973E-02 5.557658E-02 5.557139E-02 5.557118E-02 5.556758E-02 5.556256E-02 5.555822E-02 5.555395E-02 5.554972E-02 .0555466 5.552219E-02 5.552023E-02 5.550892E-02 5.549977E-02 5.554579E-02 5.554696E-02 5.554479E-02 5.554049E-02 5.553875E-02 5.553325E-02 5.552674E-02 5.552387E-02 5.555706E-02 5.556084E-02 5.556095E-02 5.556215E-02 5.556208E-02 5.556456E-02 5.556392E-02 5.556056E-02 .0555576 5.555518E-02 5.555224E-02 5.554777E-02 5.555882E-02 5.555466E-02 5.560063E-02 .0555981 5.559411E-02 5.558724E-02 5.558175E-02 5.557523E-02 5.555134E-02 5.560163E-02
5.553875E-02 5.553758E-02 5.553484E-02 5.553695E-02 5.553519E-02 5.553488E-02 5.552164E-02 .0555778 .0555796 5.557707E-02 5.557331E-02 5.556829E-02 5.556934E-02 .0555646 5.555924E-02 5.555504E-02 5.554996E-02 5.554391E-02 5.554115E-02 5.551987E-02 5.551784E-02 5.550806E-02 5.549667E-02 5.554266E-02 5.553906E-02 5.553917E-02 5.553904E-02 5.553394E-02 5.552797E-02 5.552287E-02 .0555551 5.555382E-02 5.555914E-02 5.555812E-02 5.554293E-02 5.555881E-02 5.556113E-02 5.556192E-02 5.556102E-02 5.555753E-02 5.555467E-02 5.554953E-02 5.554686E-02 5.554141E-02 5.554749E-02 5.559425E-02 5.558925E-02 5.558493E-02 5.558326E-02 5.557924E-02 5.557063E-02 5.556602E-02 .0555987
5.553231E-02 5.553367E-02 5.553156E-02 5.553254E-02 5.553134E-02 5.552864E-02 .0555145 5.556591E-02 5.556916E-02 5.556835E-02 5.556829E-02 5.556661E-02 5.556352E-02 5.555845E-02 5.555342E-02 5.554906E-02 5.554361E-02 5.553988E-02 5.553891E-02 5.551861E-02 .0555163 5.550577E-02 5.549531E-02 .0555393 5.553403E-02 5.553342E-02 5.553208E-02 5.552993E-02 5.552609E-02 5.555624E-02 5.555591E-02 5.555948E-02 .0555569 5.555755E-02 .0555439 5.554307E-02 5.556054E-02 5.555942E-02 5.555874E-02 5.555533E-02 5.555047E-02 5.554374E-02 5.553945E-02 5.553369E-02 5.559098E-02 5.558798E-02 5.558362E-02 5.557995E-02 5.557576E-02 5.557377E-02 5.556902E-02 5.556623E-02 5.559738E-02
5.553172E-02 5.553261E-02 5.553019E-02 5.553153E-02 5.552584E-02 5.551009E-02 5.556043E-02 5.555747E-02 5.556163E-02 5.556382E-02 5.556129E-02 5.556327E-02 5.555902E-02 .0555526 5.554653E-02 5.554302E-02 5.553973E-02 5.553804E-02 5.553707E-02 5.553499E-02 5.550481E-02 5.550351E-02 5.548976E-02 5.553509E-02 5.553112E-02 5.552879E-02 .0555259 5.552416E-02 5.555841E-02 5.555888E-02 5.556392E-02 5.555935E-02 5.555618E-02 5.555739E-02 5.554326E-02 5.554169E-02 5.554286E-02 5.555582E-02 5.555355E-02 5.554799E-02 5.554288E-02 5.553758E-02 5.553422E-02 5.553008E-02 5.557419E-02 5.558237E-02 5.557732E-02 5.557409E-02 5.557101E-02 5.556767E-02 .0555652 5.556412E-02 5.561688E-02
5.552505E-02 5.552518E-02 5.552396E-02 5.553036E-02 5.552844E-02 5.551202E-02 5.555929E-02 5.555587E-02 5.554853E-02 5.555926E-02 .0555564 5.555715E-02 5.555179E-02 5.554992E-02 5.554552E-02 5.554097E-02 5.553772E-02 .0555344 5.553438E-02 5.553202E-02 5.549853E-02 5.549605E-02 5.548451E-02 5.552967E-02 5.552298E-02 5.552341E-02 5.552251E-02 5.555643E-02 5.555569E-02 5.555972E-02 5.556016E-02 5.555839E-02 5.555429E-02 5.555522E-02 5.554124E-02 .0555392 .0555388 5.553413E-02 5.554858E-02 .0555418 5.553844E-02 5.553461E-02 5.553162E-02 5.557647E-02 5.557232E-02 .0555666 .0555739 .0555696 5.556577E-02 5.556484E-02 5.556279E-02 5.553092E-02 5.557813E-02
5.552494E-02 5.552465E-02 5.552256E-02 5.552685E-02 5.552671E-02 5.555888E-02 5.555461E-02 5.555129E-02 5.555076E-02 5.555817E-02 5.555619E-02 .0555578 5.554649E-02 5.554377E-02 5.554129E-02 5.553893E-02 5.553355E-02 .055531 5.552931E-02 .0555177 5.549567E-02 5.549173E-02 5.547843E-02 5.552312E-02 5.551997E-02 5.552213E-02 5.555795E-02 5.555497E-02 5.555164E-02 5.555733E-02 5.555648E-02 5.555513E-02 5.555609E-02 5.555792E-02 5.553806E-02 5.553274E-02 5.553104E-02 5.552899E-02 5.552704E-02 5.553807E-02 5.553299E-02 5.552779E-02 5.552398E-02 5.557141E-02 5.556779E-02 5.556276E-02 5.557147E-02 5.556539E-02 5.556326E-02 5.556079E-02 5.553181E-02 5.553043E-02 5.557779E-02
.0555028 5.552366E-02 5.552289E-02 5.552087E-02 5.551539E-02 5.555437E-02 5.555116E-02 5.554772E-02 5.554278E-02 5.554358E-02 5.555188E-02 5.555141E-02 5.554767E-02 5.554451E-02 5.554158E-02 5.554157E-02 5.553224E-02 5.552617E-02 5.552509E-02 5.551437E-02 5.551039E-02 5.548882E-02 5.548577E-02 .0555213 5.552068E-02 5.555758E-02 .0555571 5.555391E-02 5.555789E-02 5.555659E-02 5.555367E-02 5.555397E-02 5.555045E-02 5.555015E-02 5.553175E-02 5.552571E-02 5.552684E-02 5.552466E-02 5.552229E-02 5.551757E-02 5.552624E-02 5.552077E-02 5.556899E-02 5.556573E-02 5.556168E-02 5.555892E-02 5.555407E-02 .0555641 5.553475E-02 5.553163E-02 5.552957E-02 5.553045E-02 5.557622E-02
5.550171E-02 5.550076E-02 5.550215E-02 5.551534E-02 5.556284E-02 5.554877E-02 .0555453 5.554445E-02 .0555426 5.554187E-02 .0555509 .0555489 5.554425E-02 5.554145E-02 .0555372 5.553544E-02 5.553157E-02 5.552905E-02 5.551999E-02 5.551533E-02 5.551289E-02 5.548761E-02 5.548511E-02 5.552459E-02 5.555994E-02 5.555693E-02 5.555575E-02 5.556014E-02 5.555762E-02 5.555528E-02 5.554954E-02 5.554562E-02 .0555428 5.554169E-02 5.552513E-02 5.552602E-02 5.552521E-02 5.551868E-02 5.551202E-02 5.550897E-02 .0555206 5.551548E-02 5.556292E-02 5.556158E-02 5.555879E-02 .0555556 5.552258E-02 5.553358E-02 5.553351E-02 5.552974E-02 5.552481E-02 5.556675E-02 5.557072E-02
5.549404E-02 5.549504E-02 5.549385E-02 5.549456E-02 5.554539E-02 5.554172E-02 5.553825E-02 .0555397 5.553934E-02 .055537 5.554261E-02 5.554719E-02 5.554054E-02 5.553697E-02 5.553324E-02 5.553091E-02 .055528 5.552593E-02 5.552001E-02 5.551669E-02 5.551254E-02 5.551203E-02 5.549137E-02 5.556428E-02 5.556268E-02 5.555571E-02 5.556211E-02 5.555701E-02 5.555241E-02 5.554751E-02 5.554409E-02 5.554054E-02 5.553951E-02 5.553821E-02 5.552194E-02 5.552021E-02 5.551955E-02 5.551223E-02 5.550561E-02 5.550393E-02 5.550043E-02 5.556215E-02 5.555883E-02 5.555655E-02 5.552588E-02 5.552152E-02 5.552014E-02 .0555157 5.552584E-02 5.552445E-02 .0555224 5.556893E-02 5.557233E-02
5.548802E-02 5.548281E-02 5.548814E-02 5.548904E-02 5.553981E-02 5.552541E-02 5.552175E-02 5.553522E-02 5.553446E-02 5.553456E-02 5.553733E-02 5.554223E-02 5.553886E-02 5.553464E-02 5.553145E-02 5.553015E-02 5.552704E-02 5.551599E-02 .0555151 5.551462E-02 5.551403E-02 5.550952E-02 5.557049E-02 5.556187E-02 5.556075E-02 5.555679E-02 5.556136E-02 5.555534E-02 5.555092E-02 .0555417 5.553867E-02 5.553613E-02 5.553474E-02 5.553174E-02 5.551844E-02 5.551309E-02 5.551073E-02 5.550637E-02 5.550378E-02 5.550216E-02 5.549807E-02 5.554464E-02 5.555685E-02 5.552623E-02 5.552078E-02 5.551528E-02 5.551299E-02 5.551077E-02 5.552413E-02 5.552467E-02 5.552464E-02 5.556951E-02 .0555718
.0554806 5.547971E-02 5.548151E-02 5.553645E-02 5.553773E-02 5.552232E-02 5.552198E-02 5.552002E-02 5.551375E-02 5.552881E-02 5.553346E-02 5.553011E-02 5.553486E-02 .0555333 5.553026E-02 5.552848E-02 5.552486E-02 5.551372E-02 5.551578E-02 5.551461E-02 5.551262E-02 5.554739E-02 5.557118E-02 5.556696E-02 5.555423E-02 5.555679E-02 5.555497E-02 5.554932E-02 5.554424E-02 5.554102E-02 5.553913E-02 5.553588E-02 5.553411E-02 5.552757E-02 5.551192E-02 .0555066 5.550524E-02 5.550219E-02 5.549924E-02 5.549943E-02 .0555479 5.551334E-02 5.550701E-02 5.551893E-02 .0555159 .0555132 5.551116E-02 5.550874E-02 5.551016E-02 5.552404E-02 5.552426E-02 .0555695 5.557137E-02
5.547418E-02 5.547703E-02 5.547852E-02 5.553139E-02 5.552916E-02 5.551795E-02 5.551417E-02 5.551485E-02 5.551312E-02 5.550966E-02 5.551094E-02 5.552672E-02 5.553317E-02 5.553206E-02 5.552844E-02 5.552686E-02 5.551655E-02 5.551471E-02 .0555148 5.555268E-02 5.554717E-02 5.554267E-02 5.558502E-02 5.556365E-02 .0555581 .0555552 5.555026E-02 5.554406E-02 5.553976E-02 5.553559E-02 5.553475E-02 5.553137E-02 5.552782E-02 5.552629E-02 5.550753E-02 .0555043 5.550184E-02 5.550069E-02 5.549371E-02 5.545871E-02 5.550701E-02 5.550716E-02 5.550445E-02 5.550072E-02 5.551427E-02 5.551146E-02 5.550905E-02 5.550814E-02 5.550842E-02 5.550991E-02 5.552416E-02 5.556947E-02 5.557146E-02
5.547178E-02 5.547379E-02 5.552927E-02 5.552604E-02 5.552294E-02 5.550853E-02 5.550959E-02 5.550822E-02 5.550748E-02 5.551017E-02 5.550935E-02 5.550822E-02 5.550634E-02 5.552985E-02 5.552793E-02 5.552743E-02 5.551784E-02 5.551491E-02 5.554942E-02 5.554379E-02 5.553913E-02 5.553603E-02 5.557786E-02 5.556834E-02 5.555717E-02 5.554938E-02 5.554494E-02 5.553994E-02 5.553586E-02 5.553268E-02 5.553231E-02 5.552818E-02 5.552372E-02 5.552064E-02 5.550355E-02 5.550018E-02 5.549653E-02 5.546194E-02 5.546217E-02 5.551128E-02 5.551014E-02 .055509 5.550281E-02 5.550036E-02 5.549635E-02 5.550954E-02 5.550779E-02 5.550829E-02 .0555088 .0555104 .0555236 5.556996E-02 5.557076E-02
5.546701E-02 5.546712E-02 5.552043E-02 5.551725E-02 5.551534E-02 5.550193E-02 5.549898E-02 5.549959E-02 5.550124E-02 5.550691E-02 5.550845E-02 5.550628E-02 .0555035 5.551265E-02 5.551428E-02 .0555195 5.551427E-02 5.554891E-02 5.554235E-02 5.553896E-02 5.553544E-02 5.553277E-02 5.557428E-02 5.556291E-02 5.555018E-02 5.554764E-02 5.554266E-02 5.553579E-02 5.553283E-02 5.552922E-02 5.552698E-02 5.552412E-02 5.552086E-02 5.551531E-02 .0554958 5.549245E-02 5.546231E-02 5.545919E-02 5.545822E-02 5.550938E-02 5.550987E-02 5.550679E-02 5.550155E-02 5.550017E-02 .0555017 .0555001 5.550872E-02 5.550811E-02 5.550904E-02 5.551022E-02 5.551026E-02 5.556755E-02 5.556725E-02
5.546098E-02 5.551219E-02 5.551313E-02 5.551309E-02 5.551061E-02 .0554962 5.549352E-02 5.549384E-02 5.549736E-02 5.550354E-02 5.550192E-02 .0555049 5.550113E-02 5.550149E-02 5.551009E-02 5.550233E-02 5.553894E-02 .0555431 5.553937E-02 5.553535E-02 5.553313E-02 5.552886E-02 5.557839E-02 5.557651E-02 5.555497E-02 5.554281E-02 5.554174E-02 5.553898E-02 5.553169E-02 5.552698E-02 5.552252E-02 5.551666E-02 5.551127E-02 5.550934E-02 5.546428E-02 5.546087E-02 5.546078E-02 5.545832E-02 5.550822E-02 5.550628E-02 5.550734E-02 5.550385E-02 5.550102E-02 5.549964E-02 5.549891E-02 5.550043E-02 5.550042E-02 5.551395E-02 5.551355E-02 5.551419E-02 5.550854E-02 5.556466E-02 5.556289E-02
5.545984E-02 5.550867E-02 5.550887E-02 5.550895E-02 5.550914E-02 5.549299E-02 5.549115E-02 5.549211E-02 5.549595E-02 5.549752E-02 5.549955E-02 5.549989E-02 .0555011 5.549949E-02 5.549897E-02 5.553676E-02 .0555336 5.553146E-02 5.552898E-02 5.553351E-02 .0555301 .0555317 5.557256E-02 .0555729 5.555296E-02 5.554155E-02 5.553791E-02 5.553652E-02 5.552986E-02 5.551863E-02 5.551423E-02 5.551301E-02 5.547973E-02 5.547773E-02 5.546161E-02 5.546039E-02 5.546117E-02 .0554579 5.550631E-02 5.550461E-02 5.550252E-02 5.550271E-02 5.550198E-02 5.550013E-02 5.550013E-02 5.550006E-02 5.549996E-02 5.550177E-02 5.551551E-02 5.551226E-02 5.550686E-02 5.555032E-02 5.556163E-02
5.545613E-02 5.550768E-02 5.550769E-02 5.550627E-02 5.550465E-02 5.549067E-02 5.549102E-02 5.549138E-02 5.549519E-02 5.549268E-02 5.549031E-02 5.549575E-02 5.549583E-02 5.549696E-02 5.552514E-02 5.553462E-02 5.553118E-02 5.552646E-02 5.552607E-02 .0555251 5.552823E-02 5.552969E-02 5.557151E-02 5.557175E-02 5.557205E-02 5.553751E-02 5.553078E-02 5.552728E-02 5.552305E-02 5.551924E-02 5.551639E-02 5.548281E-02 5.547975E-02 5.547539E-02 5.546173E-02 5.545991E-02 5.546049E-02 5.550889E-02 .0555075 .0555066 .0555038 5.550311E-02 5.550182E-02 5.550148E-02 5.550291E-02 5.550198E-02 5.550126E-02 5.549712E-02 .0554962 5.550844E-02 5.550284E-02 5.554789E-02 .0555589
5.550594E-02 5.550583E-02 5.550695E-02 5.550538E-02 5.550379E-02 5.548995E-02 5.549082E-02 5.548695E-02 5.548892E-02 5.548712E-02 5.548777E-02 5.548985E-02 5.549184E-02 5.552052E-02 .0555211 5.553271E-02 5.552774E-02 .0555228 5.552139E-02 5.551701E-02 5.552636E-02 5.556747E-02 5.556452E-02 .0555639 5.556279E-02 5.553044E-02 5.552666E-02 5.552345E-02 .0555205 5.548541E-02 5.548631E-02 5.548382E-02 5.547849E-02 5.547404E-02 5.546059E-02 5.545814E-02 5.545877E-02 5.550998E-02 5.550962E-02 5.550681E-02 5.550531E-02 5.550585E-02 5.550378E-02 5.550285E-02 5.550189E-02 5.550078E-02 5.549815E-02 5.549553E-02 .0554925 5.548977E-02 5.550383E-02 5.554817E-02 .0555358
5.550639E-02 5.550361E-02 5.550664E-02 5.550812E-02 5.550291E-02 5.548751E-02 5.548432E-02 5.548472E-02 5.548768E-02 5.548654E-02 5.548456E-02 .055488 5.552547E-02 5.551718E-02 .0555156 5.551655E-02 5.552688E-02 .0555189 .0555182 5.552278E-02 5.551831E-02 5.556045E-02 5.555834E-02 5.555855E-02 5.555671E-02 5.553634E-02 5.552398E-02 5.549279E-02 5.548772E-02 5.548307E-02 5.548272E-02 5.548283E-02 5.547925E-02 5.547396E-02 5.546007E-02 5.545822E-02 5.551096E-02 5.551058E-02 5.550854E-02 .0555072 5.550537E-02 5.550564E-02 5.550327E-02 5.550223E-02 5.550152E-02 .055502 5.549799E-02 5.549617E-02 5.549254E-02 5.549032E-02 5.548651E-02 5.554681E-02 5.553637E-02
5.550474E-02 .0555063 5.550364E-02 .0555035 5.549971E-02 5.548213E-02 5.548112E-02 5.548266E-02 5.548566E-02 5.548453E-02 5.548289E-02 .055525 5.551574E-02 5.551219E-02 5.551062E-02 5.551009E-02 5.551962E-02 5.551486E-02 5.551565E-02 5.551537E-02 5.551299E-02 5.555438E-02 5.555366E-02 5.555427E-02 5.555272E-02 5.551928E-02 5.548687E-02 5.548744E-02 5.548487E-02 5.548036E-02 5.548054E-02 5.547824E-02 5.547418E-02 5.547336E-02 5.546005E-02 5.545624E-02 5.550966E-02 5.550747E-02 5.550517E-02 .0555044 5.550385E-02 5.550319E-02 .0555048 5.550274E-02 5.550088E-02 5.549865E-02 5.549666E-02 5.549299E-02 5.548895E-02 .0554858 5.548312E-02 5.551888E-02 5.552929E-02
5.550078E-02 5.550221E-02 5.550155E-02 5.550016E-02 5.548589E-02 5.548395E-02 5.547919E-02 5.548124E-02 5.548187E-02 5.548297E-02 5.552167E-02 5.551976E-02 5.551201E-02 .0555096 5.550411E-02 5.549895E-02 5.549954E-02 5.551877E-02 5.551996E-02 5.551508E-02 5.551052E-02 5.555115E-02 5.554922E-02 5.555154E-02 5.552091E-02 5.551762E-02 5.548353E-02 5.547984E-02 5.547675E-02 5.547915E-02 5.547987E-02 5.547585E-02 5.547379E-02 5.547186E-02 5.545825E-02 .0555082 5.550686E-02 5.550626E-02 5.550527E-02 5.550516E-02 5.550477E-02 5.550442E-02 5.550399E-02 5.550183E-02 5.549898E-02 5.549626E-02 5.549263E-02 5.548858E-02 5.548503E-02 5.548179E-02 5.547045E-02 5.551465E-02 5.551066E-02
