inputs/Middelgrunden/Resource grid 1   Sector 3   Height 64m   Sector frequency.grd
DSAA
 111           201 
 728800        731000
 6176000       6180000
 4.211514E-02  4.319508E-02
[rows 92 to 114 of 201, columns 0 to 52 of 111]
4.219148E-02 4.219572E-02 4.223235E-02 .0422333 4.223334E-02 4.223865E-02 4.224714E-02 4.225212E-02 4.225198E-02 4.225317E-02 4.225992E-02 4.226342E-02 .0422635 4.229823E-02 4.229884E-02 4.230119E-02 4.230276E-02 4.231028E-02 4.231102E-02 4.231155E-02 4.231291E-02 .0423109 4.229965E-02 4.229666E-02 4.228926E-02 4.228602E-02 4.230182E-02 .0422989 4.229696E-02 4.229562E-02 4.229777E-02 4.230041E-02 4.229946E-02 4.230138E-02 4.230351E-02 4.230494E-02 4.233554E-02 4.233623E-02 4.233808E-02 4.234023E-02 4.234496E-02 4.234778E-02 4.235024E-02 .0423486 4.234803E-02 4.234377E-02 4.233982E-02 4.233789E-02 4.233576E-02 4.233287E-02 4.233042E-02 4.232547E-02 4.232011E-02
4.219114E-02 4.219411E-02 4.222878E-02 4.223301E-02 4.223546E-02 4.223523E-02 4.224605E-02 4.225159E-02 4.225329E-02 4.225272E-02 4.225463E-02 4.226123E-02 4.229954E-02 4.230014E-02 4.230011E-02 4.230225E-02 4.229818E-02 4.230743E-02 4.231037E-02 .0423112 4.230922E-02 4.230678E-02 4.229592E-02 4.229395E-02 4.228845E-02 4.228323E-02 4.229653E-02 4.229419E-02 4.229352E-02 4.229172E-02 4.229128E-02 4.228853E-02 4.228831E-02 4.229124E-02 4.229746E-02 .0423011 4.233229E-02 4.233376E-02 4.233336E-02 4.233544E-02 4.233822E-02 4.234336E-02 4.234381E-02 4.234592E-02 4.234636E-02 4.234668E-02 4.233994E-02 .0423352 4.233008E-02 4.233059E-02 4.232681E-02 4.231974E-02 4.231287E-02
4.218982E-02 4.219132E-02 4.222424E-02 4.222896E-02 4.223275E-02 4.223448E-02 4.224161E-02 4.224486E-02 4.225004E-02 4.225124E-02 4.225323E-02 .0422991 .0422986 .0423012 .0423037 4.230656E-02 4.230593E-02 .0423046 4.230775E-02 4.231045E-02 4.230632E-02 .0423035 4.229141E-02 4.228976E-02 4.228301E-02 4.227939E-02 4.229383E-02 .0422916 4.228943E-02 4.228916E-02 4.228916E-02 4.228597E-02 4.228706E-02 .0422884 .0422882 4.231887E-02 4.232167E-02 4.232512E-02 4.232637E-02 4.232878E-02 4.233226E-02 4.233532E-02 4.234039E-02 4.233682E-02 4.233692E-02 4.233708E-02 4.233482E-02 4.233231E-02 4.233009E-02 4.232833E-02 4.232214E-02 4.231762E-02 4.231157E-02
4.219439E-02 4.219507E-02 4.222408E-02 4.222665E-02 4.222898E-02 4.223495E-02 4.224092E-02 4.223881E-02 4.224201E-02 4.224552E-02 4.229176E-02 4.230019E-02 4.230389E-02 4.230328E-02 4.230701E-02 4.231033E-02 .0423109 4.230599E-02 4.230945E-02 4.230513E-02 4.230547E-02 4.230382E-02 .0422925 4.228761E-02 .0422768 4.227417E-02 4.227293E-02 4.228901E-02 4.228821E-02 4.228811E-02 4.228543E-02 4.228605E-02 4.228539E-02 4.228552E-02 4.228414E-02 4.231506E-02 4.231568E-02 4.231404E-02 4.231371E-02 4.231828E-02 4.232365E-02 4.232747E-02 4.233219E-02 4.233119E-02 4.232862E-02 4.232756E-02 4.232887E-02 4.232632E-02 4.232686E-02 4.232617E-02 4.232397E-02 4.232022E-02 4.231571E-02
4.219515E-02 4.222615E-02 4.222642E-02 4.222792E-02 4.223121E-02 4.223503E-02 4.224124E-02 4.224052E-02 4.224033E-02 4.228221E-02 4.228904E-02 4.229915E-02 .0423034 .0423057 4.230744E-02 4.230943E-02 4.230909E-02 4.230661E-02 4.230415E-02 4.230577E-02 4.230217E-02 4.230124E-02 4.229384E-02 4.228912E-02 4.227907E-02 4.227525E-02 .0422686 .0422857 4.228662E-02 4.228535E-02 .0422827 4.228215E-02 .0422812 4.228107E-02 4.228128E-02 4.231282E-02 4.231471E-02 4.231538E-02 4.231576E-02 4.231441E-02 4.231142E-02 4.231314E-02 4.231538E-02 4.232273E-02 4.232322E-02 4.232123E-02 4.231916E-02 4.231909E-02 4.232201E-02 4.232159E-02 4.232021E-02 4.231988E-02 4.231851E-02
4.219639E-02 4.222759E-02 4.222644E-02 .0422265 4.222628E-02 4.222883E-02 4.224057E-02 4.224595E-02 4.228566E-02 4.228621E-02 .0422883 4.229663E-02 4.230215E-02 4.230236E-02 4.230307E-02 4.230453E-02 4.230329E-02 4.230325E-02 4.230215E-02 4.230506E-02 4.230308E-02 .0422999 4.228723E-02 4.228743E-02 4.227979E-02 4.227775E-02 4.227294E-02 4.228912E-02 4.228871E-02 4.228427E-02 4.228223E-02 4.228285E-02 4.228172E-02 4.228164E-02 4.228146E-02 4.231186E-02 4.231457E-02 .0423156 4.231526E-02 4.231406E-02 4.230804E-02 4.230603E-02 4.230501E-02 4.230283E-02 4.230826E-02 4.231109E-02 4.231577E-02 4.231483E-02 .0423156 4.231601E-02 4.231797E-02 4.231669E-02 4.231678E-02
4.219789E-02 4.222785E-02 4.222654E-02 4.222278E-02 4.222344E-02 .0422271 .0422385 4.228075E-02 4.228711E-02 4.228853E-02 4.229193E-02 4.229726E-02 4.230024E-02 .0423001 4.229678E-02 4.229755E-02 4.229782E-02 4.229682E-02 4.229616E-02 4.230111E-02 4.230217E-02 4.230036E-02 4.229042E-02 4.228846E-02 4.228742E-02 4.228372E-02 4.227926E-02 4.229428E-02 4.229219E-02 4.228849E-02 4.228674E-02 4.228675E-02 4.228614E-02 4.228299E-02 4.228313E-02 4.231256E-02 4.231171E-02 4.231149E-02 4.231126E-02 4.230996E-02 4.230704E-02 4.230392E-02 4.230001E-02 .0422975 4.229322E-02 4.229801E-02 4.230091E-02 4.230504E-02 4.231285E-02 4.231373E-02 4.231524E-02 4.231368E-02 4.231354E-02
4.219396E-02 4.222458E-02 .0422233 4.222177E-02 4.222397E-02 .042225 4.227318E-02 4.227766E-02 4.228157E-02 4.228597E-02 4.228967E-02 4.229403E-02 4.229508E-02 4.229844E-02 4.229846E-02 4.229642E-02 .0422969 4.229457E-02 .0422917 4.229216E-02 4.229986E-02 4.229925E-02 4.229042E-02 4.228935E-02 4.229021E-02 4.228348E-02 4.228313E-02 .0422818 4.229774E-02 4.229498E-02 4.229239E-02 4.228962E-02 4.228897E-02 4.228892E-02 4.228772E-02 4.231372E-02 4.231165E-02 4.230862E-02 4.230719E-02 4.230483E-02 4.230293E-02 4.230081E-02 4.229645E-02 4.229462E-02 4.229251E-02 4.229745E-02 4.229735E-02 4.229997E-02 .0423029 4.230446E-02 4.230593E-02 4.230871E-02 4.231046E-02
4.221257E-02 4.221258E-02 4.221508E-02 .0422176 .042224 4.226682E-02 4.227204E-02 4.227386E-02 4.227641E-02 4.228099E-02 4.228604E-02 4.229115E-02 4.228875E-02 4.228773E-02 4.229106E-02 4.229327E-02 4.229615E-02 4.229595E-02 4.229571E-02 4.229378E-02 4.229598E-02 4.228871E-02 .0422879 4.228842E-02 4.228891E-02 .0422833 .042285 4.228275E-02 4.229948E-02 4.229995E-02 4.229803E-02 4.229567E-02 4.229389E-02 4.228992E-02 4.231628E-02 4.231521E-02 4.231312E-02 4.231029E-02 4.230627E-02 4.230373E-02 4.230024E-02 4.229857E-02 4.229547E-02 4.229397E-02 4.229229E-02 4.229183E-02 4.229825E-02 4.230066E-02 4.230133E-02 4.230023E-02 4.229946E-02 4.229897E-02 4.229922E-02
4.221165E-02 4.221472E-02 4.221405E-02 4.221457E-02 4.226056E-02 4.225922E-02 4.226364E-02 4.226794E-02 4.227142E-02 4.227553E-02 4.227805E-02 .0422826 4.228525E-02 .0422838 4.228359E-02 4.228621E-02 4.229121E-02 4.229191E-02 4.229265E-02 4.229462E-02 4.230048E-02 4.229015E-02 4.229007E-02 4.228986E-02 4.228988E-02 4.228326E-02 4.228536E-02 4.228534E-02 4.229733E-02 4.229934E-02 4.230065E-02 4.229692E-02 4.229611E-02 4.229286E-02 4.231807E-02 4.231545E-02 4.231352E-02 4.231065E-02 4.230733E-02 4.230438E-02 4.230424E-02 4.230206E-02 4.230027E-02 4.229612E-02 4.229382E-02 4.229215E-02 4.228825E-02 4.230227E-02 4.230062E-02 4.229849E-02 4.229607E-02 4.229497E-02 4.229629E-02
4.221242E-02 4.221436E-02 4.225839E-02 4.225991E-02 4.225875E-02 4.225685E-02 4.226065E-02 .0422638 4.226195E-02 4.226096E-02 4.226817E-02 4.227658E-02 4.227873E-02 4.227882E-02 4.227841E-02 4.228098E-02 4.228507E-02 4.228747E-02 4.228868E-02 4.228888E-02 4.229048E-02 4.228847E-02 4.228839E-02 4.229272E-02 4.229631E-02 4.228982E-02 .0422891 4.228468E-02 4.229783E-02 .0422943 4.229389E-02 4.229601E-02 4.229467E-02 4.229256E-02 4.231901E-02 4.231792E-02 4.231507E-02 4.231216E-02 4.231025E-02 4.230901E-02 4.230819E-02 4.230674E-02 4.230496E-02 4.230398E-02 4.229924E-02 4.229585E-02 4.229207E-02 4.228909E-02 4.229901E-02 4.229835E-02 4.229673E-02 4.229401E-02 4.229421E-02
4.221129E-02 4.225723E-02 4.225726E-02 4.225882E-02 4.225871E-02 4.226029E-02 4.226155E-02 4.225899E-02 4.225795E-02 4.225978E-02 4.225986E-02 4.226165E-02 4.226143E-02 4.226712E-02 4.227366E-02 4.227614E-02 4.227998E-02 4.228228E-02 4.228423E-02 4.228501E-02 4.228684E-02 4.228374E-02 4.228537E-02 4.228875E-02 4.229065E-02 .04229 .0422917 4.228856E-02 4.228476E-02 4.229513E-02 4.229202E-02 4.228857E-02 4.228915E-02 4.229062E-02 4.231853E-02 4.231782E-02 4.231795E-02 4.231615E-02 4.231538E-02 4.231488E-02 4.231514E-02 4.231089E-02 4.230849E-02 4.230637E-02 4.230256E-02 4.229818E-02 4.229821E-02 4.229607E-02 .0423019 4.229836E-02 .0422939 .042293 4.229264E-02
.0422572 4.225688E-02 4.225523E-02 4.225479E-02 4.225507E-02 .0422599 4.226329E-02 4.226131E-02 4.226023E-02 4.225951E-02 4.225564E-02 4.225831E-02 4.225815E-02 4.226321E-02 4.226526E-02 4.226428E-02 4.226518E-02 4.227318E-02 4.227788E-02 4.228263E-02 4.228297E-02 4.228055E-02 4.228288E-02 4.228667E-02 4.228825E-02 .042281 4.227938E-02 4.228128E-02 4.228109E-02 4.229755E-02 4.229544E-02 4.229317E-02 4.228951E-02 4.228832E-02 4.231986E-02 4.232072E-02 4.231931E-02 .0423188 4.231922E-02 4.231786E-02 4.231581E-02 4.231412E-02 4.231279E-02 4.230878E-02 4.230687E-02 4.230303E-02 4.230145E-02 4.229905E-02 4.229396E-02 4.229973E-02 4.229581E-02 4.229369E-02 4.228825E-02
4.224858E-02 .0422564 4.225607E-02 4.225436E-02 4.225329E-02 4.225649E-02 4.226184E-02 4.226276E-02 4.226313E-02 .0422605 4.226129E-02 4.226233E-02 4.226113E-02 4.226023E-02 4.226001E-02 .0422622 4.226464E-02 4.226485E-02 .0422663 4.226647E-02 4.227366E-02 4.227269E-02 4.228032E-02 4.227964E-02 .0422804 .0422743 4.227011E-02 4.227331E-02 .0422738 4.229207E-02 4.229156E-02 4.229203E-02 4.229227E-02 4.229423E-02 4.232223E-02 4.232228E-02 4.232264E-02 4.232122E-02 4.231996E-02 .0423196 4.231502E-02 4.231332E-02 4.231095E-02 .0423095 4.230864E-02 .0423065 4.230247E-02 4.230078E-02 4.229592E-02 4.229021E-02 4.229665E-02 4.228824E-02 4.228335E-02
4.224814E-02 4.224833E-02 .0422533 4.225193E-02 4.225307E-02 4.225687E-02 4.226031E-02 4.226096E-02 .0422619 4.226496E-02 4.226543E-02 4.226395E-02 4.226303E-02 4.225747E-02 4.225706E-02 4.225855E-02 4.226138E-02 4.226153E-02 4.226364E-02 4.226322E-02 4.226454E-02 4.225739E-02 4.226215E-02 4.226249E-02 4.226968E-02 .0422722 4.226403E-02 4.226415E-02 4.226402E-02 4.228533E-02 4.228577E-02 4.228892E-02 4.229168E-02 4.232073E-02 4.232188E-02 4.232368E-02 .042325 4.232997E-02 4.232778E-02 4.232527E-02 4.231963E-02 4.231459E-02 4.231193E-02 4.230892E-02 .042307 .0423045 4.230237E-02 4.229964E-02 .042295 4.228981E-02 4.228233E-02 4.228759E-02 4.228381E-02
4.224738E-02 4.224527E-02 4.225028E-02 4.224993E-02 4.224996E-02 4.225482E-02 4.225663E-02 4.225992E-02 4.226205E-02 4.226157E-02 4.226266E-02 4.226509E-02 4.226317E-02 .0422588 4.225545E-02 4.225561E-02 4.225905E-02 4.226114E-02 4.226049E-02 4.225848E-02 4.225769E-02 4.225129E-02 4.225042E-02 4.225438E-02 4.225481E-02 4.225221E-02 4.224955E-02 4.225784E-02 4.226135E-02 4.226302E-02 4.228281E-02 4.228418E-02 4.228774E-02 .0423194 4.232198E-02 4.232327E-02 4.232474E-02 4.232533E-02 4.232788E-02 .0423287 4.232781E-02 4.232217E-02 4.231679E-02 4.231094E-02 4.230555E-02 4.230082E-02 4.229794E-02 4.229029E-02 4.228754E-02 4.228688E-02 4.228303E-02 4.229086E-02 4.228969E-02
4.224505E-02 4.224501E-02 4.224387E-02 .0422502 4.224792E-02 4.225533E-02 4.225912E-02 4.226059E-02 4.226209E-02 4.226035E-02 4.226051E-02 4.226493E-02 .0422636 4.226172E-02 .0422581 4.225837E-02 4.225875E-02 .0422575 4.225568E-02 4.225532E-02 4.224525E-02 4.224325E-02 4.224215E-02 4.224563E-02 4.225055E-02 4.224859E-02 4.224513E-02 4.224794E-02 4.225164E-02 4.225039E-02 4.227133E-02 .0422812 .0422848 4.231801E-02 4.232191E-02 4.232284E-02 4.232255E-02 4.232269E-02 4.232163E-02 4.232137E-02 4.232335E-02 4.232052E-02 4.231794E-02 4.231463E-02 4.230728E-02 4.230172E-02 4.229616E-02 4.229049E-02 4.228423E-02 4.228362E-02 4.228242E-02 4.228044E-02 4.229011E-02
4.221912E-02 4.221966E-02 4.224317E-02 .0422443 4.225119E-02 4.225491E-02 4.225789E-02 4.225913E-02 4.226094E-02 4.226006E-02 4.226361E-02 4.226583E-02 4.226808E-02 4.226364E-02 4.225969E-02 4.225929E-02 4.225685E-02 .0422531 4.225085E-02 4.224952E-02 4.223951E-02 4.223941E-02 4.223885E-02 4.224284E-02 4.224201E-02 .0422445 4.224376E-02 4.224623E-02 4.225018E-02 4.225102E-02 4.226858E-02 4.227041E-02 4.226961E-02 4.230632E-02 .0423165 4.232141E-02 4.232103E-02 4.232026E-02 4.231859E-02 4.231794E-02 4.231639E-02 4.231329E-02 4.230894E-02 4.230659E-02 4.230341E-02 4.230228E-02 4.229881E-02 4.229723E-02 4.229061E-02 4.228526E-02 4.228331E-02 4.228093E-02 4.227775E-02
4.221575E-02 4.221693E-02 .0422193 .0422432 4.225169E-02 4.225636E-02 4.225527E-02 4.225747E-02 4.225929E-02 4.226159E-02 4.226493E-02 4.226988E-02 4.226878E-02 4.226277E-02 4.225974E-02 4.225653E-02 4.225496E-02 4.225159E-02 4.224668E-02 .0422447 4.223592E-02 4.223624E-02 4.223619E-02 .0422361 4.224044E-02 4.224259E-02 4.224013E-02 4.224335E-02 4.224588E-02 4.225021E-02 4.226986E-02 4.227228E-02 4.227384E-02 4.230176E-02 4.230466E-02 4.230756E-02 4.230744E-02 4.231092E-02 4.231522E-02 4.231127E-02 4.230658E-02 4.230398E-02 4.230134E-02 4.230093E-02 4.229869E-02 4.229972E-02 .042298 4.229694E-02 4.229433E-02 4.228933E-02 4.228929E-02 4.228619E-02 .0422815
4.221778E-02 4.221682E-02 4.221727E-02 4.221827E-02 4.222124E-02 4.225594E-02 4.225832E-02 4.225852E-02 4.226046E-02 4.226143E-02 4.226445E-02 4.226816E-02 4.226795E-02 4.226342E-02 4.225703E-02 4.225257E-02 4.224991E-02 4.224925E-02 4.224629E-02 4.224213E-02 4.223385E-02 4.223391E-02 4.223363E-02 4.223149E-02 .0422391 4.224278E-02 .042239 4.224349E-02 4.224619E-02 4.224796E-02 4.226745E-02 4.227002E-02 4.230082E-02 4.229869E-02 4.229965E-02 4.230243E-02 4.230266E-02 4.229866E-02 4.229589E-02 4.229356E-02 4.229559E-02 4.229992E-02 4.229802E-02 4.229556E-02 .0422946 4.229841E-02 4.229704E-02 4.229584E-02 4.229468E-02 4.229184E-02 4.228813E-02 4.228787E-02 .0423179
4.222076E-02 .0422181 4.221588E-02 .042214 .0422176 4.222657E-02 4.225817E-02 4.226221E-02 4.226007E-02 4.225994E-02 4.226036E-02 4.226484E-02 4.226472E-02 4.226099E-02 4.225402E-02 4.224979E-02 .0422469 4.224775E-02 4.224513E-02 4.224211E-02 4.223201E-02 .0422336 4.223414E-02 4.223209E-02 .0422391 4.224148E-02 4.223782E-02 4.224229E-02 4.224629E-02 4.225012E-02 4.224766E-02 4.226476E-02 4.229428E-02 4.229647E-02 4.229579E-02 4.229247E-02 4.229046E-02 .0422919 4.229337E-02 4.229261E-02 4.228914E-02 .0422879 4.228718E-02 4.228963E-02 4.229328E-02 4.229384E-02 4.229496E-02 4.229497E-02 4.229384E-02 4.229266E-02 4.228932E-02 4.231944E-02 4.231726E-02
4.222095E-02 4.221985E-02 4.221798E-02 4.221623E-02 4.221623E-02 4.222585E-02 4.223526E-02 4.223701E-02 4.225775E-02 4.225536E-02 4.225398E-02 4.225768E-02 4.225823E-02 .0422561 4.225342E-02 4.224797E-02 4.224541E-02 4.224585E-02 4.224497E-02 4.224334E-02 4.223364E-02 4.223467E-02 4.223682E-02 4.223412E-02 4.223346E-02 4.224346E-02 4.223861E-02 .0422412 4.224334E-02 4.224569E-02 .0422437 4.226068E-02 4.228843E-02 4.228603E-02 .0422861 4.228345E-02 4.228262E-02 .0422852 .0422894 4.229055E-02 4.229239E-02 4.228989E-02 4.228861E-02 4.228764E-02 4.228694E-02 4.228494E-02 4.228297E-02 4.228826E-02 4.229538E-02 4.229214E-02 4.231981E-02 4.231551E-02 4.231366E-02
4.222002E-02 4.222153E-02 4.222281E-02 4.222217E-02 4.222023E-02 4.222027E-02 .0422233 4.223187E-02 4.223181E-02 4.224987E-02 4.225101E-02 4.225335E-02 4.225409E-02 4.225244E-02 4.225019E-02 4.224687E-02 .0422459 4.224532E-02 4.224612E-02 4.224337E-02 4.223556E-02 4.223631E-02 4.223447E-02 4.223843E-02 4.223686E-02 4.224285E-02 4.223806E-02 4.223884E-02 4.224105E-02 4.224065E-02 4.223786E-02 4.225189E-02 4.227935E-02 4.227995E-02 4.228063E-02 4.227999E-02 4.228098E-02 4.228282E-02 4.228507E-02 4.228789E-02 4.229033E-02 .0422882 4.228982E-02 4.228926E-02 4.229048E-02 4.228763E-02 4.228573E-02 4.228117E-02 .0422783 4.230943E-02 4.230966E-02 4.228665E-02 4.228745E-02
