inputs/Middelgrunden/Resource grid 1   Sector 1   Height 64m   Weibull-A.grd
DSAA
 111           201 
 728800        731000
 6176000       6180000
 8.431909      8.520576
[rows 28 to 55 of 201, columns 0 to 62 of 111]
8.488566 8.49672 8.504673 8.509934 8.513938 8.515522 8.51525 8.515106 8.515087 8.515122 8.515208 8.51522 8.515334 8.515211 8.514681 8.514338 8.514312 8.514195 8.514091 8.514412 8.514421 8.514338 8.514528 8.515026 8.51515 8.515363 8.51584 8.516702 8.516168 8.51581 8.515427 8.515313 8.515218 8.515162 8.515121 8.515072 8.515063 8.514978 8.515182 8.515368 8.516093 8.517097 8.516648 8.516301 8.516502 8.516332 8.516109 8.516095 8.516101 8.515769 8.515681 8.515634 8.515602 8.515784 8.51628 8.517263 8.516759 8.516617 8.516456 8.516342 8.5161 8.51614 8.516393
8.489212 8.497242 8.505434 8.51097 8.514372 8.515376 8.515285 8.515147 8.515146 8.515159 8.515256 8.515257 8.515507 8.51537 8.514831 8.514454 8.51441 8.514213 8.514174 8.514456 8.514532 8.514382 8.514651 8.515079 8.515116 8.515327 8.515674 8.516472 8.516314 8.515906 8.515799 8.515357 8.515231 8.515277 8.515114 8.515121 8.515112 8.515002 8.515198 8.51539 8.515949 8.516915 8.516603 8.516421 8.516533 8.516352 8.516059 8.516084 8.516088 8.515781 8.515642 8.515594 8.515563 8.515805 8.516152 8.517261 8.51685 8.516637 8.516481 8.516304 8.516124 8.515982 8.516408
8.489853 8.497744 8.506163 8.511622 8.514635 8.515365 8.515322 8.515417 8.515271 8.515307 8.515327 8.515343 8.515522 8.51538 8.514885 8.514462 8.514454 8.514244 8.514234 8.514513 8.514556 8.514552 8.51466 8.514755 8.515144 8.515324 8.515491 8.516351 8.516486 8.515947 8.515839 8.515403 8.515268 8.515167 8.515208 8.515152 8.515117 8.5151 8.515184 8.51539 8.515613 8.516767 8.516686 8.516475 8.516619 8.516268 8.516146 8.516196 8.516052 8.515787 8.515667 8.51558 8.515763 8.5158 8.516111 8.517258 8.516923 8.516607 8.516517 8.516324 8.516126 8.516038 8.51641
8.490387 8.499335 8.50685 8.512462 8.51504 8.515432 8.515234 8.51544 8.515206 8.515364 8.515376 8.515571 8.515611 8.51551 8.51519 8.514405 8.514381 8.514375 8.514273 8.514626 8.514592 8.514557 8.514759 8.514748 8.515018 8.515368 8.515412 8.516191 8.516623 8.515998 8.515898 8.515439 8.515293 8.515149 8.515182 8.515157 8.515078 8.515196 8.515199 8.51536 8.515572 8.516662 8.516851 8.516259 8.516657 8.516343 8.516343 8.516142 8.515882 8.515804 8.515684 8.515596 8.515814 8.515742 8.516052 8.517084 8.51693 8.516569 8.516482 8.516256 8.516047 8.516064 8.516204
8.49058 8.500031 8.507638 8.513178 8.51513 8.515725 8.515289 8.515343 8.515356 8.515498 8.515391 8.515611 8.515603 8.515704 8.515484 8.514514 8.514298 8.514382 8.514318 8.514654 8.514592 8.51456 8.514771 8.514825 8.514979 8.515144 8.515486 8.515994 8.516777 8.51608 8.515913 8.515824 8.515287 8.515267 8.515201 8.515172 8.515113 8.515183 8.515172 8.515374 8.51553 8.516475 8.516944 8.516248 8.51654 8.516386 8.516316 8.516121 8.51585 8.515796 8.51568 8.51559 8.515755 8.515765 8.516055 8.51713 8.517029 8.516643 8.516538 8.516289 8.516131 8.516032 8.516335
8.490975 8.500523 8.508437 8.5137 8.515186 8.515513 8.515533 8.515436 8.515206 8.515418 8.515536 8.515643 8.515597 8.515725 8.515652 8.514756 8.514421 8.514331 8.514421 8.514703 8.514643 8.514623 8.51477 8.514831 8.514746 8.515147 8.515376 8.515843 8.516706 8.516177 8.51596 8.515804 8.515302 8.515285 8.51521 8.515115 8.515136 8.515188 8.515127 8.515311 8.51556 8.516391 8.517099 8.516277 8.516522 8.516593 8.516365 8.51618 8.515906 8.51584 8.515711 8.515632 8.515777 8.515967 8.516024 8.517012 8.517097 8.516661 8.516503 8.516306 8.516171 8.516115 8.516036
8.491149 8.500853 8.508904 8.514097 8.515209 8.515066 8.515572 8.515685 8.515538 8.515479 8.515604 8.515652 8.515676 8.515764 8.515592 8.514943 8.514601 8.514356 8.514258 8.514679 8.514614 8.514613 8.51475 8.514781 8.514854 8.515198 8.515317 8.515599 8.516538 8.516393 8.516035 8.515821 8.515468 8.51535 8.515284 8.515197 8.515201 8.515227 8.51514 8.515367 8.515617 8.516263 8.517015 8.516273 8.516372 8.51664 8.516395 8.5162 8.515928 8.515848 8.515767 8.515719 8.515767 8.515956 8.515905 8.516879 8.517182 8.516683 8.516524 8.516376 8.516203 8.516124 8.516043
8.492287 8.50157 8.50937 8.514542 8.515284 8.515059 8.515594 8.515635 8.515543 8.515258 8.515475 8.515708 8.515615 8.515732 8.515497 8.515295 8.514635 8.51463 8.514376 8.514668 8.514681 8.514877 8.514803 8.514796 8.51492 8.515185 8.515375 8.515547 8.516307 8.516555 8.516081 8.51586 8.515781 8.515338 8.515268 8.515265 8.515212 8.515204 8.515181 8.515351 8.515588 8.516135 8.516876 8.516505 8.516463 8.516627 8.516432 8.516244 8.515937 8.515845 8.515771 8.515774 8.515757 8.515946 8.516136 8.516759 8.517268 8.516644 8.516589 8.516397 8.516271 8.516135 8.516065
8.493122 8.502117 8.509789 8.514979 8.515258 8.515116 8.515513 8.515648 8.515725 8.515303 8.515294 8.515781 8.515734 8.515788 8.515532 8.515405 8.514871 8.514672 8.514425 8.514595 8.514698 8.514895 8.514819 8.514812 8.514905 8.514841 8.515333 8.51559 8.516132 8.516649 8.51604 8.515891 8.51578 8.515348 8.515329 8.515322 8.515255 8.515182 8.515254 8.515354 8.515548 8.516052 8.516623 8.516793 8.516541 8.516434 8.516446 8.516275 8.515942 8.51589 8.515826 8.515761 8.515734 8.51583 8.516081 8.516583 8.517289 8.516622 8.516581 8.516396 8.516259 8.516148 8.516061
8.496648 8.504669 8.511125 8.515495 8.515359 8.515118 8.515549 8.515721 8.51577 8.515489 8.515537 8.515545 8.515846 8.515764 8.515643 8.515598 8.515022 8.51473 8.514643 8.51466 8.51461 8.514914 8.514917 8.514842 8.514933 8.514867 8.515313 8.515568 8.516032 8.516681 8.516047 8.516012 8.515818 8.515388 8.515389 8.515352 8.515273 8.515202 8.515294 8.515318 8.515501 8.51598 8.516424 8.516902 8.516536 8.516444 8.516476 8.516284 8.515997 8.5159 8.515837 8.51575 8.515626 8.515877 8.516064 8.516677 8.517343 8.516698 8.516586 8.516458 8.516289 8.516168 8.516065
8.500515 8.508344 8.514366 8.515569 8.515421 8.515219 8.51527 8.515634 8.515777 8.515723 8.515666 8.515667 8.515821 8.515864 8.515672 8.515705 8.515228 8.514939 8.514704 8.514829 8.514649 8.514793 8.514962 8.514904 8.514914 8.515014 8.515313 8.515552 8.515859 8.516623 8.516156 8.516075 8.515869 8.515743 8.515422 8.51534 8.515301 8.515294 8.515363 8.515273 8.515453 8.515893 8.516381 8.517043 8.516563 8.516515 8.516505 8.516315 8.516065 8.516005 8.515864 8.51574 8.515598 8.515871 8.516046 8.516539 8.517431 8.516709 8.516665 8.516491 8.516304 8.516154 8.516081
8.504311 8.512164 8.515335 8.515542 8.515595 8.515302 8.515359 8.515697 8.515785 8.515779 8.515708 8.51571 8.515645 8.515922 8.515695 8.515794 8.515398 8.514909 8.514862 8.51495 8.514804 8.514875 8.514849 8.514935 8.514969 8.515057 8.515024 8.515526 8.515712 8.516477 8.51646 8.516067 8.515942 8.515841 8.515454 8.515401 8.515399 8.515371 8.515349 8.515276 8.515428 8.515884 8.51623 8.51715 8.516592 8.516477 8.516328 8.516401 8.516089 8.516026 8.515945 8.515662 8.515632 8.515843 8.516048 8.516503 8.51747 8.516748 8.516699 8.516528 8.516307 8.516167 8.516083
8.507932 8.515589 8.515379 8.515446 8.515731 8.515522 8.515455 8.515761 8.515684 8.515817 8.515758 8.515859 8.51571 8.515534 8.515824 8.515826 8.515572 8.514962 8.514834 8.515125 8.514894 8.515029 8.514898 8.514826 8.514984 8.515078 8.515048 8.515461 8.515659 8.516292 8.516593 8.516187 8.516057 8.515939 8.515517 8.515448 8.515425 8.515401 8.515376 8.515268 8.515429 8.515948 8.516077 8.517115 8.516612 8.516515 8.516401 8.516447 8.516121 8.516058 8.515941 8.515689 8.515629 8.515811 8.515998 8.516523 8.517541 8.516827 8.516719 8.516544 8.516349 8.516147 8.516088
8.511546 8.515702 8.5156 8.515517 8.51556 8.515599 8.515533 8.515801 8.515734 8.51588 8.515898 8.515857 8.515969 8.515598 8.515799 8.515874 8.515768 8.515133 8.514912 8.515205 8.515175 8.515102 8.515075 8.514965 8.515063 8.515116 8.515056 8.515506 8.515652 8.516109 8.516691 8.516303 8.516117 8.51595 8.515796 8.515532 8.515489 8.515443 8.5154 8.51537 8.515458 8.515996 8.516046 8.517039 8.516665 8.516575 8.516521 8.516346 8.516162 8.516099 8.515922 8.515851 8.51565 8.515815 8.515976 8.516519 8.517414 8.516857 8.516724 8.516549 8.516356 8.516197 8.516141
8.515222 8.515736 8.51575 8.515719 8.515606 8.515631 8.515655 8.515479 8.515781 8.515786 8.516235 8.515886 8.516024 8.5158 8.515701 8.515989 8.515894 8.515323 8.514984 8.515229 8.515341 8.515131 8.515082 8.515043 8.514929 8.515151 8.515153 8.51511 8.515603 8.516001 8.51666 8.516409 8.51624 8.516015 8.515825 8.515573 8.515522 8.515475 8.515417 8.515449 8.515415 8.515658 8.515999 8.516985 8.516685 8.516607 8.516572 8.516365 8.516245 8.51608 8.515936 8.515863 8.515773 8.515789 8.516016 8.516482 8.517344 8.517035 8.51673 8.516593 8.516374 8.516248 8.516169
8.515752 8.515785 8.515852 8.515834 8.515693 8.515563 8.515697 8.515689 8.515882 8.51617 8.516257 8.516024 8.516039 8.515924 8.51579 8.515797 8.515987 8.515488 8.515108 8.515318 8.515374 8.515297 8.51523 8.515175 8.515063 8.515046 8.515223 8.515124 8.515627 8.515886 8.516724 8.516512 8.516369 8.516171 8.515969 8.515638 8.515607 8.515522 8.515499 8.515554 8.515459 8.515714 8.516009 8.516911 8.516826 8.516711 8.516661 8.516276 8.516091 8.516117 8.516086 8.515938 8.515846 8.515818 8.51606 8.516467 8.517175 8.517071 8.516799 8.516622 8.516459 8.516286 8.516223
8.515677 8.5158 8.515943 8.515961 8.515834 8.515547 8.515546 8.515743 8.515977 8.516193 8.516135 8.516068 8.516033 8.51595 8.515883 8.515817 8.515887 8.515683 8.515141 8.515357 8.515404 8.515371 8.51538 8.515255 8.515164 8.515018 8.515018 8.515062 8.515632 8.515863 8.516626 8.516625 8.516382 8.516208 8.516028 8.515901 8.515586 8.515535 8.515452 8.515543 8.515401 8.515704 8.515988 8.516726 8.516987 8.516718 8.516641 8.516289 8.516019 8.516119 8.516121 8.515946 8.515883 8.515918 8.516224 8.516459 8.517026 8.517095 8.516788 8.516644 8.51649 8.516296 8.516226
8.515679 8.515826 8.515905 8.515974 8.51573 8.515623 8.515601 8.515761 8.51621 8.516204 8.51625 8.516122 8.51614 8.515937 8.515948 8.515936 8.515847 8.515882 8.515298 8.515411 8.515459 8.515407 8.515374 8.515279 8.515226 8.515119 8.515031 8.51495 8.515334 8.51593 8.516439 8.516731 8.51641 8.516256 8.516118 8.515978 8.515604 8.515575 8.515528 8.515456 8.51546 8.515663 8.515932 8.516557 8.517057 8.516761 8.516622 8.516255 8.516043 8.516199 8.51613 8.51594 8.51588 8.515882 8.516294 8.516434 8.516929 8.517168 8.517013 8.516718 8.516511 8.516331 8.516288
8.515827 8.515883 8.515931 8.516002 8.515721 8.515613 8.51554 8.515663 8.515916 8.51638 8.516277 8.516307 8.516002 8.515986 8.516063 8.515984 8.516051 8.516051 8.515482 8.515468 8.51564 8.515455 8.515413 8.515443 8.51524 8.515109 8.515161 8.515088 8.515292 8.515914 8.51626 8.516687 8.516489 8.516359 8.516164 8.516006 8.515727 8.515534 8.515498 8.51545 8.515458 8.515638 8.51591 8.516442 8.516986 8.516777 8.516623 8.516241 8.516038 8.516021 8.516174 8.515985 8.515965 8.515862 8.51629 8.516439 8.516768 8.517265 8.517072 8.516734 8.516562 8.516397 8.516378
8.51579 8.515813 8.515956 8.516 8.515801 8.515754 8.515672 8.515694 8.51578 8.516466 8.51636 8.516373 8.516048 8.51606 8.516017 8.516047 8.516133 8.51603 8.515647 8.515727 8.515664 8.515568 8.515471 8.515445 8.51539 8.515187 8.515182 8.515279 8.515259 8.515919 8.516088 8.516594 8.516526 8.516421 8.51624 8.516064 8.516018 8.515674 8.515422 8.515418 8.515572 8.515656 8.516109 8.516388 8.516953 8.516817 8.516682 8.516302 8.516152 8.516026 8.516119 8.516069 8.515976 8.515949 8.516315 8.51649 8.516752 8.517366 8.51709 8.516991 8.516598 8.516448 8.516384
8.515855 8.515967 8.51599 8.515984 8.515759 8.515783 8.515737 8.515929 8.515779 8.516484 8.516482 8.516404 8.516001 8.516064 8.516044 8.516092 8.516176 8.516202 8.515819 8.515759 8.515737 8.515659 8.515499 8.515438 8.515376 8.515322 8.515187 8.515381 8.515217 8.515404 8.516034 8.516582 8.516616 8.516451 8.516291 8.516156 8.516028 8.515715 8.515584 8.515544 8.515561 8.515604 8.516127 8.516335 8.516901 8.516803 8.516626 8.516314 8.516192 8.516006 8.515922 8.516143 8.515999 8.515967 8.516348 8.516485 8.516766 8.517279 8.51711 8.517011 8.516655 8.516459 8.516363
8.515857 8.516021 8.516022 8.51601 8.515738 8.515806 8.515822 8.515753 8.516023 8.516365 8.516558 8.516576 8.515985 8.516096 8.51614 8.516172 8.516202 8.516222 8.516077 8.515933 8.515731 8.5157 8.515509 8.515485 8.515364 8.515361 8.515315 8.515372 8.515276 8.515369 8.515887 8.51652 8.516707 8.516536 8.516397 8.516181 8.516068 8.51564 8.51564 8.515645 8.515609 8.515532 8.516102 8.516289 8.516748 8.516735 8.516623 8.516385 8.516183 8.516014 8.515965 8.516114 8.516082 8.515938 8.516289 8.51648 8.516774 8.517221 8.517117 8.517049 8.516872 8.516459 8.516366
8.515885 8.515975 8.516023 8.515968 8.515764 8.515823 8.515918 8.515788 8.516141 8.516065 8.516478 8.516601 8.516277 8.516052 8.516207 8.516215 8.516231 8.516311 8.516285 8.516191 8.515843 8.515731 8.515562 8.515431 8.515396 8.515388 8.515491 8.515369 8.515335 8.515395 8.515857 8.516355 8.516631 8.516556 8.51642 8.516206 8.516034 8.515965 8.515725 8.515662 8.515652 8.515615 8.516035 8.516264 8.516673 8.516749 8.516627 8.51641 8.51615 8.516009 8.515986 8.516186 8.516047 8.515948 8.516268 8.51649 8.516762 8.517194 8.517154 8.517033 8.516847 8.516503 8.516385
8.515834 8.515929 8.516018 8.515934 8.515725 8.515758 8.515819 8.515876 8.516015 8.516244 8.516442 8.516552 8.516369 8.516063 8.516168 8.516205 8.516205 8.516294 8.516334 8.516338 8.515797 8.515623 8.515575 8.5154 8.51538 8.51541 8.515448 8.515456 8.515356 8.515371 8.515634 8.516081 8.516461 8.516592 8.516414 8.516236 8.51602 8.515938 8.515725 8.515644 8.515689 8.515612 8.515996 8.516124 8.516449 8.516649 8.516696 8.516366 8.516154 8.516077 8.515974 8.515979 8.516016 8.515973 8.516245 8.516439 8.516683 8.517105 8.517161 8.517024 8.516861 8.516501 8.516393
8.515849 8.515904 8.515906 8.516077 8.515738 8.515755 8.515805 8.515897 8.516105 8.516199 8.516426 8.516247 8.516426 8.516186 8.516089 8.516213 8.516199 8.516281 8.516397 8.51644 8.515889 8.515757 8.515451 8.515435 8.51543 8.515479 8.515423 8.51544 8.51545 8.51533 8.515552 8.516051 8.516376 8.516537 8.516452 8.51623 8.516065 8.516062 8.515765 8.515686 8.515697 8.515639 8.515996 8.516112 8.516347 8.516605 8.51672 8.516345 8.516231 8.516117 8.516056 8.515964 8.51606 8.516036 8.516221 8.516426 8.516685 8.517069 8.517211 8.51708 8.51689 8.516689 8.516389
8.515796 8.515856 8.515915 8.515994 8.515704 8.515734 8.515823 8.515917 8.516176 8.516088 8.516542 8.516268 8.516332 8.516171 8.516172 8.516273 8.516261 8.516357 8.516549 8.516617 8.515982 8.515899 8.515533 8.515359 8.515509 8.515521 8.515421 8.515422 8.515481 8.515351 8.515536 8.516013 8.516404 8.516577 8.516488 8.516273 8.516102 8.516101 8.516022 8.515768 8.515714 8.515738 8.51599 8.516058 8.516251 8.516622 8.516744 8.5164 8.516319 8.516149 8.516066 8.515995 8.515896 8.51608 8.5162 8.516384 8.516648 8.51696 8.517224 8.517155 8.516915 8.516709 8.516389
8.515891 8.515839 8.515914 8.515965 8.515843 8.515792 8.515903 8.515965 8.51624 8.516215 8.51628 8.51649 8.516393 8.516509 8.516365 8.516243 8.516397 8.516391 8.516594 8.516825 8.516198 8.515839 8.5158 8.515477 8.515659 8.5156 8.515488 8.515406 8.515514 8.515522 8.515539 8.515807 8.516344 8.516458 8.516424 8.516288 8.516177 8.51615 8.516074 8.515821 8.515756 8.515769 8.515732 8.516134 8.516266 8.516533 8.516762 8.516551 8.516409 8.516267 8.516166 8.516039 8.51595 8.516103 8.516232 8.516436 8.516602 8.516903 8.517309 8.517202 8.516984 8.516736 8.516601
8.516137 8.515845 8.51586 8.515983 8.515845 8.515841 8.515883 8.516176 8.516209 8.516224 8.516334 8.516487 8.516383 8.516459 8.516372 8.516443 8.516434 8.516393 8.516615 8.516912 8.516361 8.515886 8.515821 8.515588 8.515598 8.515588 8.515509 8.515493 8.515528 8.515609 8.515654 8.515785 8.516337 8.516406 8.516494 8.516318 8.516282 8.516183 8.516145 8.51584 8.515738 8.515768 8.515635 8.516085 8.516324 8.516445 8.516597 8.516573 8.516448 8.516284 8.516202 8.516135 8.515989 8.515939 8.516263 8.51642 8.516582 8.516893 8.51731 8.517206 8.517014 8.516743 8.516548
