inputs/Middelgrunden/Resource grid 1   Sector 3   Height 64m   Sector frequency.grd
DSAA
 111           201 
 728800        731000
 6176000       6180000
 4.211514E-02  4.319508E-02
[rows 115 to 137 of 201, columns 53 to 105 of 111]
4.226725E-02 4.227249E-02 4.227389E-02 4.227113E-02 4.227589E-02 4.226976E-02 4.226775E-02 4.226726E-02 4.226128E-02 4.225908E-02 4.225894E-02 4.226637E-02 4.226388E-02 4.229235E-02 4.228019E-02 4.227929E-02 4.227724E-02 4.227598E-02 .0422727 4.227062E-02 4.227061E-02 4.227051E-02 4.227083E-02 .0422688 .0422689 4.226771E-02 4.226808E-02 4.226748E-02 4.226663E-02 4.226363E-02 4.226217E-02 4.225663E-02 .0422551 4.225387E-02 4.224149E-02 4.223776E-02 4.223257E-02 4.222839E-02 4.222647E-02 .0422247 4.221973E-02 4.222121E-02 4.222279E-02 4.221643E-02 4.221387E-02 4.221155E-02 .0422083 4.223758E-02 4.223476E-02 4.223437E-02 4.223374E-02 4.222112E-02 4.223311E-02
4.226572E-02 .0422615 4.225556E-02 4.225154E-02 4.225523E-02 4.227023E-02 4.226807E-02 4.226338E-02 4.225566E-02 4.225724E-02 4.225782E-02 4.225567E-02 4.226221E-02 4.228798E-02 4.228823E-02 4.227759E-02 4.227724E-02 4.227749E-02 4.228053E-02 4.228089E-02 4.227863E-02 4.227538E-02 .0422742 4.227279E-02 4.227084E-02 4.226968E-02 4.227056E-02 4.227022E-02 4.226985E-02 4.226894E-02 .0422656 4.226214E-02 4.225695E-02 4.225251E-02 4.224462E-02 4.223873E-02 4.223422E-02 .0422287 4.222022E-02 4.221865E-02 4.221349E-02 4.221163E-02 4.220947E-02 4.220337E-02 4.220416E-02 .0422065 4.220554E-02 4.223524E-02 4.223303E-02 4.223171E-02 4.223133E-02 4.223041E-02 4.221956E-02
4.225655E-02 4.225644E-02 4.225511E-02 4.225308E-02 4.224981E-02 4.224677E-02 4.225476E-02 4.225613E-02 4.225428E-02 4.225501E-02 4.225196E-02 4.225067E-02 4.225702E-02 4.228385E-02 4.228261E-02 .0422738 4.227894E-02 4.228134E-02 4.228399E-02 4.228603E-02 4.228543E-02 4.228395E-02 4.228139E-02 4.227854E-02 4.227455E-02 4.227148E-02 4.227389E-02 4.227207E-02 4.227097E-02 4.226924E-02 4.226613E-02 4.226409E-02 4.225989E-02 4.225285E-02 4.224103E-02 4.223773E-02 4.222826E-02 4.222438E-02 4.222121E-02 4.221714E-02 4.221598E-02 4.221355E-02 4.220878E-02 4.219912E-02 4.219607E-02 4.219465E-02 4.219605E-02 4.222957E-02 4.223204E-02 4.222986E-02 .042228 4.222691E-02 4.221368E-02
4.225675E-02 4.225415E-02 4.225613E-02 4.225475E-02 4.225126E-02 4.224797E-02 4.224599E-02 4.225145E-02 4.224324E-02 4.223891E-02 4.223816E-02 .0422402 4.224309E-02 4.228394E-02 4.228704E-02 4.227735E-02 4.227823E-02 .0422821 4.228397E-02 4.228434E-02 4.228489E-02 4.228482E-02 4.228374E-02 4.228297E-02 4.228543E-02 4.228348E-02 4.227857E-02 4.227393E-02 4.227059E-02 4.226631E-02 4.226385E-02 4.225862E-02 4.225196E-02 4.224991E-02 4.223448E-02 .0422319 4.222827E-02 4.222463E-02 4.222136E-02 .0422194 4.221725E-02 4.221354E-02 4.221144E-02 4.220288E-02 4.220169E-02 4.219893E-02 4.222253E-02 4.222009E-02 4.221855E-02 4.222073E-02 4.222171E-02 .0422249 4.222651E-02
.042257 4.225864E-02 4.225658E-02 4.225222E-02 4.225194E-02 4.224756E-02 4.224387E-02 4.225065E-02 4.223995E-02 4.223603E-02 4.223514E-02 4.223854E-02 4.226388E-02 4.227299E-02 4.228051E-02 4.227742E-02 4.227896E-02 .0422808 4.228161E-02 4.228168E-02 4.228378E-02 4.228359E-02 4.228384E-02 4.228446E-02 4.228412E-02 4.228425E-02 .0422821 4.228024E-02 4.227091E-02 4.226402E-02 4.225998E-02 4.225659E-02 .0422446 4.224224E-02 4.223207E-02 4.222716E-02 4.222636E-02 4.222403E-02 4.222317E-02 4.222082E-02 4.221884E-02 .0422176 4.221533E-02 4.221186E-02 4.220494E-02 4.220181E-02 4.222645E-02 4.222529E-02 4.222248E-02 .0422201 4.221853E-02 4.221911E-02 4.222428E-02
4.225639E-02 4.225586E-02 4.225341E-02 4.225169E-02 4.224765E-02 4.224505E-02 4.224204E-02 4.224131E-02 4.224981E-02 4.224212E-02 4.224082E-02 4.223912E-02 4.226683E-02 4.227515E-02 4.227464E-02 4.227592E-02 .0422653 4.227163E-02 4.227696E-02 4.227919E-02 .0422811 4.228368E-02 4.228314E-02 4.228242E-02 4.228029E-02 4.227782E-02 4.227386E-02 4.226856E-02 4.226872E-02 4.226456E-02 4.225592E-02 4.225243E-02 4.224895E-02 4.224356E-02 .0422311 4.222642E-02 4.222357E-02 4.222138E-02 4.222042E-02 4.221948E-02 4.221877E-02 4.221836E-02 4.221738E-02 4.221671E-02 4.220837E-02 4.220572E-02 4.223214E-02 4.223225E-02 4.223252E-02 4.223093E-02 4.223027E-02 .0422276 4.222426E-02
.0422546 4.225413E-02 4.225184E-02 .042247 .0422436 4.224302E-02 4.224506E-02 4.224546E-02 4.224316E-02 4.224568E-02 .0422427 4.224137E-02 4.226927E-02 4.226893E-02 4.227664E-02 4.227727E-02 4.226312E-02 4.226392E-02 4.226657E-02 4.226712E-02 4.226834E-02 4.227306E-02 4.227651E-02 4.227423E-02 4.227238E-02 .0422708 4.226777E-02 4.226378E-02 4.225856E-02 4.225628E-02 4.225163E-02 4.224664E-02 4.224545E-02 4.224543E-02 4.223779E-02 4.223306E-02 4.222658E-02 4.222174E-02 4.221863E-02 4.221768E-02 4.221712E-02 4.221781E-02 4.221955E-02 4.221933E-02 4.221386E-02 4.221373E-02 4.224284E-02 .0422448 4.224044E-02 4.223758E-02 4.223488E-02 4.223263E-02 4.222852E-02
.0422549 4.225317E-02 4.225145E-02 4.225095E-02 4.224715E-02 4.224401E-02 .0422445 .0422427 4.224356E-02 4.223849E-02 4.224595E-02 .0422434 4.227003E-02 4.226968E-02 4.227722E-02 4.227726E-02 4.226426E-02 4.226448E-02 4.226586E-02 4.226213E-02 4.226059E-02 4.225558E-02 .0422567 4.225592E-02 4.226116E-02 4.226552E-02 4.225792E-02 4.225655E-02 4.225368E-02 4.225207E-02 4.224656E-02 4.224493E-02 .0422413 4.223963E-02 4.223279E-02 4.223143E-02 4.222987E-02 4.222728E-02 .0422243 4.222262E-02 4.222196E-02 .0422227 4.222364E-02 4.222414E-02 4.221928E-02 4.222003E-02 4.224799E-02 4.224861E-02 4.224634E-02 .0422429 4.223917E-02 4.223513E-02 .0422317
.0422575 .0422558 4.225424E-02 4.225049E-02 4.224781E-02 4.224726E-02 4.224662E-02 4.224518E-02 4.224204E-02 4.223419E-02 4.224582E-02 4.224418E-02 4.227073E-02 4.226881E-02 4.226847E-02 4.227792E-02 4.227645E-02 4.226154E-02 4.225849E-02 4.225641E-02 4.225519E-02 4.225244E-02 4.225113E-02 4.225279E-02 4.224629E-02 4.224515E-02 4.224268E-02 4.224398E-02 4.224774E-02 4.224409E-02 4.224148E-02 4.223964E-02 4.223871E-02 .0422378 .042228 4.222761E-02 .0422268 4.222723E-02 4.222705E-02 4.222948E-02 4.223339E-02 4.223466E-02 4.223242E-02 .0422315 4.222896E-02 .0422211 4.224988E-02 .0422497 4.224743E-02 4.224408E-02 .0422398 4.226736E-02 .0422622
.0422556 4.225393E-02 4.225481E-02 4.225275E-02 4.225099E-02 4.224785E-02 4.224466E-02 4.224493E-02 4.224418E-02 4.223397E-02 4.223326E-02 4.224312E-02 4.227005E-02 4.226485E-02 4.226585E-02 4.227509E-02 4.227322E-02 4.225832E-02 .0422575 .0422547 .0422532 4.225171E-02 4.224399E-02 4.224332E-02 4.224342E-02 4.224214E-02 4.223987E-02 4.223732E-02 4.223333E-02 4.222923E-02 4.222794E-02 4.223192E-02 .0422338 .0422342 4.222985E-02 .04223 4.223027E-02 4.223113E-02 4.223146E-02 4.222937E-02 4.223144E-02 4.223453E-02 4.223658E-02 4.223691E-02 4.223693E-02 4.222866E-02 4.225418E-02 4.225221E-02 4.224692E-02 4.224329E-02 4.226845E-02 4.226211E-02 4.225763E-02
4.225335E-02 4.225394E-02 4.225506E-02 4.225416E-02 4.225297E-02 4.224898E-02 .0422463 4.224458E-02 .0422435 4.224132E-02 4.223059E-02 4.222566E-02 4.226086E-02 4.226345E-02 4.226311E-02 4.226332E-02 4.227174E-02 4.225848E-02 4.225677E-02 4.225596E-02 .0422489 4.224595E-02 .0422442 4.224072E-02 4.223805E-02 4.223896E-02 4.223631E-02 4.223306E-02 4.222822E-02 4.222549E-02 4.222429E-02 4.222342E-02 4.222344E-02 4.222539E-02 4.222609E-02 4.223371E-02 4.223316E-02 .0422313 4.223013E-02 4.223172E-02 .0422321 4.223359E-02 4.223493E-02 4.223568E-02 4.223505E-02 4.222815E-02 4.225664E-02 4.225668E-02 4.225135E-02 4.227335E-02 .0422656 4.225942E-02 4.225476E-02
4.225402E-02 .0422533 4.225279E-02 4.225472E-02 4.225148E-02 4.224859E-02 4.224696E-02 4.224304E-02 4.224016E-02 4.223703E-02 4.222581E-02 .0422247 .0422505 4.226015E-02 4.226065E-02 4.226347E-02 4.227095E-02 4.226818E-02 4.225203E-02 4.224944E-02 4.224903E-02 4.224531E-02 4.224335E-02 4.223849E-02 4.223511E-02 4.223466E-02 4.223312E-02 .0422297 4.222858E-02 4.222833E-02 .0422294 4.222722E-02 4.222691E-02 4.222703E-02 4.221993E-02 4.221977E-02 4.222031E-02 4.222589E-02 4.223209E-02 4.223163E-02 4.222947E-02 4.223083E-02 4.223261E-02 4.223293E-02 4.223241E-02 4.222299E-02 4.224961E-02 4.227681E-02 4.227458E-02 4.227111E-02 4.226794E-02 4.226556E-02 4.225848E-02
4.225376E-02 4.225356E-02 4.225338E-02 4.225117E-02 4.224933E-02 4.224566E-02 4.224148E-02 4.223803E-02 4.223485E-02 4.223388E-02 4.222734E-02 4.222548E-02 4.225237E-02 .042261 4.226004E-02 4.225891E-02 4.226618E-02 4.226435E-02 .0422512 .0422489 4.224594E-02 4.224206E-02 4.223803E-02 .0422364 .0422337 4.223376E-02 .0422361 4.223308E-02 4.223166E-02 4.222984E-02 4.222912E-02 4.222984E-02 4.222771E-02 4.222777E-02 4.221981E-02 4.222082E-02 4.222265E-02 4.222307E-02 4.222305E-02 4.222282E-02 4.222009E-02 4.222354E-02 4.222677E-02 4.222512E-02 4.222284E-02 4.221517E-02 4.227248E-02 4.227041E-02 4.226787E-02 4.226501E-02 4.226284E-02 4.225963E-02 4.225646E-02
4.225148E-02 4.225093E-02 4.224896E-02 4.224603E-02 4.224163E-02 4.223913E-02 4.223774E-02 .0422385 4.223691E-02 4.223595E-02 4.222919E-02 4.225462E-02 4.225422E-02 4.225117E-02 .0422548 4.225384E-02 .0422524 4.226301E-02 .0422507 4.224811E-02 4.224595E-02 4.224252E-02 .0422391 4.223675E-02 4.223591E-02 .0422372 .0422332 4.223359E-02 .0422323 4.222943E-02 .0422291 4.222995E-02 4.222926E-02 4.222792E-02 4.222127E-02 4.222325E-02 4.222333E-02 .0422239 4.222256E-02 4.222141E-02 4.221856E-02 4.221322E-02 4.220663E-02 .0422046 4.221066E-02 4.224426E-02 4.226498E-02 4.226373E-02 4.226167E-02 4.225971E-02 4.225671E-02 4.225381E-02 4.225311E-02
.0422461 4.224236E-02 4.224152E-02 .0422413 .0422407 .0422382 4.223667E-02 4.223872E-02 4.223992E-02 .0422383 4.223052E-02 4.225568E-02 4.224755E-02 4.224702E-02 4.224502E-02 .042255 .0422532 4.226065E-02 .0422489 4.225154E-02 4.224891E-02 4.224391E-02 4.224236E-02 4.223954E-02 4.223745E-02 4.223644E-02 4.223152E-02 4.223058E-02 .0422333 4.223207E-02 4.222925E-02 4.222967E-02 4.223013E-02 4.222996E-02 4.222205E-02 4.222294E-02 4.222246E-02 4.222139E-02 4.221938E-02 4.221732E-02 4.221334E-02 4.221029E-02 .0422077 4.223239E-02 4.222863E-02 4.222598E-02 4.224806E-02 4.225017E-02 4.225438E-02 4.225317E-02 4.225061E-02 .0422501 4.224968E-02
4.223941E-02 4.224062E-02 4.224174E-02 4.224163E-02 4.224184E-02 4.224022E-02 4.223821E-02 4.223658E-02 4.223763E-02 4.223614E-02 4.222574E-02 4.225007E-02 4.224847E-02 4.224734E-02 4.224653E-02 4.224808E-02 .0422563 4.225521E-02 4.226366E-02 4.225032E-02 4.224764E-02 4.224573E-02 4.224306E-02 4.223993E-02 4.223784E-02 4.223334E-02 4.223377E-02 .0422323 4.223244E-02 4.223138E-02 4.223086E-02 4.223157E-02 4.222932E-02 4.222911E-02 4.222028E-02 4.222031E-02 4.221813E-02 4.221555E-02 4.221324E-02 4.221296E-02 4.221119E-02 4.220706E-02 4.223507E-02 4.223229E-02 4.222644E-02 4.222216E-02 4.224446E-02 4.224239E-02 4.223907E-02 4.223678E-02 4.223823E-02 .0422429 4.224731E-02
4.223868E-02 4.223995E-02 4.224208E-02 4.224226E-02 4.224167E-02 4.224061E-02 4.223797E-02 4.223682E-02 4.223141E-02 4.222997E-02 4.222854E-02 4.225056E-02 4.225143E-02 4.225092E-02 4.225032E-02 4.224978E-02 4.225828E-02 4.225555E-02 4.226357E-02 4.225135E-02 .0422473 4.224363E-02 4.224333E-02 .0422405 4.223843E-02 4.223488E-02 4.223424E-02 4.223251E-02 4.223199E-02 4.223461E-02 4.223318E-02 4.222957E-02 4.222821E-02 4.222325E-02 4.221363E-02 4.221334E-02 4.221286E-02 4.221097E-02 4.220998E-02 4.220961E-02 4.220821E-02 4.223747E-02 4.223327E-02 4.222996E-02 4.222488E-02 4.222041E-02 4.224123E-02 4.224028E-02 4.223819E-02 4.223713E-02 4.223617E-02 4.223473E-02 4.223225E-02
4.223807E-02 4.223914E-02 4.224182E-02 4.224292E-02 4.224244E-02 4.224011E-02 4.223407E-02 4.223313E-02 4.223161E-02 4.223002E-02 4.222903E-02 4.225254E-02 4.225216E-02 4.225229E-02 4.225266E-02 4.225176E-02 4.224786E-02 4.225744E-02 4.225588E-02 4.225003E-02 4.224834E-02 4.224583E-02 4.224148E-02 4.223974E-02 4.223705E-02 4.223509E-02 4.223387E-02 4.223478E-02 4.223297E-02 4.223112E-02 4.223105E-02 4.222739E-02 4.222327E-02 4.221926E-02 4.220863E-02 4.220754E-02 4.220814E-02 4.220863E-02 4.220826E-02 4.223774E-02 4.223674E-02 4.223541E-02 4.223081E-02 4.222701E-02 4.222306E-02 .0422183 4.224703E-02 4.224035E-02 4.223841E-02 4.223796E-02 4.223666E-02 4.223367E-02 4.223197E-02
4.223912E-02 4.223994E-02 4.224097E-02 4.224214E-02 4.223887E-02 4.224021E-02 4.223766E-02 4.223568E-02 .0422335 4.223081E-02 4.223023E-02 4.225138E-02 4.225323E-02 4.225482E-02 4.225324E-02 4.225158E-02 4.224984E-02 4.224844E-02 .0422568 4.226369E-02 4.224914E-02 .0422446 .0422422 4.223528E-02 4.223226E-02 4.223537E-02 4.223578E-02 .042234 4.223248E-02 4.222655E-02 4.222285E-02 4.222195E-02 4.222077E-02 4.222137E-02 4.221085E-02 .0422084 4.220462E-02 4.220285E-02 4.223299E-02 4.223599E-02 4.223513E-02 4.223209E-02 4.222915E-02 4.222575E-02 4.222175E-02 4.222006E-02 4.224796E-02 .0422404 .0422413 4.223832E-02 4.223537E-02 4.223387E-02 4.222996E-02
4.224147E-02 4.224101E-02 4.223897E-02 4.223873E-02 4.224025E-02 4.224196E-02 4.223979E-02 4.223759E-02 4.223495E-02 4.223354E-02 4.223292E-02 4.225486E-02 4.225322E-02 .0422518 4.225244E-02 4.225161E-02 4.225058E-02 4.224771E-02 4.224484E-02 4.226138E-02 4.224711E-02 4.224446E-02 .0422414 4.223551E-02 4.223429E-02 4.223207E-02 4.223124E-02 .0422303 4.222694E-02 4.222442E-02 4.222157E-02 4.222197E-02 4.222096E-02 4.221987E-02 4.221056E-02 4.220907E-02 4.220689E-02 4.223249E-02 4.223029E-02 4.222989E-02 4.222925E-02 4.222815E-02 4.222832E-02 4.222468E-02 4.222371E-02 4.222187E-02 4.225085E-02 4.224194E-02 4.223932E-02 4.223788E-02 4.224056E-02 4.223774E-02 4.223577E-02
4.224061E-02 4.223936E-02 4.223825E-02 4.223786E-02 4.223759E-02 4.223937E-02 4.224007E-02 4.224019E-02 .0422384 4.223764E-02 4.223518E-02 4.225487E-02 4.225416E-02 4.225078E-02 4.225048E-02 4.225093E-02 4.224754E-02 4.224272E-02 4.224113E-02 4.225001E-02 4.224552E-02 4.224429E-02 4.224042E-02 4.223784E-02 .0422333 4.222915E-02 4.222605E-02 4.222304E-02 4.222511E-02 4.222454E-02 4.222277E-02 4.221937E-02 4.221895E-02 4.221686E-02 4.220903E-02 4.224038E-02 4.223876E-02 4.223433E-02 .0422307 4.222856E-02 .0422262 4.222529E-02 4.222509E-02 4.222462E-02 4.222468E-02 4.225095E-02 .0422557 4.224753E-02 4.224478E-02 4.224382E-02 4.224246E-02 4.223884E-02 4.223904E-02
4.223936E-02 .0422384 4.223869E-02 4.223929E-02 4.223872E-02 4.223728E-02 4.223905E-02 4.223938E-02 4.224068E-02 4.223876E-02 4.226293E-02 4.225489E-02 4.225289E-02 4.224934E-02 4.224886E-02 4.224582E-02 4.224525E-02 .0422399 4.223884E-02 4.223723E-02 4.225646E-02 4.224439E-02 4.223922E-02 4.223574E-02 4.223214E-02 4.222946E-02 4.222533E-02 4.222415E-02 4.222202E-02 4.222111E-02 .0422218 4.221921E-02 4.221736E-02 4.221642E-02 .0422389 4.223803E-02 4.223707E-02 4.223548E-02 4.223146E-02 4.222829E-02 4.222754E-02 4.222631E-02 4.222535E-02 4.222935E-02 4.222857E-02 4.225681E-02 4.225784E-02 4.225558E-02 .0422487 4.224568E-02 4.224288E-02 .0422421 4.223968E-02
4.223794E-02 4.223789E-02 4.224009E-02 .0422389 4.223774E-02 4.223621E-02 4.223643E-02 4.223768E-02 4.223666E-02 4.223658E-02 4.226355E-02 4.225999E-02 4.225162E-02 4.225164E-02 4.224811E-02 .0422443 4.224011E-02 4.223716E-02 4.223644E-02 4.223727E-02 4.223617E-02 4.223765E-02 4.223572E-02 4.223531E-02 4.223391E-02 .0422318 4.222797E-02 4.222572E-02 4.222285E-02 .0422193 4.221734E-02 4.221857E-02 4.221684E-02 4.224495E-02 4.223591E-02 .0422366 4.223572E-02 4.223358E-02 4.223253E-02 4.223192E-02 4.223379E-02 4.223229E-02 4.223275E-02 .0422327 4.223008E-02 4.225715E-02 4.225862E-02 4.225691E-02 4.225174E-02 4.224777E-02 4.224418E-02 4.224199E-02 4.223736E-02
