inputs/Middelgrunden/Resource grid 1   Sector 6   Height 64m   Sector frequency.grd
DSAA
 111           201 
 728800        731000
 6176000       6180000
 7.184433E-02  7.316011E-02
[rows 0 to 22 of 201, columns 53 to 105 of 111]
7.269607E-02 7.263014E-02 7.262085E-02 7.261781E-02 7.261279E-02 7.260834E-02 7.259991E-02 7.257017E-02 7.255858E-02 7.254756E-02 7.253726E-02 7.252312E-02 7.251049E-02 .0724997 7.248959E-02 7.246763E-02 7.245976E-02 7.245003E-02 7.244319E-02 7.243577E-02 7.242717E-02 7.241762E-02 7.240867E-02 7.240177E-02 7.239145E-02 7.238594E-02 .0724422 7.243866E-02 7.242785E-02 .0724327 7.242558E-02 7.241907E-02 7.241174E-02 .0724013 7.237725E-02 7.236975E-02 7.236421E-02 .0723583 7.235335E-02 7.234746E-02 7.234011E-02 7.230227E-02 7.229462E-02 7.228745E-02 7.229307E-02 7.228748E-02 7.227966E-02 7.227449E-02 7.227506E-02 7.227052E-02 7.226408E-02 .0722592 7.225624E-02
7.263661E-02 7.262568E-02 7.261706E-02 7.261294E-02 7.260776E-02 7.260927E-02 7.260056E-02 7.256419E-02 7.255099E-02 7.253971E-02 7.251301E-02 7.251656E-02 7.250394E-02 7.249465E-02 7.248465E-02 7.247659E-02 7.245511E-02 .0724481 7.244104E-02 7.243226E-02 7.242294E-02 7.241302E-02 7.240488E-02 7.239568E-02 7.238512E-02 .0723774 7.243304E-02 7.243135E-02 7.242261E-02 7.242378E-02 7.241707E-02 7.240838E-02 7.240143E-02 7.239447E-02 7.237121E-02 7.236427E-02 7.235897E-02 7.235486E-02 7.234891E-02 7.234304E-02 7.233479E-02 7.230063E-02 7.229384E-02 7.228597E-02 7.228798E-02 7.228465E-02 7.228167E-02 7.227547E-02 7.227163E-02 7.226679E-02 7.226607E-02 7.225809E-02 7.225451E-02
7.263043E-02 7.262485E-02 7.261884E-02 7.261048E-02 7.260396E-02 7.259905E-02 7.258716E-02 7.256307E-02 7.255022E-02 7.253466E-02 7.251022E-02 7.249954E-02 7.249787E-02 7.249145E-02 7.248036E-02 7.247341E-02 7.245117E-02 7.244173E-02 7.244063E-02 7.242769E-02 7.241853E-02 7.240875E-02 7.239865E-02 7.238766E-02 7.237925E-02 7.236981E-02 7.242473E-02 7.241924E-02 7.241297E-02 7.241154E-02 7.241372E-02 7.240667E-02 7.239724E-02 .0723905 7.236553E-02 7.235976E-02 7.235514E-02 7.234898E-02 7.234453E-02 7.233586E-02 7.233028E-02 7.229663E-02 7.228851E-02 7.227904E-02 7.227436E-02 7.228234E-02 7.227882E-02 7.227327E-02 7.226822E-02 7.226233E-02 7.225707E-02 7.225123E-02 7.225262E-02
7.262476E-02 7.262057E-02 7.261424E-02 7.260583E-02 7.259908E-02 7.259469E-02 7.258318E-02 7.255293E-02 7.254669E-02 7.253501E-02 7.252529E-02 7.249539E-02 7.248508E-02 7.248528E-02 7.247712E-02 7.246831E-02 7.244553E-02 7.243776E-02 7.243339E-02 7.242334E-02 7.241128E-02 7.240068E-02 7.239063E-02 .0723821 7.237294E-02 7.236362E-02 7.241763E-02 7.241616E-02 7.241008E-02 7.240035E-02 7.239304E-02 7.240239E-02 7.239362E-02 7.238819E-02 .0723611 .0723559 .0723511 7.234437E-02 7.233915E-02 7.233447E-02 7.232767E-02 7.231986E-02 7.228433E-02 7.227729E-02 7.227144E-02 7.227793E-02 7.227729E-02 7.227065E-02 7.226259E-02 7.225724E-02 7.225366E-02 7.224954E-02 7.224288E-02
7.262551E-02 7.261764E-02 7.260831E-02 7.260021E-02 7.259487E-02 7.258901E-02 7.257698E-02 .072547 7.253782E-02 7.252851E-02 7.251838E-02 7.249364E-02 7.247898E-02 7.246742E-02 7.246747E-02 7.246243E-02 7.243928E-02 7.243283E-02 7.242409E-02 .0724161 7.240511E-02 7.239284E-02 7.238371E-02 7.237715E-02 7.236779E-02 7.235902E-02 7.241532E-02 7.241095E-02 7.240393E-02 .0723969 .0723884 7.239484E-02 7.238887E-02 7.238223E-02 7.235827E-02 7.235441E-02 7.234725E-02 7.234271E-02 7.233784E-02 7.233237E-02 7.232525E-02 7.231499E-02 7.228135E-02 7.227369E-02 7.226732E-02 7.227425E-02 7.226944E-02 7.226664E-02 7.225908E-02 7.225389E-02 .0722497 7.224551E-02 7.224088E-02
7.262062E-02 7.261188E-02 7.260029E-02 7.259174E-02 7.258942E-02 7.258105E-02 7.256824E-02 7.253848E-02 7.252833E-02 7.252093E-02 7.251051E-02 7.248486E-02 7.247702E-02 7.246656E-02 7.244921E-02 7.245418E-02 7.244131E-02 7.242601E-02 7.241867E-02 .0724095 7.240054E-02 7.239117E-02 7.237943E-02 7.237293E-02 7.236402E-02 7.235784E-02 .0724111 7.240478E-02 7.240071E-02 7.239196E-02 7.238398E-02 7.237636E-02 7.238406E-02 7.237718E-02 7.235108E-02 7.234607E-02 7.234534E-02 7.234447E-02 7.233316E-02 7.232461E-02 7.232093E-02 7.231131E-02 7.230287E-02 7.227173E-02 7.226592E-02 7.226443E-02 7.226755E-02 7.226388E-02 7.225995E-02 .0722542 .0722478 7.224392E-02 7.228252E-02
7.261171E-02 7.260161E-02 7.259323E-02 7.258597E-02 7.258017E-02 .0725738 7.256234E-02 7.253366E-02 7.252249E-02 7.251382E-02 7.250561E-02 .072496 7.246849E-02 7.246128E-02 7.244852E-02 7.243889E-02 7.243764E-02 7.241875E-02 7.241186E-02 7.240289E-02 .0723969 7.238668E-02 .0723778 .0723699 7.236192E-02 7.235051E-02 7.240477E-02 7.239854E-02 7.239231E-02 7.238573E-02 7.237728E-02 7.236986E-02 7.237788E-02 7.237418E-02 7.234894E-02 7.234299E-02 7.234201E-02 7.233945E-02 .0723333 7.232693E-02 7.231936E-02 .0723135 7.230368E-02 7.227177E-02 7.226598E-02 7.226238E-02 7.226603E-02 7.226182E-02 7.225865E-02 7.225569E-02 7.224608E-02 7.228536E-02 7.228033E-02
7.260568E-02 7.259652E-02 7.258996E-02 7.258084E-02 .0725719 7.256676E-02 7.255629E-02 7.252786E-02 7.251745E-02 7.250834E-02 .0725 7.249009E-02 7.246447E-02 .0724519 7.243979E-02 7.242642E-02 7.242007E-02 7.240941E-02 7.240181E-02 .0723957 7.238948E-02 7.238106E-02 7.237294E-02 7.236691E-02 7.235536E-02 7.234701E-02 7.240225E-02 7.239517E-02 7.239035E-02 7.238192E-02 .072373 7.236674E-02 7.236309E-02 .0723713 7.235096E-02 7.234564E-02 .0723408 7.233343E-02 7.232692E-02 .0723254 7.232123E-02 7.231754E-02 7.230727E-02 7.229669E-02 7.226405E-02 7.226028E-02 7.226527E-02 7.226107E-02 7.225585E-02 .0722507 7.228987E-02 7.228373E-02 7.228328E-02
7.260305E-02 7.259074E-02 7.257935E-02 7.257181E-02 7.256618E-02 7.255913E-02 7.254886E-02 .0725209 7.251026E-02 7.249967E-02 7.249092E-02 .0724809 7.245553E-02 7.244229E-02 7.243015E-02 7.241748E-02 7.241209E-02 .0723924 7.240209E-02 7.238981E-02 7.238141E-02 7.238052E-02 7.237082E-02 7.236277E-02 7.235431E-02 .0724058 7.239768E-02 7.239099E-02 7.238533E-02 7.237611E-02 7.237131E-02 .072363 7.235935E-02 7.237187E-02 .0723484 7.234585E-02 7.233949E-02 7.233423E-02 7.232526E-02 .0723201 7.231766E-02 7.231687E-02 7.230835E-02 .0722989 7.226271E-02 7.225998E-02 7.226425E-02 7.225966E-02 7.225161E-02 7.229307E-02 7.229021E-02 7.228888E-02 7.228401E-02
.0725905 7.258416E-02 7.257172E-02 7.256049E-02 7.255629E-02 7.254845E-02 7.254128E-02 7.251327E-02 7.250307E-02 7.249246E-02 7.248215E-02 7.247348E-02 7.246276E-02 7.243548E-02 7.242299E-02 7.241277E-02 7.240464E-02 7.239584E-02 7.237611E-02 7.238712E-02 7.238101E-02 7.236879E-02 7.236733E-02 7.235789E-02 7.235026E-02 7.240237E-02 7.239316E-02 7.238517E-02 7.238193E-02 7.237421E-02 7.236594E-02 7.235962E-02 7.235713E-02 7.235497E-02 7.234728E-02 7.234225E-02 7.233817E-02 7.233253E-02 7.232548E-02 7.232027E-02 7.231529E-02 7.230859E-02 7.230322E-02 7.229874E-02 7.226373E-02 7.225859E-02 7.225093E-02 .0722543 7.229246E-02 7.228868E-02 7.228686E-02 7.228255E-02 7.227817E-02
7.258061E-02 7.257245E-02 7.256868E-02 7.255977E-02 7.254802E-02 7.254001E-02 7.251602E-02 7.250462E-02 7.249539E-02 7.248534E-02 7.247572E-02 7.246549E-02 7.245497E-02 7.243069E-02 7.241722E-02 7.241049E-02 .0724037 7.239108E-02 7.237127E-02 7.236291E-02 7.237531E-02 7.236717E-02 7.236269E-02 7.235513E-02 7.234581E-02 7.239746E-02 7.238883E-02 7.238274E-02 7.237933E-02 7.236909E-02 .0723611 .0723569 7.235546E-02 .0723525 7.232856E-02 7.234019E-02 7.233754E-02 7.233116E-02 7.232493E-02 7.231704E-02 7.231128E-02 7.230603E-02 7.229844E-02 7.229014E-02 7.228314E-02 7.225068E-02 7.224753E-02 7.229639E-02 7.228927E-02 7.228473E-02 7.228057E-02 7.227781E-02 7.227536E-02
7.257185E-02 7.256621E-02 7.255942E-02 7.255448E-02 7.254673E-02 7.253408E-02 7.250623E-02 .0724989 7.248776E-02 7.247861E-02 7.246635E-02 7.245632E-02 7.244865E-02 7.243997E-02 7.241121E-02 7.240683E-02 7.239954E-02 7.238456E-02 7.236526E-02 7.235608E-02 7.234618E-02 7.235848E-02 7.235456E-02 7.234669E-02 7.233563E-02 .0723901 7.238414E-02 7.237899E-02 7.237226E-02 7.236467E-02 7.235835E-02 7.235455E-02 7.235268E-02 7.235173E-02 7.232974E-02 7.234238E-02 .0723398 7.233226E-02 7.232442E-02 7.231593E-02 7.231035E-02 7.230408E-02 7.229599E-02 7.228404E-02 7.227808E-02 7.224678E-02 7.229023E-02 7.229684E-02 7.229137E-02 7.228553E-02 7.227997E-02 7.227721E-02 7.227398E-02
7.256497E-02 7.255735E-02 7.255024E-02 7.254224E-02 .0725337 7.252883E-02 7.250085E-02 7.248782E-02 7.247825E-02 7.246596E-02 7.245816E-02 .0724493 7.244074E-02 7.242922E-02 7.240503E-02 7.240428E-02 7.239407E-02 7.238149E-02 7.235977E-02 7.235017E-02 7.234203E-02 7.233492E-02 7.234701E-02 .0723392 7.233417E-02 7.238949E-02 7.238097E-02 7.237384E-02 7.237052E-02 7.236362E-02 .0723578 7.235456E-02 7.235552E-02 .0723538 7.233031E-02 7.232396E-02 7.233651E-02 7.232925E-02 7.232001E-02 7.231365E-02 7.230835E-02 7.230238E-02 7.229233E-02 7.228325E-02 .072276 7.231771E-02 7.228713E-02 7.228488E-02 7.228795E-02 7.228554E-02 7.228064E-02 7.227706E-02 7.226935E-02
7.254867E-02 7.255048E-02 7.254245E-02 7.253546E-02 7.252672E-02 7.251887E-02 7.249584E-02 7.248249E-02 7.246716E-02 7.246026E-02 7.245401E-02 7.244451E-02 7.243652E-02 .0724248 7.240071E-02 7.239982E-02 7.238919E-02 7.237799E-02 7.235354E-02 7.234498E-02 7.233721E-02 7.232954E-02 7.232366E-02 7.233626E-02 7.233028E-02 7.238668E-02 7.237726E-02 7.237549E-02 7.237202E-02 .0723655 7.235887E-02 7.235378E-02 7.235199E-02 7.235155E-02 7.232836E-02 7.232028E-02 7.233646E-02 7.232818E-02 7.231932E-02 7.231259E-02 7.230604E-02 7.230063E-02 7.229247E-02 7.228415E-02 7.232256E-02 7.231715E-02 7.228794E-02 7.228111E-02 7.228702E-02 7.228238E-02 7.227831E-02 7.227677E-02 7.226803E-02
7.254291E-02 7.254466E-02 .0725386 7.253119E-02 .0725228 7.251298E-02 7.248482E-02 .0724718 7.246626E-02 7.245845E-02 7.244778E-02 7.244106E-02 7.242947E-02 7.242149E-02 7.241359E-02 7.239345E-02 7.238247E-02 7.237159E-02 .0723637 7.233979E-02 7.233203E-02 7.232595E-02 7.231853E-02 7.231259E-02 7.232341E-02 7.237817E-02 .0723727 7.237393E-02 .072372 7.236408E-02 7.235773E-02 7.235105E-02 7.235013E-02 7.234704E-02 7.232393E-02 .0723197 7.231644E-02 7.232818E-02 .0723187 7.231042E-02 7.230184E-02 7.229734E-02 7.229143E-02 7.232966E-02 7.232202E-02 7.231523E-02 7.231236E-02 7.228152E-02 7.228624E-02 7.227919E-02 7.227558E-02 7.226787E-02 7.226328E-02
7.253557E-02 7.252865E-02 .072532 7.252306E-02 7.251573E-02 7.250271E-02 .0724743 7.246738E-02 7.245747E-02 7.245141E-02 7.244264E-02 7.243107E-02 7.242081E-02 .0724136 7.240931E-02 7.238661E-02 7.237545E-02 7.236534E-02 .0723579 7.233619E-02 7.232708E-02 7.231916E-02 7.231277E-02 7.230271E-02 7.231589E-02 7.237677E-02 7.237047E-02 7.236607E-02 7.236498E-02 7.236011E-02 .0723573 7.234839E-02 7.234247E-02 7.233983E-02 7.232057E-02 7.231617E-02 7.231159E-02 7.232384E-02 .0723149 7.230657E-02 7.229603E-02 7.229134E-02 7.233227E-02 7.232548E-02 7.231811E-02 7.231183E-02 .0723085 7.228108E-02 7.227129E-02 7.227436E-02 7.227069E-02 7.226438E-02 7.232042E-02
7.252847E-02 7.252238E-02 7.252631E-02 7.251462E-02 7.250582E-02 7.249546E-02 7.246882E-02 7.246134E-02 7.245257E-02 7.244229E-02 7.243183E-02 7.242335E-02 7.241502E-02 7.240665E-02 7.240582E-02 7.237943E-02 7.237049E-02 7.236183E-02 7.235515E-02 7.233333E-02 7.232232E-02 7.231318E-02 7.230346E-02 7.229803E-02 7.235393E-02 7.237044E-02 7.236697E-02 7.236294E-02 7.236304E-02 7.235581E-02 7.234915E-02 7.234698E-02 7.234334E-02 7.233792E-02 7.231799E-02 7.231532E-02 7.230952E-02 7.230267E-02 7.231169E-02 7.230176E-02 7.229342E-02 7.233378E-02 7.232682E-02 .0723225 7.231732E-02 7.231201E-02 7.230531E-02 7.227533E-02 7.227072E-02 7.227314E-02 7.226444E-02 7.226004E-02 7.231846E-02
7.251737E-02 7.251127E-02 7.250907E-02 7.250521E-02 7.249633E-02 7.248934E-02 .0724614 7.245398E-02 7.244529E-02 7.243657E-02 7.242745E-02 7.241637E-02 7.241152E-02 7.240362E-02 .0723992 7.239377E-02 7.236692E-02 7.235751E-02 7.235071E-02 7.232718E-02 7.231598E-02 7.230705E-02 7.230126E-02 7.229611E-02 7.235032E-02 7.234494E-02 7.236518E-02 7.236239E-02 7.235908E-02 7.235216E-02 7.234505E-02 7.233956E-02 7.233904E-02 7.233921E-02 7.231715E-02 7.231297E-02 7.230599E-02 7.229857E-02 7.228992E-02 7.230116E-02 .0723381 7.233185E-02 7.232636E-02 7.232025E-02 7.231519E-02 7.230928E-02 .0723055 7.229879E-02 7.227103E-02 .0722743 7.226495E-02 7.225982E-02 7.231411E-02
.072508 .0725 .0724937 7.249296E-02 7.248932E-02 7.248214E-02 7.245589E-02 7.244915E-02 7.244015E-02 7.243244E-02 7.242115E-02 7.241094E-02 7.240121E-02 7.239349E-02 7.239282E-02 7.239082E-02 7.235993E-02 7.235112E-02 7.234184E-02 7.233175E-02 7.231172E-02 7.230448E-02 7.230036E-02 7.229285E-02 7.234702E-02 7.234391E-02 7.234133E-02 7.235911E-02 7.235582E-02 7.234726E-02 7.234264E-02 7.233623E-02 7.233486E-02 7.233191E-02 7.231437E-02 7.230873E-02 7.230174E-02 7.229315E-02 7.228725E-02 7.234487E-02 7.233728E-02 7.233176E-02 7.232574E-02 7.231792E-02 7.231292E-02 7.230701E-02 7.230304E-02 7.230043E-02 7.227118E-02 7.227138E-02 7.226517E-02 7.225775E-02 7.231513E-02
7.249858E-02 7.248868E-02 .0724843 7.247782E-02 7.248272E-02 7.247359E-02 7.244959E-02 7.244074E-02 7.243473E-02 7.242849E-02 7.241461E-02 7.240448E-02 7.239356E-02 7.238967E-02 7.238314E-02 7.238074E-02 .0723552 7.234247E-02 7.233354E-02 7.232589E-02 7.230801E-02 7.230201E-02 7.229567E-02 7.228932E-02 7.234278E-02 .0723389 7.233582E-02 7.233194E-02 7.234982E-02 7.234126E-02 7.233744E-02 7.233562E-02 7.233138E-02 7.232659E-02 7.230456E-02 7.230366E-02 7.230105E-02 .0723383 7.233023E-02 7.232595E-02 7.233727E-02 7.233138E-02 7.232433E-02 7.231615E-02 7.230845E-02 7.230541E-02 7.230303E-02 7.230184E-02 7.229233E-02 7.226364E-02 7.226488E-02 7.225814E-02 7.231535E-02
7.248186E-02 7.248115E-02 7.248054E-02 7.247291E-02 7.247536E-02 7.246894E-02 7.244371E-02 7.244029E-02 7.243084E-02 7.242134E-02 7.240704E-02 7.239714E-02 7.238854E-02 7.238472E-02 7.237688E-02 7.236966E-02 7.236373E-02 7.233553E-02 .072331 7.232228E-02 7.230488E-02 7.229776E-02 7.228897E-02 7.228372E-02 7.233851E-02 7.233338E-02 7.232916E-02 7.232507E-02 7.232357E-02 7.233718E-02 7.233416E-02 .0723303 7.232603E-02 7.232124E-02 7.229986E-02 .0722968 7.233771E-02 7.233572E-02 7.232874E-02 7.232442E-02 .072335 7.232906E-02 7.232068E-02 7.231336E-02 7.230922E-02 7.230618E-02 7.230227E-02 7.230029E-02 7.228979E-02 7.225878E-02 7.226388E-02 7.225742E-02 7.231452E-02
7.247474E-02 7.247259E-02 .0724704 7.246625E-02 7.245795E-02 7.246132E-02 7.243964E-02 7.243175E-02 7.242353E-02 7.241067E-02 7.240054E-02 7.239254E-02 7.238333E-02 7.238079E-02 7.237177E-02 7.236475E-02 7.235606E-02 7.233039E-02 7.232884E-02 7.232281E-02 7.229839E-02 7.229181E-02 7.228483E-02 7.228004E-02 7.233447E-02 .0723298 .0723241 7.232179E-02 7.231854E-02 7.231485E-02 7.232811E-02 7.232335E-02 7.231965E-02 7.231666E-02 7.229598E-02 .0723381 7.233258E-02 7.232709E-02 .0723226 .0723197 7.231192E-02 7.232352E-02 7.231844E-02 7.231158E-02 7.230744E-02 7.230376E-02 7.229982E-02 7.229192E-02 .0722873 7.228234E-02 7.226133E-02 7.225751E-02 7.231059E-02
7.246879E-02 .0724633 7.245778E-02 7.245671E-02 7.245457E-02 7.245657E-02 7.243229E-02 7.242472E-02 7.241713E-02 7.240142E-02 7.239269E-02 .0723865 7.237922E-02 7.237626E-02 7.236483E-02 .0723575 7.235283E-02 7.234865E-02 .0723222 7.231296E-02 7.230925E-02 7.229069E-02 7.228339E-02 7.227851E-02 7.232979E-02 7.232644E-02 7.232284E-02 7.232006E-02 7.231661E-02 7.231142E-02 7.230443E-02 7.231995E-02 7.231572E-02 .0723132 7.233809E-02 7.233358E-02 7.233023E-02 .0723237 7.231764E-02 7.231326E-02 7.230914E-02 7.230696E-02 7.232054E-02 7.231144E-02 .0723054 7.230085E-02 7.229427E-02 7.228782E-02 7.228417E-02 7.227866E-02 7.224837E-02 7.225064E-02 7.230499E-02
