inputs/Middelgrunden/Resource grid 1   Sector 4   Height 64m   Weibull-A.grd
DSAA
 111           201 
 728800        731000
 6176000       6180000
 9.133225      9.182951
[rows 140 to 167 of 201, columns 0 to 62 of 111]
9.175922 9.176024 9.176119 9.176181 9.17629 9.176455 9.176558 9.176672 9.176745 9.176839 9.176934 9.177014 9.177022 9.177217 9.177357 9.177469 9.177548 9.177675 9.177723 9.177687 9.177809 9.177944 9.177897 9.177877 9.17797 9.178012 9.178074 9.178103 9.178284 9.178343 9.178409 9.178492 9.178513 9.178571 9.178637 9.178721 9.178532 9.178001 9.178045 9.178081 9.178128 9.178165 9.178276 9.178259 9.17827 9.178207 9.178176 9.178163 9.17817 9.178266 9.178205 9.178182 9.178179 9.178154 9.178174 9.178176 9.178237 9.178251 9.17827 9.178288 9.178225 9.178228 9.178499
9.175733 9.175897 9.17608 9.176153 9.176162 9.176267 9.176408 9.176695 9.176847 9.17692 9.176956 9.177034 9.177141 9.17722 9.177292 9.177415 9.177586 9.177627 9.177585 9.1776 9.17767 9.177743 9.177822 9.177953 9.178036 9.178147 9.178203 9.178267 9.178253 9.178349 9.17841 9.178519 9.178515 9.178556 9.178593 9.178685 9.17877 9.178827 9.178932 9.179 9.17905 9.179104 9.178737 9.178348 9.178306 9.178323 9.178272 9.178365 9.178387 9.178462 9.178357 9.178351 9.17836 9.178342 9.178311 9.178345 9.17836 9.178345 9.17837 9.178411 9.178427 9.178391 9.178407
9.175445 9.175657 9.175819 9.176117 9.17611 9.176211 9.176382 9.176451 9.176669 9.176805 9.176919 9.177048 9.177112 9.177269 9.177316 9.177284 9.177358 9.177362 9.177525 9.177505 9.177593 9.177559 9.177639 9.17791 9.178029 9.178123 9.178234 9.178328 9.178444 9.178514 9.178597 9.178644 9.178676 9.17854 9.178521 9.178493 9.178604 9.178688 9.178773 9.17891 9.179011 9.179075 9.17919 9.179185 9.179256 9.179337 9.179327 9.179154 9.178657 9.178502 9.178416 9.178444 9.178457 9.1784 9.178399 9.17843 9.17843 9.178444 9.178502 9.178545 9.178582 9.17852 9.17864
9.175253 9.175385 9.175575 9.175647 9.175717 9.175858 9.175946 9.176109 9.176247 9.176364 9.176523 9.176625 9.176912 9.176967 9.177214 9.177289 9.177329 9.177341 9.177433 9.177423 9.177602 9.177659 9.177739 9.177818 9.177822 9.178045 9.178116 9.178203 9.178291 9.178351 9.178439 9.178533 9.178595 9.178552 9.178511 9.178474 9.178583 9.178716 9.178776 9.178936 9.178857 9.178905 9.179021 9.179115 9.179153 9.17922 9.17924 9.179296 9.179325 9.179406 9.179396 9.179432 9.179423 9.179185 9.178626 9.178616 9.17862 9.178621 9.178651 9.178778 9.178828 9.178796 9.178831
9.17504 9.17514 9.175295 9.175376 9.175485 9.17561 9.175727 9.175758 9.17585 9.175998 9.176136 9.176285 9.176439 9.176556 9.176736 9.17682 9.176987 9.177111 9.17717 9.177157 9.177477 9.177472 9.177621 9.177642 9.177751 9.177818 9.177906 9.177933 9.177991 9.178082 9.17816 9.178399 9.178411 9.178378 9.178362 9.178475 9.178645 9.178668 9.17875 9.178884 9.178969 9.179031 9.17916 9.179256 9.179286 9.179346 9.179215 9.179294 9.179341 9.179416 9.17933 9.179365 9.179448 9.17951 9.179525 9.179544 9.179678 9.179731 9.179779 9.179318 9.179019 9.179014 9.179009
9.174781 9.174951 9.175049 9.17505 9.175151 9.175221 9.175344 9.175466 9.175656 9.175792 9.175852 9.175891 9.176092 9.176225 9.176358 9.176394 9.176545 9.176627 9.176728 9.176756 9.176808 9.176968 9.177066 9.177184 9.17734 9.177434 9.17765 9.177732 9.177792 9.178101 9.178102 9.178199 9.178249 9.178273 9.178301 9.178449 9.178583 9.178684 9.178775 9.178921 9.178953 9.178996 9.179121 9.179257 9.179307 9.179386 9.179379 9.17937 9.179397 9.179453 9.179427 9.179494 9.179411 9.179538 9.179586 9.179645 9.179696 9.179732 9.179791 9.179853 9.179935 9.179978 9.179985
9.173932 9.173966 9.173982 9.174687 9.174773 9.174921 9.175026 9.175083 9.175353 9.17543 9.175542 9.175663 9.175756 9.175822 9.175953 9.1761 9.176181 9.176318 9.176406 9.176483 9.176634 9.176747 9.176819 9.176915 9.176997 9.177095 9.177234 9.177331 9.177426 9.177557 9.177731 9.177811 9.177999 9.178034 9.177996 9.178125 9.178229 9.178615 9.17871 9.178904 9.179017 9.179049 9.179182 9.179241 9.17929 9.179242 9.179285 9.179373 9.179418 9.179441 9.179521 9.179569 9.179648 9.17969 9.179721 9.179769 9.179812 9.179892 9.179793 9.179843 9.179918 9.179987 9.179958
9.174088 9.174161 9.174292 9.174282 9.174381 9.174398 9.174451 9.174502 9.17448 9.174638 9.174716 9.175453 9.175497 9.175574 9.175681 9.175825 9.175882 9.176065 9.176185 9.176173 9.176282 9.176428 9.17655 9.176666 9.176743 9.176837 9.176917 9.177032 9.177198 9.177278 9.177381 9.177475 9.177664 9.177757 9.177758 9.177929 9.177948 9.178106 9.178311 9.178477 9.17859 9.178712 9.178823 9.178992 9.179032 9.179075 9.179242 9.179341 9.179409 9.17952 9.179528 9.179586 9.179637 9.179682 9.1797 9.179771 9.179807 9.179853 9.179911 9.179957 9.180058 9.180113 9.180187
9.174118 9.174302 9.174373 9.174542 9.174569 9.174644 9.174727 9.174808 9.174819 9.174951 9.17499 9.175025 9.175107 9.175132 9.175064 9.17521 9.175248 9.175307 9.175336 9.17533 9.17609 9.176126 9.176225 9.176372 9.17653 9.176594 9.176683 9.176817 9.17691 9.176984 9.177169 9.177337 9.177457 9.177568 9.17756 9.17766 9.177749 9.177876 9.177958 9.178081 9.178228 9.178316 9.178448 9.178536 9.178769 9.178813 9.178838 9.178963 9.179086 9.179135 9.179198 9.179281 9.179401 9.179479 9.179641 9.179747 9.179901 9.179935 9.179974 9.180048 9.180135 9.180202 9.18025
9.174328 9.174434 9.174499 9.174536 9.174699 9.174763 9.174878 9.174938 9.175011 9.175233 9.17521 9.175303 9.175272 9.17535 9.175416 9.175529 9.175564 9.175626 9.175677 9.175624 9.175617 9.175673 9.175699 9.175739 9.175797 9.17587 9.17602 9.176066 9.176781 9.176851 9.176894 9.177073 9.177192 9.177307 9.177259 9.177399 9.177447 9.177636 9.177683 9.177835 9.177934 9.178091 9.178166 9.178294 9.178483 9.178569 9.178556 9.178645 9.178758 9.178818 9.178942 9.179065 9.179157 9.179261 9.179336 9.179433 9.179535 9.179601 9.179683 9.179763 9.179913 9.179991 9.180066
9.174442 9.174547 9.174644 9.17478 9.17487 9.174938 9.174983 9.175114 9.175108 9.175127 9.17524 9.175367 9.175491 9.175587 9.175609 9.175801 9.175802 9.175845 9.175892 9.175851 9.175884 9.175933 9.176066 9.176147 9.176194 9.176245 9.176193 9.176234 9.176335 9.176343 9.176387 9.176443 9.176526 9.176607 9.176647 9.176563 9.176609 9.177381 9.177591 9.177704 9.177804 9.177917 9.178041 9.178128 9.178189 9.178228 9.178237 9.178359 9.178457 9.17855 9.178673 9.178642 9.178756 9.178842 9.178918 9.179037 9.179224 9.179291 9.179416 9.179507 9.17964 9.179702 9.179787
9.175361 9.175465 9.17548 9.175563 9.175481 9.175544 9.175491 9.175415 9.175253 9.175294 9.175467 9.17552 9.175635 9.175712 9.175808 9.175882 9.175966 9.175998 9.176076 9.176064 9.176182 9.176326 9.176353 9.176384 9.176508 9.176553 9.1766 9.176682 9.176724 9.17673 9.176703 9.17681 9.176764 9.176731 9.176695 9.176702 9.176803 9.176827 9.17698 9.177082 9.177116 9.17717 9.177243 9.177274 9.177278 9.177848 9.17802 9.178144 9.178192 9.178283 9.178354 9.178402 9.178494 9.178597 9.178662 9.178746 9.178819 9.178886 9.178985 9.179165 9.179288 9.179416 9.179607
9.175314 9.175413 9.175399 9.175534 9.175659 9.175759 9.175842 9.176041 9.176261 9.176298 9.176394 9.17652 9.176522 9.176552 9.176515 9.176495 9.176451 9.1764 9.17645 9.176385 9.176442 9.176458 9.176515 9.176558 9.17653 9.176664 9.176724 9.176853 9.176891 9.176887 9.176859 9.176884 9.176943 9.17697 9.176974 9.176916 9.177008 9.177016 9.177151 9.177171 9.177187 9.177366 9.177434 9.177497 9.177507 9.177487 9.177542 9.177532 9.177589 9.177609 9.177708 9.177631 9.17767 9.177691 9.17849 9.178529 9.178513 9.178625 9.17876 9.178811 9.178937 9.179012 9.1791
9.1754 9.175505 9.175575 9.175701 9.175778 9.175912 9.175952 9.176046 9.176095 9.176188 9.176317 9.176565 9.17666 9.176756 9.176878 9.176967 9.177129 9.177252 9.177332 9.177365 9.17739 9.17729 9.177206 9.177136 9.177066 9.17699 9.176931 9.176964 9.176889 9.177032 9.177057 9.177045 9.17708 9.177208 9.177135 9.177116 9.177209 9.177257 9.177383 9.177383 9.177467 9.177501 9.177649 9.177685 9.177649 9.17765 9.177706 9.177732 9.1778 9.177808 9.177846 9.177809 9.177906 9.177934 9.177928 9.177956 9.177954 9.177969 9.178037 9.177975 9.178038 9.178061 9.178225
9.175333 9.175443 9.175575 9.175701 9.175891 9.175934 9.176043 9.176065 9.176158 9.176211 9.176394 9.176512 9.176597 9.17665 9.176841 9.176926 9.177068 9.177196 9.177287 9.177323 9.177375 9.177467 9.177507 9.177623 9.177712 9.177807 9.177889 9.177906 9.177951 9.177958 9.177794 9.177708 9.177614 9.177509 9.177322 9.17737 9.177324 9.177333 9.177401 9.177591 9.177603 9.177639 9.177835 9.177894 9.177959 9.177924 9.177965 9.17798 9.177999 9.178051 9.177986 9.177998 9.178009 9.177976 9.178 9.178096 9.178157 9.178134 9.178142 9.178167 9.178266 9.178249 9.178261
9.175338 9.175418 9.175563 9.175711 9.175841 9.176006 9.176086 9.176188 9.176266 9.176277 9.176365 9.176477 9.176648 9.176725 9.176792 9.176832 9.176932 9.177135 9.177186 9.177229 9.177273 9.177378 9.177551 9.17764 9.177695 9.177764 9.177832 9.177864 9.177924 9.178015 9.178026 9.178153 9.178216 9.178214 9.178282 9.17835 9.178337 9.178311 9.178249 9.178165 9.178064 9.177958 9.177968 9.177942 9.178019 9.178099 9.178166 9.178112 9.178133 9.178165 9.178203 9.178189 9.17819 9.178216 9.1783 9.178369 9.178245 9.178341 9.178354 9.178382 9.178383 9.178401 9.178453
9.17563 9.175689 9.175859 9.175899 9.176005 9.17611 9.176147 9.176158 9.176255 9.176276 9.176367 9.176401 9.176595 9.176708 9.176798 9.176881 9.176948 9.177061 9.177164 9.1771 9.177306 9.177389 9.177466 9.177512 9.177599 9.177695 9.177756 9.177826 9.17795 9.178026 9.178117 9.178152 9.178207 9.178218 9.178291 9.178374 9.178359 9.178387 9.178457 9.178503 9.178561 9.178568 9.178738 9.178807 9.178858 9.178868 9.178864 9.17881 9.178651 9.178535 9.178408 9.178341 9.178359 9.178396 9.178442 9.178503 9.178528 9.178525 9.17854 9.178613 9.1786 9.178649 9.178569
9.17565 9.17571 9.175791 9.175808 9.176001 9.176058 9.176151 9.176197 9.176311 9.176445 9.176543 9.176625 9.176623 9.176806 9.176831 9.176985 9.177069 9.177224 9.177235 9.177137 9.177224 9.177308 9.177424 9.177514 9.177587 9.177657 9.177726 9.177801 9.177892 9.177977 9.178082 9.178092 9.178163 9.178209 9.178327 9.178284 9.178282 9.178327 9.178444 9.178543 9.178577 9.178594 9.178713 9.178775 9.178818 9.178862 9.178904 9.178944 9.179015 9.179105 9.179186 9.179132 9.179256 9.179304 9.179341 9.17922 9.179134 9.17907 9.178887 9.178723 9.17867 9.178736 9.178823
9.175561 9.175572 9.175647 9.175777 9.17585 9.17602 9.176143 9.176209 9.176301 9.176352 9.176463 9.176585 9.17675 9.176903 9.177051 9.177132 9.177165 9.177286 9.177252 9.177261 9.177344 9.177378 9.177461 9.177503 9.177558 9.177624 9.177751 9.177843 9.177945 9.17795 9.177989 9.178017 9.178093 9.178123 9.17822 9.178269 9.178366 9.178342 9.178446 9.178502 9.178569 9.178601 9.17867 9.178778 9.17882 9.178841 9.178893 9.178916 9.179025 9.179032 9.179117 9.179101 9.179173 9.179234 9.179311 9.179379 9.179374 9.179368 9.179423 9.179483 9.179566 9.17968 9.179725
9.17536 9.175361 9.175542 9.175685 9.175867 9.175946 9.176009 9.176058 9.176168 9.176205 9.176368 9.176659 9.176803 9.176878 9.176995 9.177075 9.177158 9.177261 9.177349 9.177299 9.177385 9.177476 9.177548 9.177553 9.17753 9.177592 9.177643 9.177694 9.177745 9.177895 9.177992 9.178076 9.178103 9.17812 9.178252 9.178295 9.178323 9.178354 9.178481 9.178545 9.178653 9.17866 9.178766 9.178766 9.178817 9.178824 9.178895 9.178926 9.178977 9.179001 9.179048 9.179017 9.179168 9.179194 9.179238 9.179254 9.179321 9.179344 9.179415 9.179475 9.179536 9.179613 9.179616
9.174996 9.175057 9.175232 9.175317 9.175467 9.17562 9.175691 9.175774 9.175922 9.176075 9.176156 9.176218 9.176317 9.176397 9.176545 9.176626 9.176774 9.176957 9.177062 9.177085 9.177281 9.177347 9.177435 9.17754 9.177553 9.17764 9.17774 9.177794 9.177865 9.177901 9.177882 9.177977 9.178092 9.178109 9.178171 9.178166 9.178221 9.178268 9.178396 9.17847 9.178613 9.178658 9.178777 9.178866 9.178971 9.178957 9.178951 9.179 9.179036 9.179043 9.17901 9.178942 9.179104 9.179111 9.179237 9.179165 9.179215 9.179304 9.179328 9.179458 9.179491 9.179643 9.179699
9.174824 9.174916 9.174966 9.175076 9.175253 9.175384 9.175485 9.175658 9.175807 9.175828 9.175889 9.175885 9.17601 9.176053 9.176186 9.176316 9.176425 9.176548 9.176673 9.176709 9.176793 9.17689 9.177013 9.177118 9.177206 9.17727 9.177375 9.177445 9.17753 9.177603 9.177698 9.177807 9.177823 9.177798 9.177867 9.17802 9.177992 9.178109 9.178207 9.178303 9.17846 9.178543 9.17871 9.1788 9.178865 9.178858 9.178917 9.178928 9.178838 9.178925 9.179014 9.178937 9.179023 9.179074 9.179117 9.179268 9.17942 9.179457 9.179527 9.179522 9.179552 9.179564 9.179621
9.174526 9.174619 9.174801 9.17491 9.175052 9.175159 9.175159 9.175282 9.175376 9.175516 9.175586 9.175703 9.175735 9.175812 9.175964 9.176076 9.17618 9.176309 9.176481 9.176458 9.176553 9.176681 9.176685 9.176719 9.17685 9.176919 9.17687 9.176976 9.177082 9.177257 9.177324 9.177402 9.177444 9.177462 9.1775 9.177547 9.177651 9.177761 9.177858 9.17797 9.178091 9.178245 9.17825 9.178401 9.178486 9.178519 9.178528 9.178566 9.17866 9.178652 9.178707 9.178823 9.178856 9.17894 9.179082 9.179173 9.179304 9.179386 9.179423 9.17945 9.179504 9.179644 9.179694
9.17386 9.173922 9.174026 9.174156 9.174138 9.174265 9.174335 9.174417 9.174464 9.174606 9.17474 9.174906 9.175123 9.175331 9.175476 9.175681 9.17588 9.175941 9.176049 9.176095 9.176167 9.176265 9.176333 9.176399 9.176476 9.176581 9.176657 9.176789 9.17686 9.176947 9.176989 9.177024 9.177114 9.177104 9.177125 9.17735 9.177423 9.177567 9.177621 9.1777 9.177807 9.178006 9.178087 9.178141 9.178217 9.178253 9.178331 9.178441 9.178424 9.178474 9.17852 9.178477 9.178473 9.17859 9.178717 9.178803 9.178795 9.178863 9.178894 9.179042 9.179196 9.179307 9.179393
9.174039 9.174191 9.17415 9.174227 9.174338 9.174416 9.174472 9.17455 9.174614 9.174688 9.174594 9.174672 9.174806 9.174856 9.1749 9.174957 9.17509 9.175163 9.175222 9.175208 9.175266 9.17532 9.175357 9.175426 9.175473 9.175545 9.175673 9.175869 9.176033 9.176203 9.176405 9.176522 9.176751 9.176848 9.176949 9.176998 9.17719 9.177315 9.177301 9.177368 9.177495 9.177636 9.177755 9.177825 9.17792 9.177965 9.178056 9.178044 9.178129 9.178229 9.178283 9.178384 9.178373 9.178387 9.178391 9.17846 9.178508 9.178625 9.178725 9.178707 9.178809 9.178985 9.179029
9.17413 9.174208 9.174316 9.174418 9.174517 9.174583 9.174693 9.174789 9.174808 9.174871 9.174919 9.174977 9.175046 9.175119 9.175219 9.175293 9.175311 9.175367 9.1754 9.175409 9.175508 9.175489 9.175544 9.175605 9.175651 9.175726 9.175785 9.17583 9.175875 9.175998 9.176044 9.176072 9.176124 9.176105 9.176192 9.176211 9.17629 9.176394 9.176383 9.176466 9.17653 9.176659 9.176759 9.176652 9.176705 9.176882 9.177064 9.177419 9.177628 9.177878 9.178044 9.178073 9.178071 9.178173 9.178259 9.178301 9.178411 9.178509 9.178578 9.178661 9.178641 9.17872 9.178777
9.174274 9.174377 9.174509 9.174594 9.174714 9.174792 9.174927 9.174957 9.175008 9.175116 9.175165 9.175217 9.175303 9.175347 9.175441 9.175481 9.175653 9.175678 9.175734 9.175682 9.17578 9.175825 9.175821 9.175886 9.175936 9.175982 9.176024 9.176042 9.176092 9.176118 9.176173 9.176266 9.176386 9.17641 9.17645 9.176517 9.176503 9.176611 9.176656 9.176561 9.176628 9.176617 9.176743 9.176767 9.176781 9.176825 9.177013 9.177037 9.177095 9.177122 9.177217 9.177266 9.177301 9.177453 9.177516 9.177589 9.177612 9.17759 9.17764 9.177714 9.177731 9.177844 9.177991
9.175014 9.175057 9.175099 9.175142 9.175198 9.175272 9.175348 9.175382 9.175423 9.175414 9.175431 9.175452 9.1755 9.175584 9.175698 9.175743 9.175765 9.175875 9.175907 9.175923 9.176027 9.176092 9.176142 9.176168 9.176255 9.17626 9.176289 9.176334 9.176311 9.176327 9.176398 9.176542 9.176561 9.176685 9.176768 9.176745 9.176786 9.17695 9.176947 9.176861 9.176869 9.17689 9.177066 9.177133 9.177144 9.177293 9.1773 9.177324 9.177335 9.177427 9.177447 9.177537 9.177515 9.17764 9.177698 9.177656 9.177657 9.177733 9.177782 9.177853 9.177883 9.17791 9.177949
