inputs/Middelgrunden/Resource grid 1   Sector 6   Height 64m   Sector frequency.grd
DSAA
 111           201 
 728800        731000
 6176000       6180000
 7.184433E-02  7.316011E-02
[rows 46 to 68 of 201, columns 0 to 52 of 111]
7.270715E-02 7.267507E-02 7.264911E-02 7.262266E-02 7.259267E-02 7.256596E-02 7.255138E-02 .0725209 7.249363E-02 7.248235E-02 7.247225E-02 7.246216E-02 7.245078E-02 7.250804E-02 7.250433E-02 7.253173E-02 7.253017E-02 7.252577E-02 7.250829E-02 7.250901E-02 7.250545E-02 7.249943E-02 7.249521E-02 7.249181E-02 7.248526E-02 7.247537E-02 .0724678 7.246611E-02 7.244315E-02 7.243276E-02 7.242519E-02 7.241657E-02 7.241086E-02 7.240289E-02 7.240511E-02 .0723938 7.238663E-02 7.238074E-02 7.237165E-02 7.235608E-02 7.234487E-02 7.234094E-02 7.233706E-02 7.232889E-02 7.237628E-02 7.237127E-02 7.236465E-02 7.234482E-02 7.233685E-02 7.231772E-02 7.230988E-02 7.229619E-02 7.228677E-02
7.267144E-02 .0726569 7.263185E-02 7.260742E-02 7.257711E-02 7.254758E-02 7.251649E-02 7.250362E-02 7.248093E-02 7.246839E-02 7.245503E-02 7.244813E-02 7.243905E-02 7.249246E-02 7.248656E-02 7.251626E-02 7.251095E-02 7.251218E-02 7.250948E-02 7.249525E-02 7.248885E-02 7.248332E-02 7.248168E-02 7.247571E-02 7.246932E-02 7.246422E-02 7.245945E-02 7.245602E-02 .0724344 7.242191E-02 7.241423E-02 7.240807E-02 7.239953E-02 7.239121E-02 7.238277E-02 7.238669E-02 7.237907E-02 7.236948E-02 .0723576 7.235073E-02 7.234035E-02 7.233445E-02 7.232997E-02 7.232381E-02 7.237484E-02 .0723696 7.236333E-02 7.234051E-02 .072331 7.231157E-02 7.230245E-02 7.229472E-02 7.228737E-02
.0726482 7.263358E-02 7.261114E-02 7.258461E-02 7.255461E-02 7.252461E-02 7.249591E-02 7.248253E-02 7.246034E-02 .0724485 7.243522E-02 7.243457E-02 7.242722E-02 7.247568E-02 7.246808E-02 7.246508E-02 7.249291E-02 7.249175E-02 .0724898 7.247815E-02 7.246908E-02 7.246619E-02 7.246444E-02 7.246214E-02 7.245505E-02 .0724497 7.244453E-02 7.242452E-02 7.242309E-02 7.241581E-02 7.240463E-02 7.239559E-02 7.238705E-02 7.237846E-02 7.237284E-02 7.237492E-02 7.236584E-02 7.235359E-02 7.234353E-02 7.233804E-02 7.233363E-02 7.232336E-02 7.232192E-02 7.231735E-02 7.236865E-02 7.236291E-02 7.234969E-02 7.232548E-02 7.231733E-02 .0723043 7.230306E-02 7.229041E-02 7.228211E-02
7.263126E-02 7.261464E-02 7.259157E-02 .0725611 7.253018E-02 7.250273E-02 7.247778E-02 7.245181E-02 7.244205E-02 7.243421E-02 7.242664E-02 7.242135E-02 7.246873E-02 7.245916E-02 .0724571 7.245109E-02 7.247628E-02 7.247435E-02 7.247081E-02 7.245883E-02 7.245602E-02 7.245269E-02 7.245261E-02 7.244823E-02 7.244287E-02 7.243721E-02 .0724369 7.241403E-02 7.240722E-02 7.240344E-02 7.239409E-02 7.238521E-02 7.237892E-02 7.236958E-02 7.236035E-02 7.235024E-02 7.235055E-02 7.234042E-02 7.233611E-02 .0723284 7.232393E-02 7.232071E-02 7.231484E-02 7.236321E-02 7.235591E-02 7.234568E-02 7.233781E-02 7.233173E-02 7.231291E-02 7.229716E-02 7.229093E-02 7.228579E-02 7.227972E-02
7.261533E-02 7.258787E-02 7.256711E-02 7.253404E-02 7.250833E-02 7.248572E-02 .0724559 7.243033E-02 7.241271E-02 7.242373E-02 7.241817E-02 7.240785E-02 7.245232E-02 7.244533E-02 7.244317E-02 7.243183E-02 7.246155E-02 7.245924E-02 7.245515E-02 7.244441E-02 7.244541E-02 7.244086E-02 7.243854E-02 7.243329E-02 7.243182E-02 .0724249 7.242283E-02 7.240221E-02 7.239538E-02 7.238821E-02 7.238656E-02 7.237741E-02 7.236492E-02 7.235797E-02 7.234797E-02 7.233787E-02 7.234172E-02 7.233455E-02 7.232729E-02 7.231959E-02 7.231562E-02 7.230937E-02 7.230528E-02 7.235089E-02 7.234386E-02 7.233711E-02 7.233133E-02 7.232783E-02 7.230683E-02 7.229014E-02 7.228178E-02 7.228056E-02 7.227631E-02
7.259661E-02 .0725642 7.254405E-02 7.251536E-02 7.248665E-02 7.245965E-02 .0724322 7.240953E-02 7.240132E-02 7.239645E-02 7.239968E-02 7.239116E-02 7.243778E-02 7.243356E-02 .0724292 7.241619E-02 .0724456 7.244569E-02 7.244288E-02 7.243515E-02 7.243215E-02 7.243115E-02 7.242482E-02 7.242198E-02 7.241687E-02 7.241617E-02 7.241121E-02 .0723867 7.238178E-02 7.237536E-02 7.237064E-02 7.236736E-02 7.235871E-02 7.234345E-02 7.233568E-02 7.233337E-02 7.232742E-02 7.232565E-02 7.231803E-02 7.230644E-02 7.229979E-02 7.229131E-02 .0722933 7.234528E-02 7.233678E-02 7.233138E-02 7.232732E-02 7.232051E-02 7.229901E-02 7.227927E-02 7.227457E-02 7.226798E-02 7.226335E-02
7.257042E-02 7.254162E-02 7.251261E-02 7.249325E-02 7.246554E-02 7.244023E-02 7.241323E-02 7.239316E-02 7.238474E-02 7.237831E-02 7.238559E-02 7.238062E-02 .0724268 7.242051E-02 7.241517E-02 7.240281E-02 7.243278E-02 7.243403E-02 7.243191E-02 .072421 7.241678E-02 7.241931E-02 7.241882E-02 7.241058E-02 7.240678E-02 .0724024 7.239854E-02 .072375 7.236722E-02 .0723632 7.235827E-02 7.235184E-02 7.234775E-02 7.234133E-02 .0723336 .0723241 7.231046E-02 7.231294E-02 7.230198E-02 7.229544E-02 7.229253E-02 7.228898E-02 7.228383E-02 7.233658E-02 7.233227E-02 7.232828E-02 7.232287E-02 7.231324E-02 7.228968E-02 7.227993E-02 7.226564E-02 .0722628 7.225762E-02
7.254134E-02 7.251934E-02 7.249242E-02 7.247276E-02 7.244378E-02 .0724195 7.239629E-02 7.237542E-02 7.236826E-02 7.236324E-02 7.235871E-02 .0723699 7.241767E-02 7.240652E-02 7.240041E-02 7.239658E-02 7.239062E-02 7.242425E-02 7.241992E-02 7.240504E-02 7.240681E-02 7.240918E-02 7.240856E-02 7.240102E-02 7.239754E-02 7.239299E-02 7.238537E-02 7.235993E-02 7.235566E-02 7.235244E-02 7.234809E-02 7.234069E-02 7.233624E-02 7.233482E-02 .0723198 7.231055E-02 7.229821E-02 7.229122E-02 7.229479E-02 7.229164E-02 7.228936E-02 7.228537E-02 7.228151E-02 7.233527E-02 7.233065E-02 .0723172 7.230518E-02 .072301 7.229418E-02 7.227844E-02 7.226328E-02 7.226232E-02 7.226134E-02
7.251978E-02 7.249349E-02 7.246732E-02 7.244921E-02 7.242239E-02 7.240006E-02 7.237959E-02 7.236253E-02 7.235706E-02 7.235216E-02 7.234658E-02 7.239981E-02 7.240637E-02 7.239745E-02 7.238687E-02 7.238954E-02 7.238109E-02 7.240517E-02 7.240805E-02 7.239851E-02 7.239714E-02 7.239866E-02 7.239617E-02 7.239417E-02 7.238777E-02 7.238398E-02 7.237744E-02 7.235146E-02 .0723447 7.234073E-02 7.233824E-02 7.233537E-02 7.232606E-02 7.231785E-02 7.230655E-02 7.229897E-02 .0722944 7.228864E-02 7.229312E-02 7.229011E-02 7.228309E-02 7.227894E-02 7.233047E-02 7.232087E-02 7.231744E-02 7.231195E-02 7.230436E-02 7.229944E-02 7.229029E-02 7.227514E-02 7.226318E-02 7.226472E-02 .0722635
7.244683E-02 7.246508E-02 7.243973E-02 .0724167 7.240278E-02 7.238238E-02 7.235892E-02 7.235114E-02 7.234511E-02 7.233924E-02 .0723338 .0723855 7.237941E-02 .0723837 7.237273E-02 7.237052E-02 7.236531E-02 7.239348E-02 7.239989E-02 7.240134E-02 7.238598E-02 7.238438E-02 7.238335E-02 7.238281E-02 7.238004E-02 7.237113E-02 7.236771E-02 7.234804E-02 7.234124E-02 7.232843E-02 .072326 .07232 7.231203E-02 7.230403E-02 .0723031 7.229747E-02 7.229058E-02 7.228321E-02 7.228897E-02 7.228249E-02 .0722708 7.226425E-02 7.231485E-02 7.231209E-02 7.231094E-02 7.230885E-02 7.230344E-02 7.229774E-02 7.229203E-02 .0722762 7.226346E-02 7.226449E-02 7.232209E-02
7.242311E-02 7.240173E-02 7.237814E-02 7.239533E-02 7.238307E-02 7.236288E-02 7.234704E-02 7.233924E-02 7.233644E-02 7.232812E-02 7.232253E-02 7.237501E-02 7.236688E-02 7.237039E-02 7.235973E-02 7.235537E-02 7.235158E-02 7.238648E-02 7.238519E-02 7.238618E-02 7.237345E-02 .0723734 7.237055E-02 7.236629E-02 7.236727E-02 7.236448E-02 7.235929E-02 7.233288E-02 7.232596E-02 7.231878E-02 7.231271E-02 7.230557E-02 7.230236E-02 .0722985 7.229494E-02 7.229211E-02 7.228483E-02 7.226735E-02 7.225945E-02 7.226952E-02 7.226413E-02 7.225954E-02 7.231056E-02 7.230925E-02 7.230642E-02 7.230245E-02 7.230048E-02 7.229614E-02 7.229453E-02 7.229175E-02 7.226059E-02 7.231791E-02 7.231389E-02
7.239656E-02 7.237341E-02 7.235879E-02 7.233463E-02 7.232485E-02 7.235099E-02 7.233925E-02 7.233052E-02 7.232679E-02 7.231753E-02 7.231008E-02 7.236369E-02 7.235406E-02 7.234137E-02 7.234974E-02 7.234512E-02 7.234243E-02 .0723388 7.237358E-02 7.237698E-02 7.236369E-02 7.236133E-02 7.235996E-02 .0723581 7.235416E-02 7.234942E-02 7.232621E-02 7.231879E-02 7.231615E-02 7.230932E-02 7.230511E-02 7.230165E-02 7.229836E-02 7.229193E-02 7.228113E-02 7.226789E-02 .0722632 7.225991E-02 7.225557E-02 7.226124E-02 7.225648E-02 7.225123E-02 7.230428E-02 7.230567E-02 7.230276E-02 7.229962E-02 7.229491E-02 7.228892E-02 7.228965E-02 .0722853 7.232852E-02 7.231348E-02 7.230782E-02
7.238721E-02 7.236167E-02 7.233968E-02 7.231569E-02 7.229496E-02 7.228535E-02 7.228778E-02 7.232025E-02 7.231934E-02 7.230902E-02 7.235301E-02 7.235073E-02 7.233811E-02 7.233096E-02 7.232823E-02 7.233579E-02 7.232819E-02 7.232329E-02 7.236035E-02 7.236141E-02 7.235225E-02 7.235279E-02 7.235134E-02 7.234431E-02 7.233834E-02 7.233247E-02 7.231684E-02 7.231372E-02 7.230897E-02 .0723029 7.230078E-02 7.229489E-02 7.228134E-02 7.227551E-02 .0722673 7.226052E-02 7.225373E-02 7.225276E-02 7.224993E-02 7.224443E-02 7.225008E-02 7.224625E-02 7.229783E-02 7.229676E-02 7.229572E-02 .0722947 7.228614E-02 7.228525E-02 7.228745E-02 7.234465E-02 7.232061E-02 7.230835E-02 7.230348E-02
7.238194E-02 .0723564 7.232969E-02 7.230831E-02 7.228425E-02 7.227444E-02 7.226781E-02 7.226282E-02 7.230361E-02 7.229831E-02 7.234121E-02 .0723418 .0723291 7.232179E-02 7.231694E-02 7.231113E-02 7.231992E-02 7.231355E-02 7.234701E-02 7.235005E-02 7.233713E-02 7.233517E-02 7.233135E-02 7.232848E-02 7.232725E-02 7.232752E-02 7.231178E-02 7.230785E-02 7.230264E-02 7.229254E-02 7.228672E-02 7.227817E-02 7.227191E-02 7.226498E-02 7.226299E-02 7.225673E-02 7.224718E-02 .0722425 7.223994E-02 7.223914E-02 7.224056E-02 7.223868E-02 7.229152E-02 .072292 7.229176E-02 7.229244E-02 7.228651E-02 7.228527E-02 7.234404E-02 7.234021E-02 7.233281E-02 7.230142E-02 7.224987E-02
7.237534E-02 7.234928E-02 7.232396E-02 7.229951E-02 7.227665E-02 7.226594E-02 7.225782E-02 7.225186E-02 7.225264E-02 .0722449 7.232958E-02 7.232454E-02 7.231381E-02 7.231502E-02 7.230844E-02 7.229772E-02 7.230914E-02 7.230698E-02 7.233364E-02 7.233678E-02 7.232183E-02 7.232312E-02 7.232159E-02 .0723209 7.232213E-02 7.232154E-02 7.229753E-02 7.229298E-02 7.228841E-02 7.228382E-02 7.227919E-02 .072271 .0722627 7.225784E-02 7.225455E-02 .0722491 7.223896E-02 .0722306 7.223179E-02 7.222743E-02 7.222403E-02 7.228953E-02 7.228912E-02 7.229128E-02 7.229076E-02 7.228315E-02 7.228074E-02 7.234097E-02 7.233682E-02 .0723302 7.232778E-02 7.225109E-02 .0722436
7.236514E-02 7.233939E-02 7.231706E-02 7.229076E-02 7.226716E-02 7.224879E-02 7.225171E-02 7.224368E-02 7.224429E-02 7.223485E-02 7.228012E-02 7.227974E-02 7.230917E-02 .072298 7.229523E-02 7.228541E-02 7.228762E-02 7.229713E-02 7.229176E-02 7.232741E-02 7.231864E-02 7.231554E-02 7.231524E-02 7.231126E-02 .0723046 7.230214E-02 .0722873 .0722869 7.228445E-02 7.228009E-02 7.227024E-02 7.226403E-02 7.225619E-02 7.224441E-02 7.223649E-02 7.223208E-02 7.222762E-02 7.222822E-02 7.222543E-02 7.222572E-02 7.222566E-02 7.228766E-02 .0722848 7.228764E-02 7.228771E-02 7.228228E-02 7.233598E-02 7.232947E-02 7.232381E-02 7.227394E-02 7.226986E-02 7.224644E-02 7.224348E-02
.0723646 7.233658E-02 7.230837E-02 7.227929E-02 7.225686E-02 7.224322E-02 .0722491 7.223672E-02 7.223061E-02 7.227866E-02 7.227459E-02 7.227304E-02 7.226834E-02 7.225911E-02 7.228114E-02 .0722727 7.227113E-02 7.227562E-02 7.228561E-02 7.232527E-02 7.231037E-02 7.230373E-02 7.229987E-02 7.230292E-02 7.229798E-02 .0722959 7.228161E-02 7.227988E-02 7.227523E-02 7.227035E-02 7.225721E-02 7.225052E-02 7.224297E-02 7.223675E-02 .0722314 .0722248 7.222422E-02 7.222293E-02 7.222089E-02 7.222037E-02 .0722219 7.228664E-02 7.228041E-02 .0722824 7.228239E-02 7.233649E-02 7.233017E-02 7.227829E-02 7.227412E-02 7.226906E-02 .0722649 7.223871E-02 7.224032E-02
.0723638 7.233439E-02 7.230362E-02 7.227363E-02 7.224731E-02 7.223883E-02 7.222805E-02 7.222912E-02 7.222881E-02 7.227676E-02 7.226529E-02 7.226163E-02 7.225759E-02 .0722525 7.224708E-02 7.226977E-02 .0722683 7.227031E-02 7.226098E-02 .0723028 7.229415E-02 7.229404E-02 7.229191E-02 7.229386E-02 .0722926 7.228792E-02 7.226739E-02 7.226286E-02 7.225735E-02 7.225487E-02 7.225052E-02 7.224365E-02 7.223792E-02 7.223468E-02 7.222886E-02 7.222042E-02 7.221434E-02 7.221233E-02 7.221125E-02 .072211 7.221252E-02 7.227018E-02 7.228032E-02 7.227839E-02 7.233205E-02 7.227895E-02 7.227714E-02 7.227688E-02 .072271 7.226548E-02 7.226142E-02 7.225925E-02 .0722333
7.236022E-02 7.233099E-02 7.230212E-02 7.227174E-02 7.224446E-02 7.223447E-02 7.222597E-02 7.222702E-02 7.222868E-02 7.226926E-02 7.225758E-02 7.225616E-02 .0722528 7.225066E-02 7.224838E-02 7.223847E-02 7.223163E-02 7.225566E-02 7.225466E-02 7.230089E-02 7.230072E-02 .0722854 7.228164E-02 7.227659E-02 7.227471E-02 7.226802E-02 7.225232E-02 .0722509 7.224674E-02 7.224479E-02 7.224408E-02 7.224037E-02 .072235 7.222967E-02 7.221928E-02 7.220811E-02 7.220154E-02 7.220057E-02 .072203 .0722033 7.220464E-02 7.226199E-02 .0722742 7.234041E-02 7.228037E-02 7.227913E-02 7.227506E-02 7.227245E-02 7.226752E-02 .0722615 7.225828E-02 .0722554 .0722271
7.235933E-02 7.232927E-02 7.229381E-02 7.226317E-02 7.224528E-02 7.223663E-02 7.222486E-02 7.222711E-02 .0722229 7.226789E-02 7.225868E-02 7.226056E-02 7.225334E-02 7.223894E-02 7.223786E-02 7.223716E-02 7.223433E-02 7.223219E-02 7.222831E-02 7.225348E-02 7.229114E-02 7.227314E-02 7.227154E-02 7.226913E-02 .0722683 7.224628E-02 7.224298E-02 7.224227E-02 7.223704E-02 7.223752E-02 7.223353E-02 7.223114E-02 7.222551E-02 7.221697E-02 .0722058 7.219788E-02 7.219632E-02 7.219526E-02 7.219837E-02 7.220183E-02 7.220305E-02 7.225823E-02 7.226762E-02 7.227996E-02 7.227942E-02 7.227683E-02 7.227237E-02 .072268 7.226213E-02 7.225683E-02 7.225245E-02 7.224663E-02 7.221904E-02
7.235117E-02 7.231896E-02 7.229605E-02 7.226609E-02 7.223847E-02 7.223504E-02 7.222609E-02 7.221901E-02 7.228246E-02 7.226717E-02 7.225126E-02 7.225167E-02 7.224964E-02 7.224336E-02 7.223915E-02 .0722329 7.222778E-02 7.222288E-02 7.222141E-02 7.221798E-02 7.227269E-02 7.226998E-02 7.226744E-02 7.226688E-02 7.226314E-02 7.224545E-02 7.224155E-02 7.223572E-02 7.223289E-02 7.222787E-02 7.222055E-02 7.221379E-02 7.221036E-02 7.220619E-02 .0722018 7.220009E-02 7.219526E-02 7.219566E-02 7.219707E-02 7.220048E-02 7.221052E-02 7.226393E-02 7.226388E-02 7.227109E-02 7.227264E-02 7.227001E-02 7.226601E-02 7.226034E-02 7.225475E-02 7.225023E-02 7.224518E-02 7.224013E-02 7.222492E-02
7.234247E-02 7.231653E-02 7.228272E-02 7.225648E-02 7.224686E-02 7.224198E-02 7.222799E-02 7.221184E-02 7.227681E-02 7.226519E-02 7.225736E-02 7.225221E-02 7.224893E-02 7.223782E-02 7.222995E-02 7.222368E-02 7.222116E-02 7.222077E-02 7.221777E-02 7.221507E-02 7.224795E-02 7.223263E-02 7.226164E-02 7.225762E-02 7.225843E-02 7.224213E-02 7.223848E-02 .0722308 7.222685E-02 7.222222E-02 7.221642E-02 7.221044E-02 7.220397E-02 7.220092E-02 7.219506E-02 7.219549E-02 .0722004 7.219968E-02 7.215291E-02 7.215281E-02 7.226203E-02 7.226179E-02 7.225649E-02 7.225633E-02 7.226606E-02 .0722601 7.225575E-02 7.225128E-02 7.224729E-02 7.224153E-02 7.223752E-02 7.223323E-02 7.222176E-02
.0723279 .072299 7.227949E-02 7.225507E-02 7.224138E-02 7.223484E-02 7.222779E-02 7.221704E-02 7.227941E-02 7.226776E-02 7.225451E-02 7.224867E-02 .0722393 7.222938E-02 7.222309E-02 7.222116E-02 7.222037E-02 7.221808E-02 7.221415E-02 7.220862E-02 7.223792E-02 7.222415E-02 7.223616E-02 7.223178E-02 7.225381E-02 7.223563E-02 7.223249E-02 7.222928E-02 7.222504E-02 7.222052E-02 .0722146 7.220861E-02 7.220212E-02 7.219891E-02 7.219552E-02 7.219566E-02 7.219557E-02 7.214823E-02 7.214892E-02 7.220535E-02 7.225849E-02 7.226042E-02 7.225236E-02 7.224857E-02 7.225485E-02 7.225124E-02 7.224964E-02 7.224593E-02 7.224262E-02 7.223731E-02 7.223614E-02 .0722357 7.222547E-02
