inputs/Middelgrunden/Resource grid 1   Sector 6   Height 64m   Weibull-A.grd
DSAA
 111           201 
 728800        731000
 6176000       6180000
 8.560945      8.677958
[rows 0 to 27 of 201, columns 0 to 62 of 111]
8.570166 8.577295 8.581722 8.586569 8.590738 8.597551 8.6114 8.619073 8.628417 8.633652 8.638639 8.645748 8.651186 8.652224 8.652853 8.653426 8.653971 8.654972 8.655455 8.656528 8.657625 8.658219 8.658809 8.659294 8.669399 8.669504 8.669622 8.670357 8.670434 8.67039 8.67062 8.6709 8.671566 8.672033 8.672302 8.672648 8.67288 8.673484 8.673784 8.673901 8.674038 8.674088 8.673686 8.673757 8.673822 8.673856 8.674126 8.674585 8.674538 8.674519 8.674698 8.674801 8.675669 8.676255 8.676736 8.676873 8.677055 8.677292 8.677371 8.677487 8.677456 8.677488 8.677462
8.570332 8.576228 8.581111 8.585621 8.590102 8.596368 8.610989 8.619477 8.628162 8.632746 8.639066 8.648049 8.65157 8.652605 8.653321 8.653838 8.654607 8.655054 8.656057 8.657326 8.657928 8.658361 8.659018 8.669007 8.669448 8.66954 8.669637 8.670173 8.670519 8.670733 8.670728 8.671405 8.671727 8.672021 8.672483 8.672683 8.672978 8.673506 8.673825 8.6739 8.673972 8.674128 8.673936 8.673785 8.673814 8.673881 8.674296 8.674445 8.674499 8.674675 8.674808 8.675389 8.675887 8.676417 8.676792 8.676863 8.676883 8.677016 8.677548 8.677748 8.67744 8.677461 8.677465
8.570122 8.575184 8.580004 8.584476 8.589724 8.595639 8.610757 8.619235 8.626866 8.632246 8.639471 8.650952 8.652224 8.65307 8.653748 8.654238 8.65498 8.655455 8.65634 8.657815 8.6584 8.658727 8.659114 8.669218 8.669484 8.669551 8.669765 8.670159 8.67037 8.670584 8.671011 8.671736 8.671874 8.672092 8.672418 8.672769 8.673373 8.673435 8.673817 8.673883 8.673992 8.673951 8.673756 8.674004 8.674047 8.673879 8.674385 8.674357 8.674426 8.674736 8.674902 8.675549 8.675984 8.676697 8.676857 8.676846 8.676854 8.677082 8.677525 8.677526 8.677652 8.677636 8.677514
8.569358 8.574022 8.578787 8.583128 8.58945 8.602733 8.610719 8.619428 8.625644 8.632981 8.640692 8.651785 8.653007 8.653395 8.653941 8.654642 8.655372 8.656 8.656857 8.658021 8.658588 8.65916 8.659357 8.669344 8.669452 8.669605 8.669888 8.670261 8.670467 8.67061 8.670802 8.671809 8.672153 8.672299 8.672523 8.672749 8.673429 8.673473 8.673824 8.673914 8.673934 8.673988 8.673797 8.673831 8.674039 8.674308 8.674402 8.674356 8.674484 8.674678 8.675075 8.675647 8.676105 8.676695 8.676782 8.676848 8.676868 8.676968 8.677595 8.677557 8.677506 8.677726 8.677677
8.56855 8.573087 8.577655 8.582186 8.588553 8.602333 8.611471 8.620224 8.62573 8.633615 8.64283 8.652342 8.653327 8.653976 8.654599 8.654988 8.655766 8.656549 8.656953 8.658066 8.658629 8.659133 8.669227 8.669405 8.669404 8.66968 8.669899 8.67036 8.670553 8.670724 8.671318 8.671656 8.672252 8.67261 8.672593 8.672963 8.67333 8.673464 8.67383 8.673906 8.673979 8.674028 8.673793 8.67385 8.673919 8.674117 8.674464 8.674583 8.674541 8.674789 8.675566 8.675838 8.67634 8.676775 8.676781 8.676772 8.676903 8.677068 8.677544 8.677526 8.677541 8.677561 8.677644
8.580598 8.571702 8.576507 8.581557 8.587933 8.60184 8.611975 8.620249 8.626781 8.63412 8.644685 8.652886 8.653611 8.654173 8.65482 8.655604 8.656264 8.657025 8.657566 8.6583 8.658831 8.659393 8.669335 8.6696 8.669657 8.669764 8.670241 8.670412 8.670576 8.67069 8.671487 8.671799 8.672164 8.672452 8.672886 8.67347 8.673337 8.673437 8.673857 8.673892 8.673991 8.674075 8.673823 8.673843 8.673993 8.674069 8.67432 8.67465 8.674751 8.67485 8.675676 8.675991 8.676564 8.676775 8.676781 8.676775 8.676916 8.677162 8.677514 8.677543 8.677549 8.677588 8.677609
8.578584 8.583079 8.575313 8.58145 8.587412 8.602053 8.612745 8.620004 8.627436 8.63546 8.646728 8.653527 8.654013 8.654486 8.654995 8.655686 8.656972 8.65749 8.65785 8.658504 8.659055 8.669059 8.669456 8.669468 8.669743 8.669982 8.670182 8.670458 8.670592 8.671237 8.671635 8.671857 8.672215 8.672555 8.672748 8.673549 8.673607 8.673453 8.67353 8.673946 8.674039 8.674109 8.673886 8.673893 8.674089 8.674023 8.674335 8.67448 8.674628 8.675091 8.676067 8.676041 8.676646 8.676665 8.676763 8.676762 8.676974 8.677033 8.677526 8.677536 8.67757 8.677634 8.677552
8.576281 8.581081 8.585426 8.580816 8.593994 8.603339 8.613973 8.620534 8.629431 8.636912 8.648111 8.653973 8.65443 8.654875 8.655328 8.65619 8.657327 8.65766 8.658053 8.65874 8.659286 8.669152 8.669553 8.669532 8.669746 8.670074 8.67046 8.670343 8.670568 8.67141 8.6717 8.672064 8.67232 8.672573 8.673055 8.673393 8.673622 8.673666 8.673547 8.673901 8.674075 8.674141 8.673993 8.673875 8.674028 8.674068 8.674385 8.674551 8.674725 8.675061 8.675881 8.676414 8.676681 8.676673 8.676779 8.676941 8.677097 8.677046 8.677528 8.67757 8.67762 8.677567 8.67764
8.574422 8.578717 8.58357 8.590054 8.594371 8.60465 8.613811 8.621561 8.630293 8.639147 8.650306 8.654285 8.654744 8.655235 8.655699 8.656614 8.657512 8.657812 8.658464 8.658937 8.659592 8.669315 8.669627 8.669718 8.669746 8.669893 8.670535 8.670636 8.670574 8.671483 8.671803 8.672182 8.672416 8.672643 8.673333 8.673401 8.673472 8.673505 8.673769 8.674109 8.673997 8.674143 8.674051 8.673965 8.673932 8.674063 8.674426 8.674634 8.674833 8.675641 8.675784 8.676444 8.676848 8.676866 8.676786 8.676826 8.677038 8.677262 8.677503 8.677536 8.67764 8.677618 8.677703
8.572151 8.576449 8.581972 8.589029 8.603193 8.605746 8.614896 8.622122 8.631452 8.64092 8.651405 8.654785 8.655141 8.65559 8.656116 8.65711 8.657043 8.657825 8.658604 8.659338 8.668996 8.669464 8.669638 8.669885 8.66977 8.669999 8.670372 8.670424 8.671448 8.671549 8.672011 8.67224 8.672466 8.672707 8.67336 8.67342 8.673476 8.673545 8.673585 8.674089 8.674153 8.674113 8.673933 8.67408 8.674012 8.674064 8.674433 8.674681 8.674927 8.675675 8.67593 8.676614 8.676708 8.676964 8.677042 8.677055 8.676949 8.677268 8.677254 8.677584 8.677583 8.677701 8.677697
8.56992 8.574162 8.58086 8.587082 8.603692 8.613512 8.615371 8.623709 8.632569 8.642477 8.651791 8.655233 8.655671 8.655931 8.656595 8.657543 8.657402 8.658086 8.658397 8.659467 8.669318 8.669588 8.669678 8.669836 8.66987 8.669985 8.670444 8.670597 8.671403 8.671886 8.672182 8.672302 8.672542 8.672995 8.673276 8.673407 8.673476 8.673544 8.673596 8.673941 8.674213 8.674375 8.674043 8.673952 8.674082 8.674031 8.674492 8.674755 8.674923 8.675876 8.676124 8.676638 8.67677 8.676883 8.676898 8.67712 8.677167 8.677155 8.677177 8.677588 8.677584 8.677644 8.677615
8.567508 8.572847 8.579615 8.593375 8.59818 8.615367 8.621591 8.62474 8.634447 8.643728 8.652414 8.655461 8.656003 8.656561 8.657086 8.657001 8.657583 8.658272 8.658527 8.668722 8.669354 8.669768 8.669751 8.66994 8.670076 8.670366 8.670491 8.671246 8.671539 8.671853 8.672263 8.672488 8.672679 8.673217 8.673265 8.673424 8.673484 8.673542 8.673628 8.673945 8.674077 8.674127 8.674196 8.67417 8.674051 8.674398 8.674512 8.674756 8.675485 8.675997 8.676328 8.676654 8.676742 8.676744 8.676964 8.676972 8.677135 8.677358 8.677247 8.677402 8.677565 8.677542 8.677615
8.565217 8.57158 8.578619 8.593055 8.602847 8.610159 8.621704 8.630248 8.636113 8.644521 8.65297 8.655809 8.656241 8.656921 8.657609 8.65747 8.657748 8.658316 8.658814 8.66886 8.669244 8.669709 8.669919 8.670024 8.670138 8.670443 8.670576 8.671353 8.671566 8.671917 8.672193 8.672586 8.672879 8.673251 8.673285 8.673368 8.673518 8.673571 8.673614 8.674002 8.674088 8.674137 8.673972 8.674149 8.674192 8.674403 8.674684 8.67482 8.675718 8.676116 8.676558 8.676725 8.676761 8.676924 8.67695 8.676929 8.676927 8.677264 8.677432 8.677581 8.677459 8.677527 8.677581
8.564 8.570726 8.577896 8.592712 8.604381 8.613004 8.618695 8.630631 8.639924 8.645246 8.653397 8.656112 8.656671 8.657305 8.658454 8.657698 8.657978 8.658494 8.659027 8.668987 8.669418 8.6696 8.669799 8.670297 8.670223 8.670444 8.670746 8.671398 8.671694 8.671994 8.672255 8.672487 8.673254 8.673359 8.673354 8.673401 8.673541 8.673569 8.673677 8.67398 8.674092 8.674221 8.673921 8.673985 8.674301 8.674706 8.674607 8.674972 8.675885 8.676248 8.676682 8.67665 8.676673 8.676879 8.676974 8.676952 8.676946 8.677261 8.677255 8.677645 8.677561 8.677429 8.677554
8.562417 8.5701 8.583134 8.594551 8.604958 8.612308 8.621145 8.628855 8.640672 8.645968 8.653876 8.656438 8.657047 8.65773 8.657478 8.657853 8.658319 8.658745 8.668386 8.669154 8.669542 8.669716 8.669913 8.670051 8.670459 8.670615 8.671215 8.671479 8.671819 8.672091 8.672326 8.672561 8.673129 8.673199 8.673452 8.673442 8.673576 8.673604 8.673685 8.67406 8.674056 8.674088 8.673938 8.674095 8.674246 8.674564 8.674843 8.675672 8.675962 8.676435 8.676648 8.676731 8.676854 8.676924 8.676956 8.676974 8.677032 8.677176 8.677297 8.677484 8.677429 8.677549 8.677674
8.560945 8.569638 8.584216 8.596596 8.606072 8.614846 8.621202 8.631533 8.638374 8.648674 8.654567 8.656815 8.657399 8.658235 8.657649 8.657888 8.658528 8.659181 8.668365 8.669336 8.669605 8.669802 8.669938 8.670119 8.670272 8.670894 8.671453 8.671673 8.671898 8.672145 8.672405 8.672775 8.673157 8.67324 8.673312 8.673527 8.673638 8.673672 8.67378 8.674044 8.674115 8.674054 8.674001 8.674134 8.674226 8.674601 8.674784 8.675798 8.676197 8.676711 8.67674 8.676877 8.676896 8.676877 8.676904 8.67699 8.677063 8.677252 8.677225 8.677245 8.677446 8.677481 8.677704
8.564415 8.573461 8.59037 8.601973 8.611272 8.618492 8.621174 8.632244 8.639156 8.646915 8.656116 8.657196 8.657872 8.657046 8.657774 8.658143 8.658693 8.668216 8.668691 8.669501 8.669597 8.66983 8.669991 8.670138 8.67028 8.671267 8.671559 8.671902 8.671968 8.672257 8.672518 8.673134 8.673217 8.673296 8.673329 8.673373 8.673667 8.673813 8.673779 8.674045 8.674077 8.674138 8.674065 8.674201 8.674288 8.674682 8.675014 8.675761 8.676423 8.676947 8.676738 8.676879 8.67689 8.676938 8.676956 8.677055 8.677026 8.677189 8.677202 8.677262 8.677474 8.677538 8.677569
8.569195 8.584226 8.595943 8.608409 8.614322 8.621175 8.623197 8.632594 8.640731 8.647429 8.656633 8.658081 8.658353 8.65741 8.657851 8.658298 8.658929 8.668264 8.668856 8.669748 8.669774 8.669839 8.670043 8.670129 8.670639 8.671301 8.671733 8.672018 8.672248 8.672344 8.672595 8.673168 8.673239 8.673311 8.673322 8.673401 8.673457 8.673744 8.673911 8.674022 8.674096 8.674182 8.674144 8.6742 8.674354 8.674821 8.67508 8.675912 8.676403 8.676889 8.67695 8.677017 8.676899 8.676922 8.676941 8.677007 8.677028 8.677215 8.677207 8.677238 8.677547 8.677556 8.677558
8.574071 8.589311 8.601862 8.613134 8.617422 8.622149 8.626734 8.63356 8.641258 8.64935 8.656075 8.65857 8.657481 8.65746 8.657933 8.658653 8.659134 8.668391 8.668862 8.66952 8.669938 8.669941 8.670145 8.670197 8.670727 8.671409 8.671755 8.671965 8.672356 8.672588 8.672824 8.673163 8.673265 8.673304 8.673356 8.673466 8.673436 8.673575 8.673856 8.673968 8.674094 8.674265 8.674113 8.674274 8.674458 8.674905 8.67571 8.676163 8.676617 8.676908 8.676682 8.676784 8.677037 8.676935 8.677014 8.67705 8.67703 8.677217 8.677192 8.67721 8.677541 8.677556 8.677358
8.579495 8.594865 8.606863 8.614599 8.619643 8.624207 8.62922 8.634783 8.641825 8.649068 8.657149 8.658566 8.657824 8.65822 8.658164 8.658764 8.668382 8.668564 8.668994 8.66957 8.669946 8.670137 8.670084 8.67038 8.671323 8.671594 8.671859 8.671992 8.672319 8.67267 8.673276 8.673193 8.673254 8.673288 8.673414 8.673406 8.67353 8.673601 8.673687 8.673776 8.674318 8.674251 8.674153 8.67434 8.674593 8.675059 8.675896 8.676292 8.676932 8.676706 8.676755 8.676803 8.676917 8.67713 8.677026 8.676974 8.676989 8.67724 8.677229 8.677275 8.67754 8.677294 8.677256
8.585082 8.600393 8.611198 8.616844 8.622025 8.626463 8.63196 8.63567 8.642502 8.649605 8.657293 8.659053 8.657544 8.65831 8.658804 8.659006 8.668429 8.66873 8.66906 8.669653 8.66993 8.670179 8.670292 8.670461 8.671422 8.671721 8.672011 8.672258 8.672358 8.672656 8.673282 8.673333 8.673226 8.673281 8.67335 8.673533 8.673579 8.673655 8.673697 8.673857 8.674222 8.674438 8.674353 8.674403 8.674697 8.675152 8.676044 8.676482 8.676908 8.676764 8.676702 8.676823 8.676841 8.676887 8.677026 8.677101 8.677193 8.677233 8.677347 8.677346 8.677259 8.677151 8.677009
8.594312 8.605427 8.614038 8.62038 8.624059 8.628993 8.634342 8.63758 8.643083 8.650196 8.657936 8.657431 8.657625 8.658075 8.659021 8.668465 8.668608 8.668781 8.669234 8.669666 8.6698 8.670052 8.670429 8.671135 8.671596 8.671847 8.672127 8.672364 8.672421 8.6728 8.673149 8.673336 8.673381 8.673301 8.67341 8.673507 8.673601 8.67368 8.673701 8.673918 8.674189 8.674261 8.674412 8.674723 8.674819 8.675784 8.676174 8.676699 8.677078 8.676787 8.676788 8.676836 8.676925 8.676882 8.676883 8.677035 8.67732 8.677209 8.677341 8.677089 8.676926 8.67703 8.676867
8.599006 8.609681 8.617728 8.622552 8.62629 8.631382 8.636045 8.639109 8.643852 8.650848 8.659021 8.657582 8.657728 8.658338 8.658875 8.668622 8.668794 8.668861 8.669164 8.6697 8.669877 8.670123 8.670382 8.671235 8.671805 8.671936 8.672211 8.672435 8.672514 8.673059 8.673078 8.67321 8.673515 8.673506 8.67345 8.673521 8.673621 8.673681 8.673818 8.673811 8.674217 8.674327 8.674341 8.674797 8.675046 8.6759 8.676332 8.677028 8.677102 8.67671 8.676852 8.676836 8.67693 8.676873 8.676848 8.676934 8.677278 8.677418 8.677077 8.676929 8.676744 8.676812 8.676629
8.603445 8.613381 8.619715 8.625015 8.629101 8.633932 8.637567 8.640969 8.644118 8.651499 8.65743 8.657665 8.657822 8.658588 8.65909 8.668471 8.668948 8.669287 8.669205 8.669762 8.669829 8.670238 8.670454 8.671512 8.671921 8.672139 8.672281 8.672507 8.672799 8.673052 8.67314 8.673229 8.67334 8.673489 8.673624 8.673598 8.673639 8.673737 8.673798 8.673849 8.674285 8.674368 8.674417 8.674595 8.675351 8.676118 8.67647 8.677089 8.677008 8.676812 8.676852 8.676881 8.676874 8.676867 8.676936 8.676908 8.677133 8.676958 8.677048 8.676902 8.6767 8.676679 8.676408
8.607994 8.617435 8.622032 8.627705 8.63137 8.63594 8.639252 8.642465 8.645735 8.652635 8.657673 8.657834 8.658023 8.658794 8.668229 8.668646 8.668741 8.669382 8.669479 8.669717 8.669862 8.670161 8.671013 8.671608 8.67191 8.672219 8.672461 8.672588 8.673171 8.673106 8.673186 8.673256 8.673274 8.673452 8.67356 8.673767 8.673611 8.673845 8.673852 8.673882 8.674249 8.67452 8.674456 8.674767 8.675713 8.676227 8.676851 8.677112 8.677058 8.67698 8.676941 8.676958 8.676912 8.676918 8.676928 8.676933 8.676926 8.676879 8.676677 8.676731 8.676625 8.676411 8.676045
8.611563 8.619746 8.6244 8.629294 8.633672 8.638552 8.640889 8.644102 8.648055 8.655382 8.657993 8.657972 8.658498 8.659081 8.668391 8.668798 8.668841 8.669122 8.669523 8.669927 8.669963 8.670256 8.671205 8.671711 8.672 8.672228 8.672561 8.672779 8.673237 8.673189 8.673251 8.673254 8.673333 8.673514 8.67361 8.673661 8.673974 8.673848 8.673867 8.67395 8.674276 8.674521 8.674584 8.674864 8.675817 8.6763 8.67698 8.677174 8.677186 8.676972 8.676999 8.676895 8.67692 8.676925 8.676947 8.676726 8.676897 8.676642 8.676508 8.676399 8.6764 8.676209 8.675816
8.615602 8.621412 8.627023 8.630714 8.636226 8.640364 8.643354 8.645683 8.650403 8.656536 8.658081 8.658353 8.658792 8.668107 8.66849 8.668766 8.66898 8.6692 8.669391 8.67004 8.670218 8.670764 8.671305 8.671821 8.672121 8.672318 8.672586 8.673016 8.673401 8.673404 8.673246 8.673306 8.673453 8.673522 8.673602 8.673752 8.673849 8.673974 8.674019 8.673959 8.674336 8.674569 8.674604 8.674885 8.67602 8.676482 8.677073 8.677052 8.677265 8.677123 8.676951 8.676904 8.676937 8.676946 8.676761 8.676673 8.676669 8.676491 8.676373 8.676272 8.675827 8.675876 8.675704
8.618981 8.623713 8.629306 8.632584 8.63833 8.642151 8.644936 8.64864 8.655138 8.657715 8.657994 8.65846 8.65923 8.668287 8.668614 8.668849 8.66914 8.669291 8.669404 8.669982 8.670432 8.670997 8.671218 8.671945 8.672213 8.672496 8.672683 8.673289 8.673472 8.67345 8.673243 8.673417 8.673488 8.673585 8.673628 8.673825 8.673853 8.673895 8.674057 8.674147 8.674369 8.674603 8.674642 8.675459 8.676156 8.67662 8.677032 8.676979 8.677121 8.6772 8.677098 8.676919 8.676933 8.676778 8.676682 8.676484 8.676511 8.676387 8.676284 8.675846 8.675598 8.67542 8.675467
