inputs/Middelgrunden/Resource grid 1   Sector 12   Height 64m   Sector frequency.grd
DSAA
 111           201 
 728800        731000
 6176000       6180000
 5.494025E-02  5.575248E-02
[rows 92 to 114 of 201, columns 0 to 52 of 111]
5.499453E-02 5.500421E-02 5.505521E-02 5.506136E-02 5.506889E-02 5.507834E-02 5.509792E-02 5.511072E-02 5.510757E-02 5.511377E-02 5.512469E-02 5.513375E-02 5.514075E-02 5.519191E-02 5.519449E-02 5.520131E-02 5.520681E-02 5.521784E-02 .0552211 5.522685E-02 5.522868E-02 5.522991E-02 5.521657E-02 5.521426E-02 5.520533E-02 5.520296E-02 5.522793E-02 5.522881E-02 5.522916E-02 5.523305E-02 5.523637E-02 5.523703E-02 5.529791E-02 .0552992 5.530257E-02 5.531376E-02 5.535533E-02 5.535821E-02 5.536129E-02 5.536484E-02 5.537371E-02 5.536871E-02 5.537292E-02 .0553741 5.537952E-02 5.538097E-02 5.538368E-02 5.538229E-02 5.538035E-02 5.537986E-02 5.537881E-02 5.537669E-02 5.536979E-02
5.499281E-02 .0550057 5.505175E-02 5.506105E-02 5.506817E-02 5.507503E-02 5.509526E-02 5.509701E-02 5.510604E-02 5.510999E-02 5.511831E-02 5.512886E-02 5.518443E-02 5.518898E-02 5.519238E-02 .0551971 5.519944E-02 5.521471E-02 5.522014E-02 5.522631E-02 5.522688E-02 5.522307E-02 5.521033E-02 5.520961E-02 5.520342E-02 5.520276E-02 5.522391E-02 5.522361E-02 5.522604E-02 5.522898E-02 5.523227E-02 5.529539E-02 5.529763E-02 5.529831E-02 5.530291E-02 5.531291E-02 5.535408E-02 5.535492E-02 5.535752E-02 5.536385E-02 5.536769E-02 5.536861E-02 5.536909E-02 .0553726 5.537571E-02 .0553766 5.537747E-02 5.537459E-02 5.537382E-02 5.537537E-02 5.537415E-02 5.536706E-02 5.536089E-02
5.499452E-02 5.500269E-02 5.504953E-02 5.505775E-02 5.506717E-02 .0550759 5.508899E-02 5.508907E-02 5.509872E-02 5.510352E-02 5.511212E-02 .0551747 5.518173E-02 5.518851E-02 5.519302E-02 5.520138E-02 5.520422E-02 5.520575E-02 5.521356E-02 5.522196E-02 .055221 5.521937E-02 5.520626E-02 5.520461E-02 5.519903E-02 5.520049E-02 5.522142E-02 5.522155E-02 5.522314E-02 5.522628E-02 5.523035E-02 5.529223E-02 5.529632E-02 5.530056E-02 5.531271E-02 5.535316E-02 .0553518 5.535287E-02 5.535563E-02 5.535976E-02 5.535255E-02 .0553584 5.536987E-02 .0553651 5.536601E-02 5.536697E-02 5.536746E-02 5.536512E-02 5.536471E-02 5.536544E-02 5.536478E-02 5.536247E-02 5.535552E-02
5.499403E-02 5.500134E-02 5.504574E-02 5.505536E-02 5.506534E-02 5.507733E-02 5.509077E-02 5.508414E-02 5.509061E-02 5.510036E-02 .0551614 5.517874E-02 5.518745E-02 5.518993E-02 5.519601E-02 5.520312E-02 5.520645E-02 5.520368E-02 5.520964E-02 5.520928E-02 5.521342E-02 5.521587E-02 5.520068E-02 .055201 5.519361E-02 5.519622E-02 5.519785E-02 5.522226E-02 5.522336E-02 5.522624E-02 5.529102E-02 5.529385E-02 5.529493E-02 5.530614E-02 5.530762E-02 5.534946E-02 5.535165E-02 5.535087E-02 5.535384E-02 .0553576 5.535217E-02 5.535589E-02 5.536492E-02 .0553624 .0553587 5.535758E-02 5.536157E-02 5.536125E-02 5.536088E-02 5.536062E-02 5.536214E-02 5.535828E-02 5.535485E-02
5.499954E-02 5.504542E-02 5.504731E-02 5.505499E-02 5.506275E-02 5.507374E-02 .0550787 5.508503E-02 5.509203E-02 5.514851E-02 5.515969E-02 5.518004E-02 .0551868 5.519016E-02 5.519574E-02 5.519972E-02 5.520198E-02 5.520093E-02 5.519693E-02 5.520797E-02 5.520718E-02 5.520734E-02 5.519966E-02 .0551983 5.519221E-02 5.519629E-02 5.519484E-02 5.521951E-02 5.522301E-02 5.522643E-02 5.528782E-02 5.528835E-02 5.529863E-02 5.530228E-02 5.530462E-02 5.534733E-02 5.535135E-02 5.535547E-02 .0553588 5.534985E-02 5.535195E-02 5.535311E-02 5.535159E-02 5.535667E-02 .0553587 5.535672E-02 .0553559 5.535585E-02 5.535981E-02 5.535939E-02 5.535817E-02 5.535531E-02 5.535531E-02
5.500768E-02 5.505089E-02 5.505346E-02 .0550594 5.506144E-02 5.506542E-02 5.507437E-02 5.508431E-02 5.514389E-02 5.514911E-02 5.515824E-02 5.517808E-02 5.518429E-02 5.518635E-02 5.518892E-02 5.519201E-02 5.519217E-02 5.519122E-02 5.519039E-02 5.520272E-02 5.520131E-02 5.519867E-02 5.518821E-02 5.519651E-02 5.519224E-02 5.519669E-02 .0551962 5.522098E-02 5.522514E-02 .0552869 5.528964E-02 5.529246E-02 5.530337E-02 5.530517E-02 5.530692E-02 5.534919E-02 5.535555E-02 5.535878E-02 5.536088E-02 5.535137E-02 5.535094E-02 5.535226E-02 5.534683E-02 5.534296E-02 5.535194E-02 .0553508 5.535503E-02 5.535312E-02 5.535606E-02 5.535579E-02 5.535774E-02 5.535741E-02 5.535928E-02
5.501274E-02 5.505386E-02 5.505784E-02 5.506054E-02 5.506042E-02 5.505555E-02 5.507575E-02 5.513553E-02 5.514406E-02 5.514917E-02 .0551572 .0551688 5.517633E-02 5.518053E-02 5.518137E-02 .0551833 5.518404E-02 5.518133E-02 5.518543E-02 5.519662E-02 5.519719E-02 5.519634E-02 5.518757E-02 5.519441E-02 5.519917E-02 5.519949E-02 .0551991 5.522428E-02 5.522596E-02 5.528872E-02 5.529017E-02 .0553037 5.530744E-02 5.530842E-02 5.530863E-02 5.535005E-02 5.535252E-02 5.535416E-02 .0553487 5.535104E-02 5.535017E-02 5.534966E-02 5.534358E-02 5.533994E-02 5.533734E-02 5.534695E-02 5.535179E-02 5.535346E-02 5.535861E-02 5.535494E-02 .0553588 .0553579 5.535849E-02
5.501708E-02 .0550574 5.506178E-02 5.506334E-02 5.506476E-02 5.505925E-02 .0551229 5.513216E-02 5.514044E-02 5.514971E-02 5.515757E-02 .0551635 5.516632E-02 5.517204E-02 5.517358E-02 5.517442E-02 5.517641E-02 5.517755E-02 5.517895E-02 5.518477E-02 5.519407E-02 5.519765E-02 5.519147E-02 5.519598E-02 5.519956E-02 5.519233E-02 5.519966E-02 5.520421E-02 5.522995E-02 5.529349E-02 5.530217E-02 5.530464E-02 5.530677E-02 5.530954E-02 5.531058E-02 5.534935E-02 5.535074E-02 5.535159E-02 5.534628E-02 5.534737E-02 5.534664E-02 5.534528E-02 5.534069E-02 5.533669E-02 .0553374 5.534552E-02 5.534912E-02 5.535407E-02 5.535598E-02 5.535607E-02 5.535688E-02 .0553574 5.535909E-02
5.504985E-02 5.505676E-02 5.506771E-02 5.506708E-02 5.505982E-02 5.511558E-02 5.512575E-02 5.512913E-02 5.513653E-02 5.514501E-02 5.515127E-02 5.515982E-02 5.516051E-02 5.516078E-02 5.516553E-02 5.516743E-02 5.517014E-02 5.517254E-02 .0551763 5.517971E-02 5.518927E-02 5.518454E-02 5.519211E-02 5.519544E-02 5.519781E-02 5.519241E-02 5.519847E-02 .0552009 5.529305E-02 5.530436E-02 5.530655E-02 5.530846E-02 5.530924E-02 5.530708E-02 5.534566E-02 5.534893E-02 5.534894E-02 .0553402 5.534314E-02 5.534358E-02 5.534413E-02 .0553432 5.534249E-02 5.533981E-02 5.533659E-02 5.533709E-02 5.535144E-02 5.535512E-02 5.535341E-02 5.535365E-02 5.535778E-02 5.535999E-02 5.535937E-02
5.505451E-02 5.506481E-02 5.507012E-02 5.506971E-02 5.512005E-02 5.512308E-02 .0551321 5.513183E-02 5.513392E-02 5.514261E-02 5.514659E-02 .0551548 5.515858E-02 5.515712E-02 5.515596E-02 5.515759E-02 5.516453E-02 5.516718E-02 5.516948E-02 5.517459E-02 5.518736E-02 .0551793 5.518698E-02 5.519288E-02 5.519961E-02 5.519322E-02 5.520085E-02 5.520388E-02 5.528893E-02 5.530412E-02 5.530813E-02 5.530604E-02 5.530676E-02 5.530567E-02 5.534542E-02 5.534453E-02 5.534639E-02 5.533842E-02 5.534036E-02 5.534146E-02 5.534254E-02 5.534285E-02 5.534325E-02 .0553443 .0553418 5.533896E-02 5.533884E-02 5.535373E-02 5.535304E-02 5.535267E-02 5.535595E-02 5.535688E-02 5.536225E-02
5.505688E-02 .0550676 5.512883E-02 5.511875E-02 5.512125E-02 5.512316E-02 5.512964E-02 5.513714E-02 5.513778E-02 5.513704E-02 5.514367E-02 5.515189E-02 5.515434E-02 5.515312E-02 5.515239E-02 5.515239E-02 5.516008E-02 5.516547E-02 5.516582E-02 5.517311E-02 5.517668E-02 .0551796 5.518401E-02 5.519124E-02 5.519822E-02 5.519762E-02 5.520182E-02 5.526652E-02 5.529988E-02 5.529828E-02 5.529951E-02 .0553036 5.530434E-02 5.530529E-02 5.534286E-02 5.534339E-02 5.533588E-02 5.533706E-02 5.534232E-02 5.534341E-02 5.534435E-02 5.534785E-02 5.534592E-02 5.534417E-02 5.534288E-02 5.533892E-02 5.533597E-02 5.533818E-02 5.535307E-02 5.535405E-02 5.535628E-02 5.535736E-02 5.535897E-02
.0550614 5.512593E-02 5.512695E-02 5.511807E-02 5.512343E-02 5.512564E-02 5.513224E-02 5.513179E-02 5.513133E-02 5.513331E-02 5.514194E-02 5.514736E-02 5.514696E-02 5.515118E-02 5.515248E-02 5.515249E-02 5.515993E-02 5.516116E-02 5.516557E-02 5.517309E-02 5.517785E-02 5.518092E-02 5.518522E-02 5.519129E-02 5.519686E-02 5.519858E-02 5.520436E-02 5.527524E-02 5.527561E-02 5.529709E-02 5.529834E-02 5.529721E-02 5.530037E-02 5.530516E-02 5.534431E-02 5.534514E-02 5.533943E-02 5.533997E-02 5.534374E-02 .0553455 5.534917E-02 5.534862E-02 .055344 5.534344E-02 .0553419 5.533911E-02 5.533662E-02 5.534045E-02 .055353 5.535376E-02 5.535626E-02 5.535682E-02 5.535743E-02
5.512302E-02 5.512711E-02 5.512815E-02 5.511848E-02 5.512267E-02 .0551299 5.513363E-02 .055133 .0551299 5.513312E-02 5.513387E-02 5.513755E-02 5.514244E-02 5.514925E-02 5.515233E-02 5.515374E-02 5.515682E-02 5.515882E-02 5.516304E-02 5.517215E-02 5.518094E-02 5.518111E-02 5.518606E-02 5.519274E-02 5.519878E-02 5.519219E-02 5.526434E-02 5.526998E-02 5.527115E-02 5.529606E-02 5.529581E-02 5.529581E-02 5.529744E-02 5.530056E-02 5.534568E-02 5.534048E-02 5.534286E-02 5.534515E-02 5.534933E-02 5.534995E-02 5.535065E-02 5.535085E-02 5.534517E-02 5.534312E-02 5.534398E-02 5.534002E-02 5.533933E-02 5.533978E-02 .0553378 5.535284E-02 5.535181E-02 5.535015E-02 5.535072E-02
5.511449E-02 5.512915E-02 5.512037E-02 5.512093E-02 5.511984E-02 5.512591E-02 5.513459E-02 5.513585E-02 5.513513E-02 5.513484E-02 .0551361 5.514123E-02 5.514296E-02 .0551408 5.514281E-02 5.514984E-02 5.515381E-02 5.515629E-02 5.516139E-02 5.517133E-02 5.517994E-02 5.517389E-02 5.518482E-02 .0551876 5.519184E-02 5.518656E-02 5.525804E-02 5.526309E-02 5.526508E-02 5.529037E-02 5.529322E-02 5.529634E-02 .0552977 5.530012E-02 5.534158E-02 5.533784E-02 5.534278E-02 5.534518E-02 5.534991E-02 5.535112E-02 5.535154E-02 5.534792E-02 5.534104E-02 5.534024E-02 5.533831E-02 5.533575E-02 5.533824E-02 5.533917E-02 5.533653E-02 5.533755E-02 5.534749E-02 5.534085E-02 .0553391
5.511558E-02 5.512018E-02 5.511775E-02 5.512093E-02 5.512227E-02 .0551287 .0551328 5.513227E-02 5.513723E-02 5.513983E-02 .0551453 5.514632E-02 5.514433E-02 5.514016E-02 5.513885E-02 5.514481E-02 5.515056E-02 5.515368E-02 5.515825E-02 5.516905E-02 5.517361E-02 5.516687E-02 5.517745E-02 5.517759E-02 5.518501E-02 5.519746E-02 5.525333E-02 5.525414E-02 5.525616E-02 5.528554E-02 5.529114E-02 5.529829E-02 5.529911E-02 5.533981E-02 5.533353E-02 .0553377 5.534084E-02 5.534807E-02 5.535172E-02 5.535468E-02 5.535353E-02 5.535033E-02 5.534327E-02 5.533801E-02 5.533417E-02 5.533356E-02 5.533538E-02 5.533643E-02 5.533301E-02 5.533086E-02 5.532656E-02 5.533885E-02 5.533725E-02
5.511614E-02 5.510698E-02 5.511697E-02 5.511773E-02 5.511863E-02 5.512685E-02 .0551284 5.513258E-02 5.513647E-02 .05514 .055143 5.514758E-02 5.514549E-02 5.513967E-02 5.513933E-02 5.514329E-02 5.515026E-02 5.515578E-02 5.516043E-02 5.516415E-02 5.516547E-02 5.515943E-02 5.516305E-02 5.517226E-02 5.518617E-02 5.525216E-02 .0552493 5.525373E-02 5.525507E-02 5.525902E-02 5.528977E-02 5.529497E-02 .0553009 5.534367E-02 5.533791E-02 5.534099E-02 5.534319E-02 5.534729E-02 5.535157E-02 5.535718E-02 5.535282E-02 .0553487 5.534203E-02 5.533612E-02 5.533218E-02 .05533 5.532789E-02 5.532705E-02 5.532555E-02 5.532706E-02 5.532623E-02 .0553407 5.534046E-02
5.511364E-02 5.510874E-02 5.510933E-02 .0551172 5.511625E-02 5.512524E-02 5.513098E-02 5.513358E-02 5.513623E-02 5.513794E-02 5.514036E-02 5.514519E-02 5.514773E-02 .0551472 .0551475 5.514613E-02 5.515097E-02 5.515383E-02 5.515771E-02 5.516328E-02 5.515263E-02 5.515381E-02 5.515275E-02 5.517061E-02 5.518209E-02 5.524807E-02 5.524575E-02 5.525146E-02 5.525962E-02 5.526236E-02 .0552846 5.529087E-02 5.529984E-02 5.533531E-02 .0553417 5.534282E-02 5.534511E-02 5.534834E-02 5.535031E-02 5.534872E-02 5.535151E-02 5.534697E-02 5.533701E-02 .0553311 5.532596E-02 5.532367E-02 5.532398E-02 5.532428E-02 5.532209E-02 5.532403E-02 5.532588E-02 5.532583E-02 5.534055E-02
5.507271E-02 5.508119E-02 5.510911E-02 5.511206E-02 5.511954E-02 5.512533E-02 5.512729E-02 5.513115E-02 5.513444E-02 5.513887E-02 5.514076E-02 5.514664E-02 5.514831E-02 5.514927E-02 5.514881E-02 5.515127E-02 5.515138E-02 5.515407E-02 5.515472E-02 5.515675E-02 5.514775E-02 5.515011E-02 5.515339E-02 5.517181E-02 5.523922E-02 5.524482E-02 .0552443 5.525148E-02 5.526105E-02 5.526376E-02 5.528975E-02 5.529432E-02 5.529821E-02 5.533525E-02 5.534213E-02 5.534558E-02 .0553456 5.534716E-02 5.534749E-02 5.534651E-02 .0553438 5.533785E-02 5.533044E-02 5.532735E-02 5.532311E-02 5.532369E-02 5.532222E-02 5.532269E-02 5.532123E-02 .0553214 5.532472E-02 5.532576E-02 .0553283
5.507119E-02 5.507617E-02 5.508042E-02 .0551135 5.512299E-02 5.512713E-02 5.512856E-02 5.513161E-02 5.513428E-02 5.514035E-02 .0551448 5.515187E-02 5.515245E-02 .0551494 .0551472 5.514932E-02 5.515249E-02 5.515216E-02 5.515016E-02 5.515276E-02 5.514406E-02 5.514665E-02 5.516073E-02 5.516296E-02 5.523722E-02 .0552422 .0552424 5.525085E-02 .0552567 5.526497E-02 .0552923 5.529758E-02 .0552922 5.533421E-02 5.533969E-02 5.534355E-02 5.534403E-02 5.534782E-02 5.534573E-02 5.534022E-02 5.533168E-02 5.532912E-02 5.532189E-02 5.532461E-02 5.532172E-02 5.532386E-02 5.532225E-02 5.532314E-02 5.532351E-02 5.532501E-02 5.532488E-02 5.532348E-02 .0553271
5.507704E-02 5.507784E-02 5.507803E-02 5.508026E-02 .0550827 5.512813E-02 5.513241E-02 5.513438E-02 5.513808E-02 5.514295E-02 5.514767E-02 5.515251E-02 .055154 5.515058E-02 5.514815E-02 5.514753E-02 5.514984E-02 5.515232E-02 5.515222E-02 .0551542 5.514468E-02 5.515527E-02 5.515903E-02 5.522482E-02 5.523719E-02 5.524627E-02 5.524536E-02 5.525322E-02 5.525967E-02 .0552641 5.529165E-02 5.529811E-02 5.533113E-02 5.533166E-02 5.533215E-02 5.533674E-02 .0553396 5.533908E-02 5.533623E-02 5.533243E-02 .0553288 5.532647E-02 .0553227 5.532231E-02 5.532118E-02 5.532767E-02 5.532564E-02 5.532699E-02 5.532435E-02 5.532492E-02 5.532547E-02 5.532729E-02 5.536946E-02
5.508056E-02 5.507635E-02 5.507451E-02 5.507233E-02 5.507517E-02 5.508989E-02 5.513376E-02 5.514106E-02 5.513864E-02 5.514029E-02 5.514265E-02 5.514898E-02 5.515147E-02 5.515112E-02 5.514782E-02 5.514513E-02 5.514612E-02 5.515165E-02 5.515292E-02 5.515563E-02 5.515467E-02 .0551605 5.516378E-02 .0552293 5.524183E-02 5.524936E-02 5.524976E-02 .0552569 5.526364E-02 5.527038E-02 5.527055E-02 .0552836 5.532255E-02 5.532598E-02 5.532888E-02 5.532676E-02 5.532672E-02 5.533176E-02 5.533134E-02 5.533132E-02 5.532887E-02 5.532852E-02 5.532559E-02 5.532702E-02 5.532536E-02 5.532323E-02 5.532609E-02 5.532881E-02 5.533071E-02 5.533101E-02 5.532882E-02 5.537115E-02 5.537066E-02
5.507914E-02 5.507868E-02 5.507458E-02 5.507405E-02 5.507431E-02 5.508808E-02 5.510307E-02 5.510617E-02 5.513656E-02 5.513499E-02 5.513517E-02 5.514194E-02 5.514517E-02 5.514707E-02 5.514756E-02 5.514766E-02 5.514811E-02 5.514999E-02 5.515324E-02 5.515625E-02 5.515936E-02 5.516351E-02 5.516885E-02 5.523451E-02 5.523675E-02 5.525383E-02 5.525303E-02 5.525936E-02 5.526333E-02 5.526722E-02 5.526672E-02 5.528059E-02 .055318 5.531584E-02 5.531719E-02 5.531793E-02 5.531813E-02 5.532295E-02 5.532956E-02 5.533335E-02 5.533523E-02 .0553361 5.532993E-02 5.532915E-02 .0553312 5.532806E-02 5.532578E-02 5.532964E-02 5.533418E-02 5.533571E-02 5.537488E-02 5.537345E-02 5.537132E-02
5.507864E-02 5.507748E-02 5.507942E-02 5.507658E-02 5.507634E-02 5.507999E-02 5.508456E-02 5.509862E-02 5.509997E-02 5.512586E-02 5.512704E-02 5.513518E-02 .0551429 5.514459E-02 .0551447 5.514663E-02 5.514954E-02 5.515323E-02 5.515603E-02 5.516948E-02 5.516381E-02 5.516795E-02 5.523464E-02 5.523997E-02 5.524183E-02 .0552563 5.525476E-02 5.525928E-02 5.526226E-02 5.526322E-02 5.525073E-02 5.527041E-02 5.530831E-02 5.530895E-02 5.531217E-02 5.531453E-02 5.531646E-02 5.532142E-02 .0553259 5.533012E-02 5.533561E-02 5.533568E-02 5.533421E-02 5.533594E-02 5.533745E-02 5.533542E-02 5.533215E-02 5.532902E-02 5.533004E-02 5.537937E-02 5.537637E-02 5.534126E-02 5.534329E-02
