inputs/Middelgrunden/Resource grid 1   Sector 12   Height 64m   Weibull-A.grd
DSAA
 111           201 
 728800        731000
 6176000       6180000
 6.590877      7.378915
[rows 28 to 55 of 201, columns 0 to 62 of 111]
6.939948 6.963537 6.970474 6.980405 6.990765 7.004009 7.014781 6.99849 7.009199 7.022484 7.033146 7.032616 7.041809 7.060057 7.05823 7.064588 7.06774 7.087255 7.094872 7.094394 7.099029 7.109499 7.121759 7.139672 7.138463 7.142941 7.139292 7.147822 7.157873 7.162089 7.164351 7.158424 7.16496 7.159837 7.169279 7.166295 7.170139 7.183323 7.183805 7.182875 7.184573 7.186152 7.187065 7.190904 7.192142 7.193615 7.19441 7.195399 7.1973 7.199096 7.202522 7.204209 7.205948 7.208627 7.215397 7.215874 7.22379 7.227295 7.230427 7.246305 7.248595 7.249417 7.250702
6.959995 6.967 6.975931 6.986276 6.996045 7.009182 7.02178 7.003846 7.015249 7.027645 7.027773 7.037198 7.04542 7.054748 7.061241 7.064106 7.083486 7.091054 7.092443 7.094705 7.104441 7.118169 7.12393 7.135005 7.139648 7.13326 7.151619 7.146894 7.159784 7.162157 7.164394 7.163014 7.164412 7.166986 7.169384 7.167079 7.180103 7.180644 7.186538 7.182256 7.184114 7.185305 7.188951 7.190267 7.19182 7.192718 7.193364 7.195103 7.197261 7.199032 7.20215 7.204004 7.206322 7.212868 7.21683 7.217823 7.225018 7.228608 7.230217 7.245854 7.248034 7.248756 7.249548
6.96399 6.972072 6.980422 6.989867 7.002051 7.012483 6.996178 7.008311 7.021722 7.034695 7.032964 7.041294 7.050658 7.057689 7.061642 7.072705 7.087483 7.089428 7.090134 7.100137 7.113505 7.120273 7.121977 7.13623 7.129616 7.134487 7.144156 7.154406 7.159911 7.161823 7.161318 7.162383 7.157929 7.166955 7.16992 7.176919 7.181572 7.183744 7.17991 7.181738 7.182972 7.185108 7.188494 7.189916 7.190886 7.19155 7.192997 7.195225 7.197159 7.200215 7.201985 7.204198 7.20695 7.214492 7.215228 7.222372 7.226655 7.228439 7.243973 7.24648 7.247343 7.247995 7.249324
6.967498 6.975936 6.982329 6.993699 7.005966 6.990167 7.00209 7.016248 7.028813 7.028071 7.03705 7.04654 7.053816 7.059501 7.0767 7.083962 7.08605 7.09318 7.095191 7.109361 7.116876 7.118363 7.132574 7.137168 7.130836 7.147274 7.142666 7.154239 7.159417 7.157188 7.160099 7.155299 7.164605 7.167328 7.165393 7.178509 7.179146 7.177781 7.179551 7.180866 7.18289 7.186623 7.188223 7.188946 7.189946 7.190886 7.193224 7.195179 7.19837 7.200035 7.202001 7.204466 7.211762 7.21231 7.220119 7.223437 7.226577 7.228539 7.244875 7.245863 7.246424 7.247528 7.249118
6.971692 6.97908 6.986967 6.997536 7.007195 7.011887 7.008509 7.023215 7.036235 7.032743 7.040552 7.049917 7.056307 7.068609 7.080083 7.083003 7.089962 7.090783 7.101089 7.113054 7.115098 7.116946 7.133685 7.126753 7.131005 7.148037 7.151071 7.155975 7.148394 7.157584 7.152946 7.16201 7.164644 7.168265 7.175613 7.176214 7.181314 7.177001 7.178474 7.180787 7.184411 7.186467 7.186981 7.187932 7.18892 7.190864 7.193147 7.196611 7.198047 7.199986 7.202294 7.209121 7.209503 7.214207 7.221045 7.22485 7.22704 7.241681 7.244421 7.245048 7.246172 7.247409 7.249008
6.974065 6.979796 6.990522 7.00355 6.989028 7.000189 7.017295 7.030805 7.028078 7.036321 7.045733 7.052798 7.057485 7.076346 7.087862 7.086535 7.086857 7.09671 7.10816 7.114602 7.118165 7.130151 7.122722 7.127118 7.14328 7.148157 7.151684 7.1459 7.155422 7.15047 7.159352 7.16221 7.165439 7.172852 7.177301 7.178524 7.174412 7.176245 7.178493 7.182513 7.184357 7.185605 7.185977 7.186747 7.188832 7.19113 7.194693 7.196416 7.197969 7.200273 7.206628 7.20664 7.211514 7.218725 7.221577 7.22448 7.22638 7.242933 7.243542 7.244392 7.246072 7.247346 7.249075
6.974569 6.982461 6.993258 6.979856 6.993098 7.008695 7.024684 7.022154 7.032363 7.041586 7.048745 7.055453 7.073033 7.084058 7.083605 7.089534 7.092037 7.104743 7.111083 7.112706 7.114598 7.130661 7.123217 7.140513 7.144904 7.147411 7.152942 7.151162 7.154867 7.149848 7.159646 7.1629 7.170755 7.173854 7.173836 7.171952 7.173841 7.176122 7.178292 7.182613 7.183234 7.184247 7.184935 7.186312 7.188648 7.191823 7.194622 7.196166 7.198144 7.204582 7.20767 7.208709 7.216225 7.219663 7.221071 7.224526 7.225843 7.242056 7.24302 7.244324 7.24591 7.247496 7.2496
6.977227 6.985265 6.970737 6.98405 7.001494 7.018785 7.031249 7.027364 7.035974 7.044933 7.05127 7.055578 7.07687 7.080104 7.086081 7.087261 7.096619 7.106823 7.109272 7.111249 7.11513 7.11912 7.122991 7.141934 7.144369 7.147783 7.142183 7.152846 7.147301 7.156833 7.160333 7.168259 7.170831 7.170025 7.168951 7.171103 7.173647 7.17625 7.180466 7.181518 7.182536 7.183169 7.184207 7.186372 7.18873 7.192602 7.19432 7.196313 7.20239 7.205057 7.205855 7.210331 7.217392 7.219409 7.22254 7.223974 7.239001 7.241402 7.24261 7.244476 7.246146 7.248 7.250455
6.974244 6.983551 6.976163 6.992253 7.010765 7.025331 7.022133 7.030804 7.040559 7.04805 7.051702 7.073215 7.076403 7.083393 7.08354 7.092717 7.102511 7.108065 7.107287 7.11207 7.115574 7.118924 7.139097 7.141586 7.144425 7.147203 7.148165 7.151603 7.15427 7.157745 7.161272 7.174291 7.166995 7.170395 7.1685 7.171124 7.17381 7.178457 7.179551 7.180742 7.181175 7.182336 7.183996 7.186514 7.190564 7.192308 7.194041 7.196519 7.202902 7.202721 7.207582 7.21493 7.217553 7.22065 7.22207 7.223347 7.238378 7.240837 7.242495 7.244304 7.246599 7.248924 7.251356
6.980556 6.96984 6.981606 7.003243 7.019649 7.03135 7.025935 7.035911 7.043761 7.05105 7.0611 7.073082 7.080223 7.086582 7.088919 7.098995 7.101597 7.106839 7.108478 7.112288 7.115117 7.134025 7.138847 7.140916 7.143616 7.145771 7.149338 7.151462 7.154552 7.158809 7.166745 7.172592 7.167436 7.165636 7.16848 7.171219 7.176262 7.177421 7.1787 7.17965 7.180194 7.182078 7.18401 7.188365 7.1902 7.191982 7.194322 7.200813 7.203986 7.20489 7.212434 7.215747 7.21881 7.220291 7.221541 7.236761 7.238359 7.240762 7.242626 7.244799 7.247344 7.249794 7.252564
6.963894 6.97591 6.993305 7.011718 7.025882 7.020517 7.029277 7.039365 7.046801 7.048188 7.07364 7.076994 7.083583 7.084949 7.087519 7.097281 7.103623 7.105184 7.108614 7.107655 7.130667 7.136094 7.137781 7.140488 7.13542 7.146899 7.141738 7.15183 7.155931 7.164044 7.170327 7.164387 7.166955 7.165957 7.168447 7.17175 7.175432 7.176451 7.177742 7.178082 7.179889 7.182032 7.184139 7.188235 7.18992 7.192038 7.198643 7.20161 7.201751 7.206344 7.213633 7.217309 7.218361 7.219815 7.220954 7.236308 7.235428 7.24059 7.243084 7.245689 7.24805 7.250711 7.253655
6.971575 6.984867 7.004702 7.020106 7.013418 7.024405 7.034543 7.041918 7.043703 7.069956 7.072697 7.080476 7.081279 7.088076 7.093441 7.099732 7.101268 7.105313 7.104431 7.127147 7.132805 7.13525 7.137848 7.130503 7.140273 7.146317 7.148907 7.152629 7.161417 7.164588 7.166887 7.164051 7.163051 7.166166 7.168926 7.173419 7.174506 7.175807 7.176574 7.177636 7.179814 7.18214 7.186022 7.18796 7.189872 7.1963 7.199103 7.199233 7.203517 7.210998 7.213548 7.216642 7.218044 7.219184 7.234434 7.236101 7.2389 7.241365 7.244006 7.246507 7.248951 7.251817 7.25457
6.978848 6.99471 7.012609 7.025487 7.019132 7.029162 7.037838 7.039503 7.06687 7.06294 7.077049 7.084002 7.084272 7.089504 7.096395 7.103082 7.102144 7.106802 7.105247 7.129332 7.131536 7.134698 7.137161 7.131685 7.143901 7.146072 7.149629 7.151671 7.162248 7.165454 7.160868 7.164269 7.163452 7.166146 7.171331 7.172402 7.173801 7.174747 7.175578 7.177427 7.179781 7.184221 7.185879 7.187855 7.194121 7.196746 7.199452 7.200707 7.208305 7.211646 7.214925 7.216022 7.217516 7.219054 7.234218 7.233515 7.239399 7.242332 7.244885 7.247394 7.250077 7.252848 7.255575
6.985692 7.005236 7.019694 7.013389 7.023126 7.032897 7.041603 7.044093 7.058979 7.073483 7.080714 7.0804 7.092675 7.091968 7.097967 7.099057 7.106629 7.109072 7.112566 7.12836 7.130831 7.134609 7.133804 7.139509 7.136257 7.146704 7.150506 7.159571 7.159474 7.163339 7.161159 7.160377 7.163332 7.166943 7.17046 7.171839 7.172798 7.173478 7.175245 7.177452 7.181863 7.184021 7.185794 7.188049 7.194548 7.197727 7.197789 7.202036 7.209232 7.213245 7.214287 7.215608 7.217109 7.218394 7.234111 7.237567 7.240481 7.243248 7.245761 7.248294 7.251116 7.25388 7.256469
6.994583 7.012185 7.005782 7.01784 7.027973 7.03619 7.039628 7.054948 7.06388 7.077447 7.077252 7.078374 7.088 7.095047 7.094514 7.108665 7.10598 7.110771 7.124859 7.127373 7.131594 7.133538 7.128029 7.140943 7.143871 7.147575 7.149169 7.155066 7.159857 7.157911 7.156924 7.160642 7.164102 7.168643 7.169552 7.170786 7.172165 7.173131 7.175159 7.177442 7.181786 7.183555 7.185721 7.192401 7.195347 7.194911 7.199286 7.206711 7.211425 7.212654 7.21373 7.215297 7.216629 7.232171 7.234738 7.238661 7.241655 7.244155 7.246651 7.249418 7.25221 7.25474 7.25571
7.004881 6.99966 7.012253 7.022613 7.030899 7.03436 7.062405 7.059377 7.074356 7.08017 7.079025 7.085271 7.095612 7.101286 7.105825 7.102664 7.107262 7.105454 7.116511 7.128416 7.130764 7.124897 7.137087 7.140767 7.144734 7.146301 7.149518 7.156744 7.160133 7.158363 7.157789 7.161209 7.166055 7.167494 7.169237 7.17023 7.171034 7.172921 7.175286 7.179669 7.181623 7.18356 7.189963 7.192881 7.195457 7.196139 7.20389 7.209531 7.210886 7.212065 7.213586 7.215007 7.216184 7.232263 7.236553 7.239676 7.242568 7.245058 7.247877 7.250529 7.253081 7.253919 7.257524
7.012177 7.004773 7.015821 7.026209 7.029874 7.058775 7.055558 7.070726 7.076478 7.076189 7.087079 7.091354 7.097358 7.102765 7.099624 7.103988 7.101994 7.117021 7.124136 7.127772 7.127414 7.124805 7.137695 7.141374 7.143001 7.146581 7.153137 7.156649 7.154219 7.154433 7.158214 7.161082 7.16544 7.166481 7.168084 7.16904 7.17074 7.172909 7.17738 7.179508 7.181464 7.187768 7.190325 7.19701 7.193167 7.201347 7.205951 7.209154 7.210338 7.211607 7.213268 7.214391 7.230138 7.233777 7.237731 7.240791 7.243492 7.246277 7.248782 7.251339 7.252192 7.255519 7.259873
6.998896 7.010102 7.021118 7.037966 7.034639 7.05146 7.067205 7.073124 7.080615 7.078246 7.087889 7.093279 7.099029 7.104129 7.100353 7.098291 7.096514 7.120531 7.124713 7.127272 7.121573 7.133608 7.138096 7.141946 7.143421 7.148726 7.153558 7.150497 7.15623 7.155546 7.159012 7.163046 7.164345 7.165965 7.16785 7.168519 7.170619 7.175334 7.177423 7.179271 7.185758 7.187985 7.191111 7.190154 7.194718 7.202261 7.20761 7.208721 7.209828 7.211365 7.212634 7.214099 7.231291 7.235656 7.238778 7.241735 7.244418 7.247355 7.249846 7.252238 7.253648 7.257748 7.259778
7.003449 7.015166 7.03258 7.028952 7.046709 7.063683 7.069699 7.076895 7.075017 7.084565 7.089184 7.095134 7.099513 7.0973 7.094569 7.095738 7.103729 7.121757 7.124219 7.11821 7.121346 7.133849 7.138803 7.140221 7.146371 7.150671 7.153919 7.151628 7.152502 7.156054 7.160196 7.162247 7.163851 7.16578 7.16646 7.16845 7.17276 7.175267 7.177299 7.183409 7.185859 7.188629 7.194968 7.191803 7.199605 7.205465 7.206956 7.208187 7.209401 7.210794 7.212316 7.228958 7.232775 7.236648 7.240068 7.242719 7.245484 7.248164 7.250616 7.25187 7.255679 7.258068 7.263175
7.007868 7.027196 7.023591 7.040667 7.059204 7.065859 7.073256 7.078354 7.08112 7.085207 7.091067 7.095808 7.094131 7.095685 7.090847 7.099823 7.110745 7.1215 7.120746 7.118171 7.12181 7.133466 7.137067 7.140684 7.147842 7.149559 7.147603 7.148529 7.152328 7.158478 7.159898 7.160954 7.163426 7.164323 7.166191 7.170574 7.173155 7.175108 7.181285 7.18363 7.186264 7.192527 7.188773 7.193068 7.201279 7.205143 7.206602 7.207628 7.209109 7.210368 7.212997 7.230824 7.234753 7.237759 7.241071 7.243743 7.246393 7.248888 7.25002 7.253634 7.256087 7.259382 7.264633
7.022511 7.032598 7.030417 7.053712 7.057498 7.063746 7.075006 7.072349 7.08167 7.086985 7.091686 7.096929 7.092336 7.086932 7.096056 7.094264 7.118253 7.120757 7.114769 7.118622 7.129522 7.133933 7.137527 7.140008 7.147558 7.143659 7.14933 7.149313 7.15309 7.156958 7.158858 7.16106 7.163397 7.163919 7.166111 7.171083 7.173142 7.175056 7.181321 7.183792 7.186987 7.185486 7.190142 7.198699 7.203021 7.204804 7.206029 7.207144 7.208326 7.210896 7.214028 7.231927 7.23583 7.238971 7.24193 7.244649 7.247252 7.246372 7.251647 7.25407 7.257463 7.263003 7.264771
7.027158 7.03442 7.042158 7.054183 7.059968 7.071295 7.075462 7.078379 7.081587 7.087632 7.091997 7.0881 7.083253 7.087782 7.096705 7.10225 7.117881 7.117446 7.12253 7.126334 7.129506 7.134371 7.139505 7.144697 7.14649 7.145355 7.145676 7.149908 7.153891 7.156232 7.158715 7.161006 7.161633 7.163687 7.168519 7.171172 7.173057 7.179128 7.181418 7.184347 7.1826 7.186997 7.19611 7.200753 7.203044 7.204233 7.205512 7.206409 7.208749 7.211867 7.229841 7.23305 7.236978 7.23997 7.242777 7.245452 7.248158 7.24803 7.251843 7.255762 7.2613 7.262978 7.264572
7.032378 7.035372 7.049564 7.056312 7.067492 7.072211 7.075846 7.078021 7.083326 7.088171 7.085014 7.078561 7.082633 7.092569 7.090681 7.114604 7.114417 7.117325 7.122762 7.126257 7.130163 7.136892 7.141742 7.144515 7.14141 7.153556 7.145976 7.152242 7.153287 7.155304 7.158696 7.160891 7.161204 7.165891 7.168818 7.171022 7.177179 7.179472 7.181796 7.188209 7.183923 7.193295 7.196917 7.201035 7.202537 7.203724 7.204744 7.206589 7.209779 7.212975 7.230875 7.235157 7.237957 7.240758 7.243659 7.246356 7.246199 7.249632 7.253758 7.259387 7.261366 7.263141 7.258255
7.029887 7.047843 7.052495 7.05531 7.069006 7.072794 7.075067 7.077555 7.084257 7.087238 7.075696 7.079083 7.088459 7.086658 7.098618 7.114033 7.114072 7.119607 7.122416 7.126348 7.131063 7.133885 7.141798 7.137728 7.149642 7.142415 7.149035 7.150244 7.152658 7.155946 7.159093 7.160993 7.163298 7.166303 7.168725 7.175139 7.177243 7.179435 7.185797 7.181118 7.185248 7.193956 7.199041 7.200799 7.201881 7.2031 7.20463 7.207662 7.210879 7.228694 7.229381 7.23596 7.238921 7.241655 7.244502 7.244204 7.247286 7.251643 7.257591 7.260147 7.261824 7.262005 7.257638
7.047026 7.047747 7.051558 7.065651 7.069518 7.072707 7.07379 7.079939 7.083117 7.07118 7.074026 7.084756 7.089101 7.094871 7.098225 7.110878 7.116445 7.119223 7.12284 7.124712 7.131148 7.138987 7.134096 7.138128 7.143094 7.143523 7.155603 7.149732 7.152207 7.155873 7.158486 7.16058 7.163802 7.166545 7.16864 7.175057 7.177244 7.180076 7.177981 7.182409 7.191293 7.196458 7.198701 7.200333 7.201437 7.202629 7.205708 7.208728 7.212074 7.229983 7.230389 7.236728 7.239725 7.242502 7.242306 7.245321 7.249505 7.255848 7.258442 7.260304 7.260752 7.25627 7.257043
7.04277 7.0504 7.061964 7.066169 7.069773 7.070792 7.075494 7.079081 7.072484 7.076498 7.081081 7.084536 7.091338 7.094656 7.107691 7.111316 7.116279 7.119271 7.119207 7.131597 7.135752 7.131111 7.134459 7.139047 7.147315 7.146041 7.146596 7.149704 7.1533 7.156227 7.157943 7.161006 7.164175 7.166444 7.172761 7.175069 7.17738 7.175304 7.179395 7.188749 7.193845 7.19663 7.198484 7.199671 7.201 7.203617 7.206895 7.209908 7.227687 7.228469 7.234873 7.237813 7.240514 7.240065 7.243374 7.247224 7.251281 7.256622 7.258349 7.259254 7.259979 7.255713 7.256084
7.046116 7.048964 7.06279 7.066465 7.068546 7.072165 7.075797 7.074275 7.071963 7.07829 7.08061 7.085451 7.091354 7.094364 7.108097 7.113298 7.116091 7.115239 7.122329 7.127666 7.127909 7.130652 7.134892 7.140014 7.14288 7.152066 7.146814 7.149327 7.15376 7.155626 7.158201 7.161426 7.164011 7.170602 7.172869 7.174881 7.181239 7.176256 7.18592 7.189848 7.194643 7.196174 7.197626 7.199242 7.201609 7.204878 7.208079 7.211295 7.229165 7.229383 7.235604 7.238686 7.238036 7.241174 7.244928 7.249245 7.254939 7.256644 7.257848 7.258342 7.254265 7.254848 7.255286
7.043983 7.059453 7.063104 7.065926 7.068761 7.070453 7.070515 7.067363 7.074061 7.076518 7.081192 7.087495 7.090991 7.104863 7.110337 7.112862 7.111475 7.116117 7.123369 7.124716 7.127485 7.131085 7.135849 7.14424 7.149352 7.143424 7.146719 7.15129 7.153328 7.155366 7.158619 7.170652 7.168299 7.170493 7.172609 7.175113 7.173068 7.183095 7.187123 7.192266 7.194369 7.195816 7.197202 7.199431 7.202598 7.205956 7.209183 7.212402 7.227471 7.230065 7.236748 7.239696 7.23916 7.242386 7.246983 7.253144 7.255683 7.256473 7.256842 7.257732 7.253529 7.253853 7.254297
