inputs/Middelgrunden/Resource grid 1   Sector 4   Height 64m   Sector frequency.grd
DSAA
 111           201 
 728800        731000
 6176000       6180000
 .0790464      8.066297E-02
[rows 48 to 71 of 201, columns 53 to 105 of 111]
7.970666E-02 7.969497E-02 7.968975E-02 7.970267E-02 7.967918E-02 7.967547E-02 7.966702E-02 7.972213E-02 7.971557E-02 7.971188E-02 7.970727E-02 7.970128E-02 7.969666E-02 7.969287E-02 7.968734E-02 7.968482E-02 7.967819E-02 7.967184E-02 7.963792E-02 7.963564E-02 7.963113E-02 7.968682E-02 7.968004E-02 7.967243E-02 7.966541E-02 7.965819E-02 7.965243E-02 7.960653E-02 7.960366E-02 7.960189E-02 7.960285E-02 7.959769E-02 7.959189E-02 7.958917E-02 7.956371E-02 7.956671E-02 7.955925E-02 7.955547E-02 7.954901E-02 .0795425 7.953858E-02 7.953412E-02 7.952681E-02 7.951783E-02 7.951105E-02 7.950196E-02 7.949186E-02 7.948121E-02 7.947128E-02 7.946419E-02 7.945906E-02 7.952203E-02 7.951806E-02
7.970203E-02 7.969276E-02 7.968607E-02 7.969607E-02 7.966994E-02 7.966644E-02 .0797241 7.971988E-02 7.971659E-02 7.970886E-02 7.970543E-02 7.970163E-02 7.969266E-02 7.969127E-02 .0796857 7.967958E-02 7.966996E-02 7.961787E-02 7.961153E-02 7.962134E-02 7.961299E-02 7.967379E-02 7.966629E-02 7.965865E-02 7.965617E-02 7.965127E-02 7.964905E-02 7.960524E-02 7.960231E-02 7.960075E-02 7.959998E-02 .0795975 7.959308E-02 7.958467E-02 7.956249E-02 7.955912E-02 7.955008E-02 7.955232E-02 .0795478 7.953987E-02 .0795342 7.952715E-02 7.951977E-02 7.950699E-02 7.949663E-02 7.948922E-02 7.947931E-02 7.947139E-02 7.946513E-02 7.945872E-02 7.951696E-02 7.951856E-02 7.951414E-02
7.969639E-02 7.968151E-02 7.967693E-02 .0796734 7.967188E-02 7.972887E-02 7.973023E-02 7.972238E-02 7.971395E-02 7.971032E-02 7.970582E-02 7.969952E-02 7.969055E-02 7.968449E-02 7.967599E-02 7.962415E-02 7.961614E-02 7.960425E-02 7.959776E-02 7.960714E-02 7.960028E-02 7.966225E-02 7.966243E-02 7.965519E-02 7.965282E-02 7.965076E-02 7.964956E-02 7.963103E-02 7.960083E-02 7.960119E-02 7.959917E-02 7.959672E-02 7.959125E-02 7.958326E-02 7.956087E-02 7.955694E-02 7.954964E-02 7.954481E-02 .079537 7.953341E-02 7.952286E-02 7.951379E-02 7.950497E-02 7.949425E-02 7.948541E-02 7.947958E-02 7.947364E-02 7.946598E-02 7.946146E-02 7.945587E-02 7.951473E-02 7.951574E-02 7.951269E-02
7.968468E-02 7.967746E-02 7.967653E-02 7.967262E-02 7.971275E-02 7.973199E-02 7.973309E-02 7.972484E-02 .0797203 7.971343E-02 7.970694E-02 7.969847E-02 7.968742E-02 7.962825E-02 .0796147 7.961169E-02 7.960534E-02 .0795985 7.959151E-02 7.958576E-02 7.966005E-02 7.965607E-02 .0796548 7.965171E-02 7.965153E-02 7.964943E-02 7.964829E-02 7.963132E-02 7.960165E-02 7.960091E-02 7.959921E-02 7.959394E-02 .079587 7.958104E-02 7.955947E-02 7.955446E-02 7.954421E-02 7.953353E-02 7.952431E-02 .0795154 7.950546E-02 7.950293E-02 7.949571E-02 .0794853 7.947907E-02 7.947474E-02 7.947004E-02 7.946536E-02 7.945971E-02 7.945503E-02 7.951358E-02 7.951558E-02 7.951339E-02
7.967994E-02 7.967628E-02 7.973828E-02 7.973675E-02 .0797139 7.970729E-02 7.973039E-02 7.972495E-02 7.971562E-02 7.970884E-02 .079695 7.964026E-02 7.962605E-02 7.961437E-02 7.960839E-02 7.960535E-02 7.960177E-02 7.959713E-02 7.959103E-02 7.958445E-02 7.965636E-02 7.965193E-02 7.965271E-02 7.964928E-02 7.964984E-02 7.964692E-02 7.964655E-02 7.964254E-02 .0796266 .0795991 7.959639E-02 7.959015E-02 7.958063E-02 7.957283E-02 .0795508 .0795435 7.953175E-02 .0795224 7.951271E-02 .0795045 7.949662E-02 7.948852E-02 7.948308E-02 .0794823 7.947472E-02 .0794717 7.946745E-02 7.946217E-02 7.945669E-02 7.945281E-02 7.951286E-02 7.951517E-02 7.951175E-02
7.968006E-02 7.973792E-02 7.973628E-02 .0797333 7.970858E-02 7.970615E-02 7.969813E-02 7.970932E-02 7.970179E-02 7.969517E-02 7.964106E-02 7.963068E-02 .0796218 7.961169E-02 7.960559E-02 7.960334E-02 7.959868E-02 7.959426E-02 7.958965E-02 7.958087E-02 7.963769E-02 7.965201E-02 7.965205E-02 7.964948E-02 7.964499E-02 7.964533E-02 7.964519E-02 7.963955E-02 7.962094E-02 7.959272E-02 7.958851E-02 7.957727E-02 7.957038E-02 7.956331E-02 7.953945E-02 7.953287E-02 7.952192E-02 7.951371E-02 7.950401E-02 7.949767E-02 7.949107E-02 7.948475E-02 7.947914E-02 7.947307E-02 7.946572E-02 .079467 7.946445E-02 7.946113E-02 7.945758E-02 7.945238E-02 7.951089E-02 7.951173E-02 7.950901E-02
7.974138E-02 7.973591E-02 7.973123E-02 7.972409E-02 7.969637E-02 7.969157E-02 7.968307E-02 7.967696E-02 7.964749E-02 7.963952E-02 7.963578E-02 7.962707E-02 7.961725E-02 7.960765E-02 7.960065E-02 .0795964 7.959121E-02 7.958436E-02 7.958036E-02 .0795783 7.963683E-02 .0796514 7.965314E-02 7.964761E-02 7.964205E-02 7.963675E-02 7.963733E-02 7.963295E-02 .0796131 7.958369E-02 .079582 .0795705 7.956319E-02 7.955701E-02 .0795343 7.952553E-02 7.951555E-02 7.950669E-02 .0794982 7.949004E-02 7.948276E-02 7.947734E-02 7.947313E-02 7.946903E-02 7.946224E-02 7.946014E-02 7.945763E-02 .0794583 7.945633E-02 7.944983E-02 7.950659E-02 7.950716E-02 7.950496E-02
7.973404E-02 7.972106E-02 7.971612E-02 7.970881E-02 7.968643E-02 7.968693E-02 7.963496E-02 7.962568E-02 7.964053E-02 7.963254E-02 7.962818E-02 7.962215E-02 7.961228E-02 7.960126E-02 7.959408E-02 .0795883 7.958256E-02 7.957982E-02 7.957643E-02 7.957115E-02 7.963129E-02 7.962963E-02 7.964712E-02 7.964385E-02 7.963933E-02 7.963341E-02 7.962931E-02 7.962476E-02 7.960999E-02 7.960798E-02 7.957409E-02 7.956769E-02 7.956005E-02 7.955022E-02 7.952745E-02 7.951976E-02 7.950901E-02 .0795005 7.949232E-02 7.948387E-02 7.947957E-02 7.947421E-02 7.946989E-02 7.946538E-02 7.946029E-02 .0794583 7.945532E-02 7.944915E-02 7.944446E-02 7.944581E-02 7.950362E-02 .0795047 .0795026
7.971781E-02 7.971097E-02 7.970554E-02 .0797031 7.968231E-02 7.963607E-02 7.962905E-02 7.961968E-02 7.961231E-02 7.962718E-02 7.962368E-02 7.961401E-02 7.960321E-02 7.959222E-02 7.958455E-02 7.958059E-02 .0795756 7.957263E-02 .0795702 7.956637E-02 7.962577E-02 7.962662E-02 7.964239E-02 7.963725E-02 7.963434E-02 7.963046E-02 7.962403E-02 7.962387E-02 7.962232E-02 7.960725E-02 7.957172E-02 7.956341E-02 7.955429E-02 7.954584E-02 7.952109E-02 7.951505E-02 .0795036 7.949588E-02 7.948845E-02 7.948271E-02 7.947647E-02 7.947149E-02 7.946879E-02 .0794642 7.946089E-02 7.945411E-02 7.944939E-02 7.944338E-02 7.943783E-02 7.943409E-02 7.949347E-02 7.950144E-02 7.949609E-02
7.970875E-02 7.970309E-02 7.969966E-02 7.964801E-02 7.962812E-02 7.962608E-02 7.962195E-02 7.961531E-02 7.960607E-02 7.959771E-02 7.961251E-02 .0796072 7.959563E-02 7.958734E-02 7.957795E-02 7.957458E-02 .0795703 7.956717E-02 .0795661 7.956164E-02 .0796206 .0796196 7.962114E-02 7.963335E-02 .0796287 7.962973E-02 7.962662E-02 7.962403E-02 7.961901E-02 7.959512E-02 7.956391E-02 7.955625E-02 7.954743E-02 7.953937E-02 7.951485E-02 7.951092E-02 7.950088E-02 7.949425E-02 7.948614E-02 7.947975E-02 7.947373E-02 7.947064E-02 7.946689E-02 7.946151E-02 7.945611E-02 7.944876E-02 .0794436 7.943887E-02 7.943437E-02 7.942677E-02 7.948405E-02 7.948436E-02 7.948232E-02
7.970574E-02 7.965071E-02 7.964224E-02 7.963888E-02 7.962237E-02 7.961795E-02 7.961031E-02 7.960258E-02 7.959429E-02 .0795861 7.957966E-02 .0795976 7.959025E-02 7.958379E-02 7.957505E-02 7.957115E-02 7.956633E-02 7.956228E-02 7.955923E-02 7.955373E-02 7.961256E-02 7.961376E-02 7.961495E-02 7.963254E-02 7.963024E-02 7.962944E-02 7.962461E-02 7.961873E-02 7.961119E-02 7.958674E-02 7.957969E-02 7.954802E-02 7.953984E-02 7.953062E-02 7.950778E-02 7.950515E-02 7.949741E-02 7.949109E-02 7.948466E-02 7.947981E-02 7.947449E-02 7.946945E-02 7.946457E-02 7.945916E-02 7.945315E-02 7.944415E-02 7.943527E-02 7.942905E-02 .0794256 7.942181E-02 7.948291E-02 7.948224E-02 7.947753E-02
7.964834E-02 7.964326E-02 7.963435E-02 7.962834E-02 7.961065E-02 .0796066 7.960069E-02 7.959397E-02 7.958577E-02 7.957612E-02 7.956823E-02 7.956689E-02 7.958691E-02 7.958071E-02 7.957041E-02 7.956611E-02 7.956095E-02 7.955685E-02 7.955365E-02 7.961096E-02 7.960833E-02 7.960737E-02 .0796087 7.960751E-02 7.962472E-02 7.962016E-02 7.961409E-02 .0796091 7.959609E-02 7.957519E-02 7.956826E-02 .0795361 7.952937E-02 7.952353E-02 7.949962E-02 .0794955 7.949183E-02 7.948778E-02 7.948301E-02 7.947805E-02 7.947199E-02 7.946441E-02 7.945678E-02 7.944833E-02 7.944288E-02 7.943583E-02 7.943272E-02 7.942854E-02 7.942467E-02 7.942037E-02 7.947901E-02 7.947795E-02 7.947187E-02
7.963832E-02 7.963309E-02 .0796287 7.962371E-02 7.960638E-02 7.959934E-02 7.959411E-02 .0795874 7.957976E-02 7.957352E-02 7.956836E-02 .0795611 7.955591E-02 7.957204E-02 7.956581E-02 7.956326E-02 7.956058E-02 7.955639E-02 7.955431E-02 7.961041E-02 7.960744E-02 7.960414E-02 7.960404E-02 .0796014 7.961199E-02 7.960966E-02 7.960438E-02 7.960024E-02 7.958704E-02 .0795782 7.955975E-02 7.952991E-02 7.952331E-02 .0795164 7.949448E-02 7.949141E-02 7.948822E-02 7.948419E-02 7.947957E-02 7.946812E-02 7.945868E-02 7.945243E-02 7.944679E-02 7.944313E-02 7.944093E-02 7.943669E-02 7.943033E-02 7.942761E-02 .0794234 .0794163 7.947432E-02 7.947313E-02 7.946792E-02
7.963286E-02 7.962747E-02 7.962372E-02 7.962068E-02 7.960089E-02 7.959505E-02 7.958874E-02 7.958243E-02 7.957449E-02 7.956693E-02 7.955983E-02 7.955346E-02 7.954701E-02 7.956576E-02 7.956016E-02 7.955956E-02 7.955715E-02 7.955456E-02 7.955061E-02 7.960622E-02 7.960225E-02 7.960014E-02 7.959747E-02 7.959067E-02 7.958709E-02 7.960019E-02 7.959684E-02 7.958893E-02 7.957984E-02 7.957299E-02 7.955573E-02 7.955202E-02 7.951984E-02 7.951412E-02 7.949295E-02 7.948963E-02 7.947939E-02 7.947242E-02 7.946625E-02 7.945921E-02 7.945208E-02 7.944815E-02 7.944153E-02 7.943887E-02 .0794365 7.943301E-02 7.942662E-02 .0794211 7.941557E-02 7.940929E-02 7.946888E-02 7.946533E-02 7.946233E-02
7.962926E-02 7.962426E-02 7.961995E-02 7.960124E-02 7.959703E-02 7.958833E-02 7.957941E-02 7.957278E-02 7.956604E-02 .0795581 7.955062E-02 7.954738E-02 7.954255E-02 7.954014E-02 7.955506E-02 7.955443E-02 7.955115E-02 .0795494 7.954602E-02 7.960117E-02 7.959826E-02 7.959203E-02 .0795895 7.958291E-02 7.957914E-02 7.959082E-02 7.958588E-02 7.958328E-02 7.957662E-02 .0795696 7.955205E-02 7.954817E-02 7.951404E-02 7.950661E-02 7.948323E-02 7.947862E-02 7.947309E-02 7.946722E-02 7.946076E-02 7.945324E-02 7.944813E-02 7.944463E-02 7.944059E-02 7.943639E-02 .0794325 7.942715E-02 7.942048E-02 7.941513E-02 7.941015E-02 7.940418E-02 7.946168E-02 7.945753E-02 7.945344E-02
7.962333E-02 7.962038E-02 7.961575E-02 7.959688E-02 7.958804E-02 7.958023E-02 7.957174E-02 7.956398E-02 7.955672E-02 7.955088E-02 7.954583E-02 7.954206E-02 7.953655E-02 7.953431E-02 .079532 7.954931E-02 7.954708E-02 7.954537E-02 7.954321E-02 7.959693E-02 7.959074E-02 7.958555E-02 7.958431E-02 7.957751E-02 7.957283E-02 7.956862E-02 7.957679E-02 .0795751 7.957308E-02 7.956105E-02 7.954118E-02 .0795391 7.953407E-02 7.950241E-02 .0794782 7.947294E-02 7.946492E-02 7.946096E-02 7.945643E-02 7.944996E-02 .0794467 .0794434 7.943953E-02 7.943214E-02 7.942763E-02 7.942223E-02 7.941467E-02 .0794107 7.940383E-02 7.939693E-02 7.945648E-02 7.945213E-02 7.944901E-02
7.961422E-02 7.960876E-02 7.960626E-02 7.958835E-02 7.958092E-02 7.957524E-02 7.956821E-02 7.956095E-02 .0795547 7.954802E-02 7.954136E-02 7.953665E-02 7.953288E-02 7.952756E-02 7.952517E-02 7.952297E-02 7.954171E-02 7.953834E-02 7.953613E-02 7.959119E-02 7.958743E-02 7.958184E-02 7.957802E-02 7.957018E-02 7.956817E-02 7.956332E-02 7.956582E-02 7.956243E-02 7.955892E-02 7.955617E-02 7.955001E-02 .0795355 7.952926E-02 7.949667E-02 7.947361E-02 7.947056E-02 7.946256E-02 7.945775E-02 7.945339E-02 7.944973E-02 7.944529E-02 7.943975E-02 7.943337E-02 7.942729E-02 .0794224 7.941705E-02 7.941121E-02 7.940467E-02 7.939623E-02 7.939152E-02 7.945116E-02 7.944427E-02 7.943797E-02
7.960417E-02 7.959975E-02 7.959747E-02 7.957952E-02 7.957613E-02 7.957006E-02 7.956532E-02 7.955823E-02 7.955252E-02 7.954667E-02 7.954037E-02 7.953522E-02 7.952841E-02 7.952127E-02 7.951969E-02 7.951513E-02 7.950986E-02 7.952936E-02 7.952764E-02 .0795836 7.957907E-02 7.957599E-02 7.956745E-02 7.955744E-02 7.955152E-02 7.954116E-02 .0795376 7.955498E-02 7.955199E-02 7.955173E-02 7.954586E-02 7.953025E-02 7.952412E-02 7.949339E-02 7.947093E-02 7.946581E-02 7.945881E-02 7.945455E-02 7.945029E-02 7.944796E-02 7.944109E-02 7.943289E-02 7.942607E-02 7.941954E-02 7.941421E-02 7.940976E-02 7.940333E-02 7.939675E-02 7.939086E-02 .079383 7.944185E-02 7.943539E-02 7.943048E-02
7.959617E-02 7.959618E-02 7.959625E-02 7.957708E-02 7.957299E-02 7.956608E-02 7.956156E-02 7.955616E-02 .0795507 7.954507E-02 7.953817E-02 7.953401E-02 7.952802E-02 7.951963E-02 7.951156E-02 7.950487E-02 7.949901E-02 7.949719E-02 7.951444E-02 7.956591E-02 7.956071E-02 7.955876E-02 7.955596E-02 7.954934E-02 7.954731E-02 7.954047E-02 .0795368 7.955155E-02 7.954516E-02 7.954298E-02 7.954093E-02 7.952604E-02 7.952178E-02 7.951638E-02 7.946609E-02 7.946178E-02 7.945518E-02 7.945146E-02 7.944515E-02 7.943907E-02 7.943321E-02 7.942742E-02 7.942046E-02 7.941378E-02 7.940844E-02 7.940261E-02 7.939591E-02 7.938886E-02 .0793836 7.937529E-02 7.943705E-02 7.942994E-02 7.942525E-02
7.959197E-02 7.959168E-02 7.959569E-02 7.957476E-02 7.957103E-02 7.956734E-02 7.955951E-02 7.955322E-02 7.954863E-02 7.954099E-02 7.953422E-02 7.952797E-02 7.951864E-02 7.950838E-02 7.950137E-02 7.949471E-02 7.948301E-02 7.947592E-02 7.947377E-02 7.955438E-02 7.955298E-02 7.955225E-02 7.955141E-02 7.954755E-02 .0795401 7.953964E-02 7.953855E-02 7.953522E-02 7.954358E-02 7.953846E-02 7.953679E-02 7.952163E-02 7.951593E-02 7.951068E-02 7.946222E-02 7.945765E-02 7.945078E-02 7.944471E-02 7.943878E-02 7.943153E-02 7.942694E-02 7.942074E-02 7.941637E-02 7.941022E-02 7.940297E-02 7.939272E-02 7.938733E-02 7.938074E-02 7.937479E-02 7.943011E-02 7.942917E-02 7.942244E-02 7.947092E-02
7.958779E-02 7.958707E-02 7.959083E-02 7.957119E-02 7.956783E-02 7.956249E-02 7.955603E-02 7.954835E-02 .0795403 7.953148E-02 7.952297E-02 7.951618E-02 .0795045 7.949554E-02 7.948876E-02 7.948281E-02 7.947606E-02 7.946962E-02 7.952555E-02 7.954518E-02 7.954302E-02 7.954326E-02 7.954387E-02 7.954106E-02 7.953486E-02 .0795328 .0795325 .079528 7.954222E-02 7.953651E-02 7.953278E-02 7.951977E-02 7.951428E-02 7.950968E-02 7.945969E-02 7.945325E-02 7.944536E-02 7.943883E-02 7.943265E-02 7.942594E-02 7.942159E-02 7.941639E-02 7.941112E-02 7.940363E-02 7.939334E-02 7.938294E-02 .079377 7.937471E-02 7.936937E-02 7.942446E-02 7.942648E-02 .0794734 7.947007E-02
7.960295E-02 7.958753E-02 7.958657E-02 7.956611E-02 7.956329E-02 7.955687E-02 7.954744E-02 7.953974E-02 7.953265E-02 7.951709E-02 7.950301E-02 7.949409E-02 7.949035E-02 7.948443E-02 7.947931E-02 .0794751 7.946804E-02 7.946263E-02 .0795173 7.951594E-02 7.953659E-02 7.953629E-02 7.953483E-02 7.952429E-02 7.952397E-02 7.952461E-02 7.952262E-02 7.952204E-02 7.952201E-02 7.953539E-02 7.953038E-02 7.952916E-02 7.951041E-02 7.950431E-02 7.947984E-02 7.944804E-02 .079439 7.943257E-02 7.942781E-02 7.942123E-02 7.941321E-02 7.940552E-02 .0793963 7.938857E-02 7.938311E-02 7.937828E-02 7.937117E-02 7.937057E-02 7.936721E-02 7.947719E-02 7.947885E-02 7.947373E-02 7.946959E-02
7.960089E-02 7.958741E-02 7.958448E-02 7.956172E-02 .0795545 7.955036E-02 7.953912E-02 7.952558E-02 7.951822E-02 7.950909E-02 7.949974E-02 7.949112E-02 7.948238E-02 7.947472E-02 7.946985E-02 .0794663 7.946067E-02 7.945661E-02 7.951418E-02 7.951121E-02 7.951048E-02 7.953018E-02 7.952792E-02 7.951955E-02 .0795176 .0795164 7.951662E-02 .0795141 7.951315E-02 7.952784E-02 7.952341E-02 7.952286E-02 7.950438E-02 7.949736E-02 7.947226E-02 7.944065E-02 7.943076E-02 7.942288E-02 7.941664E-02 7.940783E-02 7.939958E-02 7.939418E-02 7.938796E-02 7.938243E-02 7.937734E-02 .0793722 7.936966E-02 7.936775E-02 7.941754E-02 7.947759E-02 7.947997E-02 7.947639E-02 7.947128E-02
7.959648E-02 7.958592E-02 7.957754E-02 7.955071E-02 7.954447E-02 7.953658E-02 7.953094E-02 7.951911E-02 7.951123E-02 7.950363E-02 7.949528E-02 7.948585E-02 7.947655E-02 7.946863E-02 7.946296E-02 7.946051E-02 7.945528E-02 7.945598E-02 7.951422E-02 7.951224E-02 7.950941E-02 7.950723E-02 7.952074E-02 7.951587E-02 7.951421E-02 .079514 7.951139E-02 7.950503E-02 7.950207E-02 7.950024E-02 7.951169E-02 7.950935E-02 7.949027E-02 7.948024E-02 7.945389E-02 7.942416E-02 7.941683E-02 7.940918E-02 7.940113E-02 .0793954 7.938841E-02 7.938314E-02 7.938018E-02 .0793772 7.937333E-02 7.936887E-02 7.936638E-02 7.941911E-02 7.941828E-02 7.947823E-02 7.948158E-02 7.947838E-02 7.947443E-02
