inputs/Middelgrunden/Resource grid 1   Sector 1   Height 64m   Weibull-A.grd
DSAA
 111           201 
 728800        731000
 6176000       6180000
 8.431909      8.520576
[rows 168 to 195 of 201, columns 0 to 62 of 111]
8.519324 8.519336 8.519346 8.519322 8.519363 8.51934 8.519296 8.519314 8.519295 8.519316 8.519305 8.519332 8.519299 8.519378 8.519467 8.519448 8.519488 8.519303 8.519388 8.519567 8.519592 8.519624 8.51964 8.519665 8.519638 8.519676 8.51968 8.51972 8.5197 8.519635 8.519664 8.519681 8.519787 8.519788 8.519766 8.519779 8.519833 8.519684 8.519688 8.519827 8.519807 8.519811 8.519506 8.519471 8.519584 8.519564 8.519536 8.518711 8.518357 8.518201 8.51797 8.51792 8.5179 8.516852 8.516504 8.51634 8.516053 8.516093 8.515903 8.515481 8.516329 8.516296 8.515905
8.519344 8.519348 8.519334 8.519428 8.519381 8.51937 8.519303 8.519275 8.519312 8.519331 8.519359 8.519353 8.51942 8.519382 8.519413 8.519445 8.519433 8.519548 8.519376 8.519554 8.519632 8.519625 8.519647 8.519621 8.519661 8.519715 8.519752 8.519699 8.519648 8.519636 8.519663 8.519671 8.519768 8.51977 8.519735 8.519809 8.519809 8.519675 8.519653 8.519801 8.519798 8.519832 8.519516 8.519476 8.519581 8.519576 8.519609 8.518906 8.518395 8.518283 8.51804 8.517921 8.518048 8.517041 8.516537 8.516391 8.516249 8.516038 8.515997 8.515202 8.516074 8.516335 8.515901
8.519346 8.519346 8.519348 8.519394 8.519383 8.519361 8.519329 8.51928 8.519315 8.519362 8.519319 8.519463 8.51942 8.519442 8.519427 8.519425 8.519442 8.519547 8.519393 8.519686 8.519663 8.519656 8.519603 8.519646 8.519717 8.519716 8.519757 8.51967 8.519662 8.519688 8.519665 8.519656 8.519759 8.519753 8.519771 8.519788 8.519786 8.51966 8.519619 8.519622 8.51978 8.519811 8.519649 8.519538 8.519647 8.519653 8.51961 8.519172 8.518445 8.518289 8.518143 8.517958 8.518 8.517243 8.516611 8.516495 8.516305 8.516012 8.516059 8.515067 8.515868 8.516367 8.515914
8.519338 8.519303 8.519391 8.519407 8.519384 8.519379 8.519213 8.519286 8.519311 8.519327 8.519334 8.519466 8.519464 8.519455 8.519416 8.519413 8.51955 8.519554 8.519571 8.519718 8.519715 8.51963 8.519582 8.519645 8.519696 8.519742 8.519675 8.519693 8.51965 8.519676 8.519634 8.519646 8.519753 8.519778 8.519812 8.51978 8.519792 8.519649 8.519612 8.519621 8.519817 8.519779 8.519741 8.519586 8.51969 8.519608 8.519642 8.519379 8.518476 8.518381 8.518218 8.517958 8.518065 8.517451 8.516747 8.516516 8.516335 8.515981 8.516015 8.515121 8.515636 8.516382 8.515926
8.519339 8.519394 8.519428 8.519423 8.519397 8.519333 8.519368 8.519313 8.51931 8.519314 8.519421 8.519403 8.519466 8.519442 8.519454 8.519453 8.519509 8.519563 8.519711 8.519712 8.519691 8.519618 8.519658 8.519663 8.519699 8.519657 8.519699 8.519691 8.519682 8.51967 8.519625 8.519643 8.519792 8.519829 8.519813 8.519778 8.519793 8.519611 8.519603 8.519688 8.519804 8.519862 8.519754 8.519656 8.519699 8.519673 8.519667 8.519549 8.518739 8.518431 8.518256 8.518028 8.518081 8.517671 8.516809 8.516549 8.516367 8.515925 8.515998 8.51521 8.51537 8.516232 8.516053
8.519355 8.51942 8.519426 8.519434 8.519384 8.519267 8.519394 8.519324 8.519258 8.519379 8.519373 8.519437 8.51943 8.519434 8.519464 8.519509 8.51951 8.519595 8.519726 8.519707 8.519679 8.519658 8.519694 8.519665 8.519708 8.519668 8.519684 8.519674 8.519687 8.519677 8.519691 8.519666 8.519831 8.519838 8.519838 8.519793 8.519757 8.519665 8.519675 8.519621 8.519857 8.519886 8.519773 8.519654 8.519782 8.51978 8.519671 8.519667 8.518975 8.51849 8.518335 8.518099 8.518101 8.517864 8.516862 8.516605 8.516328 8.516082 8.515961 8.515296 8.515093 8.515985 8.51613
8.519415 8.519425 8.519422 8.519406 8.519327 8.519349 8.51939 8.519292 8.519282 8.519336 8.519407 8.519411 8.51944 8.519476 8.519549 8.519547 8.519604 8.519704 8.519683 8.51985 8.519726 8.519706 8.519703 8.519698 8.519617 8.519688 8.519692 8.519697 8.519721 8.519679 8.519716 8.519717 8.519825 8.519863 8.519851 8.51982 8.519732 8.519716 8.519689 8.519616 8.519734 8.519895 8.519827 8.519824 8.519872 8.519788 8.519756 8.519662 8.519239 8.518587 8.518391 8.518153 8.518003 8.518079 8.51703 8.516592 8.516384 8.516172 8.515929 8.515364 8.514916 8.51575 8.516158
8.519423 8.519416 8.519419 8.519348 8.519275 8.519396 8.519395 8.519283 8.519351 8.519313 8.519396 8.519405 8.519473 8.519469 8.519545 8.519586 8.519609 8.519676 8.519683 8.51987 8.519745 8.519775 8.519724 8.519687 8.51965 8.519668 8.519704 8.519702 8.519712 8.519716 8.519712 8.519762 8.519851 8.519866 8.519823 8.519775 8.519717 8.519733 8.519668 8.519691 8.519733 8.519938 8.519819 8.519837 8.519867 8.519849 8.519768 8.519792 8.519463 8.518643 8.518453 8.518268 8.518108 8.518162 8.517254 8.516661 8.516416 8.516187 8.515868 8.515456 8.514905 8.515553 8.516212
8.519438 8.519431 8.519416 8.519297 8.519403 8.519394 8.519332 8.519381 8.519365 8.519361 8.519403 8.519408 8.519487 8.519559 8.519595 8.519636 8.519696 8.519686 8.519699 8.519904 8.519973 8.519793 8.5197 8.519738 8.519724 8.519693 8.519702 8.519736 8.519724 8.519745 8.519761 8.519773 8.51986 8.519849 8.519847 8.519887 8.519732 8.519698 8.519765 8.519757 8.519747 8.519946 8.519828 8.519982 8.519847 8.519811 8.51991 8.519874 8.519687 8.51885 8.51856 8.518383 8.518156 8.518184 8.517403 8.516726 8.516418 8.516196 8.515838 8.515561 8.514904 8.51531 8.516155
8.51945 8.519426 8.519378 8.519333 8.519404 8.519312 8.519344 8.519368 8.519407 8.519382 8.519391 8.519436 8.519495 8.519576 8.519629 8.519607 8.519692 8.5197 8.51972 8.519925 8.519947 8.519772 8.519739 8.51974 8.519708 8.519675 8.519703 8.5197 8.519732 8.519791 8.519786 8.519787 8.519874 8.519841 8.519846 8.5199 8.519736 8.519741 8.519784 8.519774 8.519766 8.519974 8.519882 8.520004 8.519842 8.519913 8.519996 8.519877 8.519811 8.519086 8.518635 8.518488 8.518198 8.518188 8.517585 8.51675 8.516476 8.516223 8.515946 8.515672 8.514911 8.515064 8.515893
8.519407 8.51937 8.519325 8.519409 8.519386 8.519357 8.519385 8.51938 8.519406 8.519377 8.519434 8.519421 8.519506 8.519601 8.51957 8.519671 8.519667 8.519712 8.519745 8.519916 8.519893 8.519727 8.519733 8.519719 8.51971 8.519713 8.519691 8.519709 8.519778 8.519783 8.519799 8.519779 8.519867 8.519807 8.519862 8.519888 8.519791 8.519791 8.519783 8.519823 8.51977 8.519771 8.519865 8.51998 8.519971 8.519992 8.51999 8.519898 8.519925 8.519291 8.518692 8.518497 8.518219 8.518184 8.51773 8.516787 8.516523 8.516245 8.516049 8.515779 8.514867 8.51483 8.515604
8.519408 8.519386 8.519316 8.519396 8.519292 8.51939 8.519374 8.519443 8.519416 8.519455 8.519462 8.519557 8.519528 8.519559 8.519569 8.519671 8.519679 8.519722 8.519788 8.519927 8.519926 8.519942 8.519801 8.519722 8.519715 8.519712 8.519724 8.519724 8.519777 8.519813 8.519821 8.519873 8.519882 8.51982 8.519875 8.519859 8.519821 8.519792 8.519812 8.51981 8.519801 8.519816 8.519896 8.520003 8.520055 8.519989 8.519979 8.519979 8.519876 8.519483 8.51871 8.518561 8.51825 8.518158 8.517907 8.516788 8.516556 8.516287 8.516111 8.515851 8.514846 8.514797 8.515338
8.519344 8.519338 8.519386 8.519341 8.51937 8.519375 8.519417 8.519442 8.519444 8.519446 8.51947 8.519564 8.519537 8.519576 8.519646 8.519654 8.519729 8.519777 8.519786 8.519934 8.519898 8.519967 8.519794 8.519722 8.519729 8.519765 8.519786 8.519784 8.519791 8.519832 8.519841 8.519912 8.51985 8.519933 8.519846 8.519919 8.519824 8.519863 8.519802 8.519814 8.519858 8.519821 8.519855 8.520041 8.520123 8.519944 8.519969 8.519996 8.519914 8.519796 8.518884 8.518529 8.51833 8.518189 8.518068 8.516974 8.51661 8.516322 8.516134 8.515805 8.514927 8.514777 8.515146
8.519399 8.519311 8.519375 8.519378 8.519403 8.519401 8.519418 8.519467 8.519444 8.519479 8.519545 8.519561 8.519558 8.519578 8.519665 8.519714 8.519776 8.519795 8.519793 8.519929 8.519968 8.519977 8.519947 8.519722 8.519771 8.519769 8.519805 8.519798 8.519794 8.5198 8.519821 8.51988 8.519921 8.519865 8.519876 8.519905 8.519798 8.519841 8.519809 8.519821 8.519861 8.519806 8.519917 8.520036 8.520083 8.519966 8.520008 8.52002 8.519982 8.519961 8.519024 8.518577 8.518409 8.518256 8.518106 8.517251 8.516665 8.516423 8.516171 8.51592 8.515014 8.51474 8.514869
8.519329 8.519408 8.519379 8.519432 8.519427 8.519466 8.51943 8.519485 8.519477 8.519483 8.519567 8.519578 8.51959 8.519699 8.519736 8.519789 8.519781 8.519781 8.519807 8.519929 8.519985 8.519957 8.519948 8.519753 8.519766 8.519807 8.519806 8.519812 8.519792 8.519765 8.519812 8.519896 8.519918 8.519891 8.519948 8.5199 8.519813 8.519879 8.519801 8.519871 8.5199 8.519913 8.51975 8.52006 8.520111 8.520147 8.520042 8.520057 8.520071 8.519909 8.519313 8.518624 8.51846 8.518356 8.518167 8.517425 8.516715 8.516486 8.516204 8.516025 8.515103 8.514681 8.514647
8.519307 8.519365 8.51938 8.519457 8.519478 8.519474 8.519503 8.519495 8.519466 8.519506 8.519553 8.519576 8.519573 8.519726 8.519731 8.519773 8.519773 8.519781 8.519739 8.519987 8.519997 8.519963 8.51998 8.519972 8.519749 8.519799 8.519792 8.519796 8.519737 8.519775 8.519739 8.519944 8.519923 8.519945 8.519947 8.519932 8.519837 8.519834 8.519913 8.519882 8.519916 8.519826 8.519799 8.520071 8.520146 8.520189 8.520058 8.520053 8.520062 8.519967 8.51948 8.51865 8.518501 8.518462 8.518192 8.517668 8.516765 8.51654 8.516231 8.516015 8.515214 8.514665 8.514639
8.519406 8.519383 8.519409 8.51943 8.519483 8.519494 8.519506 8.519524 8.519482 8.519564 8.519566 8.519574 8.519663 8.519729 8.519805 8.51978 8.519789 8.519741 8.519729 8.519975 8.520002 8.520012 8.519971 8.51995 8.519775 8.519788 8.519794 8.519822 8.519801 8.519735 8.519753 8.519902 8.519964 8.519924 8.519954 8.519943 8.519835 8.519825 8.519938 8.519918 8.519906 8.519888 8.519832 8.520128 8.52015 8.520186 8.520044 8.520085 8.52003 8.519981 8.519679 8.518874 8.51856 8.518522 8.518267 8.517865 8.516814 8.516603 8.516261 8.516047 8.515285 8.51467 8.514645
8.519369 8.519432 8.519409 8.519464 8.519485 8.519503 8.51949 8.519466 8.519596 8.519545 8.519558 8.519596 8.519674 8.519735 8.519797 8.519774 8.519763 8.519711 8.519786 8.519954 8.520004 8.520005 8.51996 8.519988 8.519787 8.519774 8.519769 8.519773 8.519795 8.51973 8.519774 8.519875 8.519909 8.519908 8.519953 8.51997 8.519828 8.519897 8.519895 8.51988 8.519893 8.519972 8.519858 8.520121 8.520144 8.52016 8.520078 8.520047 8.520035 8.519983 8.519926 8.519088 8.518606 8.518625 8.518344 8.518069 8.51693 8.516584 8.516318 8.516027 8.515486 8.51468 8.51465
8.519357 8.519416 8.519449 8.519493 8.5195 8.519484 8.519445 8.519584 8.519573 8.519526 8.51953 8.519662 8.51971 8.519716 8.519763 8.519771 8.519707 8.519711 8.51978 8.519968 8.51998 8.519982 8.520009 8.519979 8.519931 8.519756 8.519752 8.519774 8.519738 8.519758 8.519753 8.51991 8.519903 8.519975 8.519958 8.519947 8.519902 8.519913 8.519926 8.519905 8.519916 8.519989 8.519917 8.519992 8.520138 8.520141 8.520189 8.52004 8.520048 8.52004 8.520005 8.519275 8.518716 8.518503 8.518414 8.518211 8.517149 8.516626 8.516356 8.516068 8.515809 8.514696 8.514645
8.519398 8.519403 8.51948 8.519505 8.519466 8.51945 8.519446 8.519555 8.519578 8.519544 8.519537 8.519665 8.519713 8.519709 8.519751 8.519692 8.519723 8.519779 8.519808 8.519962 8.51998 8.519963 8.520017 8.519988 8.519974 8.519767 8.519753 8.519696 8.519726 8.519778 8.519808 8.51992 8.519942 8.519963 8.519959 8.51987 8.519938 8.519924 8.51991 8.51992 8.519992 8.52003 8.519946 8.519987 8.52015 8.520198 8.520197 8.520066 8.520069 8.520063 8.520021 8.519543 8.518796 8.518559 8.51848 8.51827 8.517361 8.516694 8.516438 8.516152 8.515988 8.514684 8.514669
8.519375 8.519442 8.519464 8.519483 8.519434 8.51944 8.519558 8.519567 8.519564 8.519547 8.519696 8.519714 8.51972 8.519702 8.519759 8.519704 8.51972 8.519787 8.519816 8.519966 8.519978 8.520008 8.520007 8.520011 8.520014 8.519933 8.519757 8.519682 8.519761 8.519832 8.519819 8.519943 8.519968 8.519966 8.519977 8.519928 8.519963 8.519924 8.51987 8.520003 8.51999 8.520065 8.520033 8.520051 8.520159 8.52016 8.520166 8.520073 8.520095 8.520079 8.520037 8.519782 8.518865 8.518675 8.518562 8.518269 8.517573 8.516709 8.516436 8.516194 8.51604 8.514748 8.514679
8.519436 8.519497 8.519473 8.519464 8.519452 8.51949 8.51955 8.519552 8.519567 8.519583 8.519718 8.519704 8.519709 8.519679 8.519688 8.519696 8.519789 8.519811 8.519803 8.519963 8.520003 8.52001 8.519995 8.520027 8.52 8.519938 8.519706 8.519691 8.519759 8.5198 8.519828 8.519965 8.519976 8.519989 8.52005 8.519958 8.519959 8.519953 8.519954 8.520026 8.520074 8.520035 8.520031 8.520043 8.520162 8.520162 8.520157 8.520086 8.520084 8.520085 8.520054 8.519966 8.519126 8.518726 8.5186 8.518306 8.517726 8.516761 8.516534 8.516267 8.516042 8.514933 8.514661
8.519495 8.519476 8.519459 8.519461 8.519496 8.519576 8.519576 8.519567 8.519618 8.519747 8.519695 8.519704 8.51969 8.519628 8.519624 8.519698 8.519805 8.519814 8.519815 8.520007 8.519992 8.52 8.520028 8.519992 8.519989 8.519859 8.519731 8.519769 8.519777 8.519811 8.5199 8.520001 8.520005 8.520006 8.52007 8.519966 8.519978 8.519929 8.520051 8.520045 8.520046 8.520009 8.520035 8.519987 8.519991 8.520155 8.520176 8.520173 8.520073 8.520133 8.520111 8.520058 8.519339 8.518737 8.51872 8.518353 8.517943 8.51687 8.516611 8.516335 8.516119 8.515207 8.514688
8.519487 8.519466 8.519473 8.519467 8.519584 8.519598 8.519591 8.519568 8.519611 8.519772 8.519707 8.519703 8.519727 8.519646 8.519635 8.519796 8.519791 8.51979 8.519815 8.519982 8.519977 8.520025 8.519999 8.52 8.519993 8.519983 8.51987 8.519762 8.519771 8.519866 8.519972 8.520014 8.520003 8.520036 8.520063 8.519974 8.519953 8.519963 8.520032 8.520049 8.520045 8.520012 8.52 8.520047 8.520042 8.520179 8.52018 8.520184 8.520109 8.520107 8.520111 8.520075 8.519506 8.518795 8.518753 8.518432 8.518135 8.51706 8.516661 8.516405 8.516139 8.515421 8.514664
8.519669 8.519488 8.51949 8.519537 8.519595 8.519591 8.519591 8.519631 8.519779 8.519732 8.519701 8.519705 8.519641 8.519672 8.519683 8.519771 8.519798 8.519787 8.519836 8.519983 8.519982 8.520009 8.519968 8.519974 8.519916 8.519893 8.519937 8.519787 8.519847 8.519871 8.519999 8.520008 8.520067 8.520067 8.520081 8.519962 8.519949 8.520055 8.520133 8.520051 8.520053 8.520051 8.52 8.520035 8.52006 8.520186 8.520174 8.520176 8.520058 8.520089 8.520103 8.520063 8.519704 8.518852 8.518768 8.518525 8.518299 8.517272 8.516776 8.516474 8.516157 8.51556 8.514643
8.519676 8.519483 8.519527 8.519602 8.519596 8.519599 8.519619 8.519686 8.519737 8.519714 8.51969 8.51964 8.519635 8.519696 8.519749 8.51978 8.519799 8.519857 8.519841 8.520011 8.52002 8.519942 8.519964 8.519908 8.519853 8.519932 8.519958 8.519964 8.519858 8.519872 8.519993 8.519978 8.520062 8.52008 8.520066 8.519956 8.519965 8.52009 8.520095 8.520054 8.520054 8.520012 8.520003 8.52003 8.520053 8.520178 8.520168 8.520208 8.520044 8.5201 8.520101 8.520028 8.519905 8.519011 8.518795 8.518672 8.518328 8.517562 8.516822 8.516542 8.516245 8.515686 8.514684
8.51968 8.519539 8.519545 8.519621 8.519598 8.519642 8.519708 8.519759 8.519753 8.519733 8.519711 8.51967 8.519683 8.519708 8.519779 8.5198 8.519854 8.519851 8.519846 8.520001 8.519951 8.519949 8.519953 8.5199 8.519872 8.519988 8.519977 8.520033 8.51986 8.51985 8.519986 8.520091 8.520071 8.520109 8.520066 8.519982 8.520123 8.520089 8.520082 8.520108 8.520033 8.520067 8.520022 8.520024 8.520066 8.520046 8.52021 8.520192 8.520213 8.520082 8.520071 8.520081 8.519993 8.519216 8.518852 8.518748 8.518521 8.517774 8.516882 8.516652 8.516281 8.515837 8.514808
8.519703 8.519745 8.519645 8.519626 8.51962 8.519699 8.519682 8.519755 8.519751 8.519744 8.519633 8.519687 8.519692 8.51978 8.519777 8.519812 8.519843 8.519839 8.519865 8.519961 8.51998 8.519979 8.519899 8.519868 8.519996 8.520028 8.520083 8.520053 8.519991 8.519865 8.520072 8.52006 8.520074 8.520066 8.52002 8.520136 8.520113 8.520116 8.520098 8.52013 8.520027 8.520086 8.520055 8.520021 8.520019 8.520086 8.520188 8.520203 8.520214 8.520048 8.520077 8.520074 8.519984 8.519407 8.518974 8.518827 8.518602 8.517981 8.516995 8.516704 8.516352 8.515959 8.514889
