inputs/Middelgrunden/Resource grid 1   Sector 1   Height 64m   Weibull-A.grd
DSAA
 111           201 
 728800        731000
 6176000       6180000
 8.431909      8.520576
[rows 56 to 83 of 201, columns 0 to 62 of 111]
8.516023 8.515931 8.515898 8.515918 8.515804 8.515982 8.515897 8.516175 8.516238 8.516253 8.516346 8.516481 8.516526 8.516501 8.51628 8.51646 8.516381 8.5164 8.516631 8.516915 8.516449 8.515935 8.515846 8.515874 8.515535 8.515505 8.515537 8.515514 8.515513 8.515627 8.515618 8.515786 8.516192 8.516302 8.516581 8.516331 8.516251 8.516244 8.516164 8.516102 8.51577 8.515692 8.515613 8.516063 8.516315 8.516443 8.516716 8.516593 8.516521 8.516343 8.51626 8.516182 8.516046 8.516168 8.51623 8.516378 8.516636 8.51694 8.517234 8.517208 8.517026 8.516769 8.516571
8.516068 8.516068 8.515865 8.515746 8.515845 8.51601 8.515981 8.516228 8.516237 8.516331 8.516339 8.516593 8.516556 8.516603 8.51629 8.516493 8.51648 8.516437 8.516623 8.516912 8.516631 8.516038 8.515957 8.515849 8.515725 8.515514 8.515489 8.515551 8.515471 8.515598 8.515569 8.515801 8.515807 8.516196 8.516574 8.516478 8.51626 8.516183 8.516219 8.516076 8.515781 8.515715 8.515588 8.516123 8.516277 8.516384 8.516627 8.516681 8.516467 8.516373 8.516324 8.516214 8.516097 8.516172 8.516188 8.516416 8.516648 8.516942 8.5171 8.51722 8.517049 8.516801 8.516643
8.51614 8.516192 8.515993 8.51578 8.515815 8.516022 8.516102 8.516245 8.516304 8.51636 8.516184 8.51625 8.516582 8.51667 8.516601 8.516416 8.516503 8.516526 8.516627 8.516891 8.516848 8.516263 8.516055 8.515903 8.515766 8.515684 8.515562 8.515574 8.515508 8.515596 8.515502 8.5157 8.515867 8.516126 8.516462 8.516537 8.516421 8.51619 8.516089 8.516089 8.515761 8.515695 8.515655 8.5161 8.516238 8.516446 8.516455 8.516728 8.516515 8.516394 8.516345 8.516253 8.516109 8.516127 8.516016 8.516441 8.516636 8.516907 8.516967 8.517224 8.516999 8.516832 8.516709
8.516202 8.516171 8.516103 8.515934 8.515904 8.51602 8.516174 8.516313 8.516378 8.516393 8.516257 8.516306 8.516716 8.516718 8.516753 8.516407 8.516446 8.51672 8.516696 8.516895 8.516984 8.516422 8.516095 8.515971 8.515756 8.515768 8.515605 8.51553 8.515563 8.515567 8.515659 8.515609 8.515821 8.516055 8.516314 8.516584 8.516464 8.516279 8.516122 8.516132 8.515995 8.51588 8.515841 8.516022 8.516268 8.516468 8.516343 8.516765 8.516628 8.516418 8.516282 8.516262 8.516053 8.516131 8.516126 8.516422 8.516602 8.516862 8.516831 8.517248 8.516982 8.516834 8.516723
8.516214 8.516212 8.516319 8.516089 8.515917 8.515999 8.516193 8.516468 8.516378 8.516417 8.516324 8.516352 8.516755 8.516755 8.516788 8.516556 8.516489 8.516752 8.516662 8.516994 8.517082 8.516611 8.516151 8.516039 8.515903 8.515886 8.515762 8.51564 8.515476 8.515614 8.515628 8.515511 8.515718 8.515844 8.516304 8.516622 8.51652 8.516278 8.516115 8.516006 8.516012 8.515911 8.515772 8.515986 8.516231 8.516405 8.516228 8.516787 8.516664 8.516528 8.516322 8.516194 8.516115 8.516205 8.516194 8.516219 8.516576 8.516805 8.516673 8.517184 8.517065 8.516881 8.516754
8.51626 8.516143 8.516402 8.516054 8.515984 8.516022 8.516382 8.516471 8.516407 8.516474 8.516278 8.516327 8.516734 8.516826 8.516789 8.516585 8.516545 8.51672 8.51675 8.517145 8.51709 8.516886 8.516203 8.516088 8.51599 8.515865 8.5159 8.515793 8.51558 8.515565 8.515612 8.515528 8.515627 8.515974 8.516252 8.516752 8.516557 8.516372 8.516176 8.516048 8.51599 8.516011 8.515786 8.516027 8.516175 8.516439 8.516162 8.516855 8.516709 8.516595 8.516358 8.516196 8.516132 8.516232 8.516211 8.516182 8.516555 8.516762 8.516539 8.517241 8.517125 8.516924 8.516787
8.516322 8.516325 8.516381 8.516106 8.516147 8.516047 8.516291 8.516508 8.516553 8.516461 8.516269 8.51644 8.516463 8.516837 8.51683 8.51686 8.516623 8.516707 8.516748 8.517144 8.517121 8.517086 8.516408 8.516221 8.516148 8.515945 8.515937 8.515924 8.515776 8.515485 8.515628 8.515515 8.515698 8.51607 8.516297 8.51685 8.516619 8.516413 8.516241 8.516182 8.516069 8.516188 8.515829 8.516016 8.51624 8.516461 8.516177 8.516885 8.516804 8.516595 8.516422 8.516336 8.516192 8.516266 8.51623 8.516185 8.516545 8.516736 8.516449 8.517278 8.517168 8.517037 8.516835
8.51626 8.516439 8.5164 8.516334 8.516182 8.516178 8.516351 8.516489 8.516556 8.516492 8.516377 8.516447 8.516514 8.516818 8.516917 8.516869 8.516672 8.516881 8.516768 8.517155 8.517286 8.517213 8.516657 8.516306 8.516186 8.516032 8.51594 8.515925 8.515834 8.515506 8.515512 8.515633 8.515688 8.516086 8.515992 8.516626 8.516706 8.516422 8.516274 8.516189 8.516207 8.516222 8.515807 8.516023 8.516273 8.516499 8.51612 8.516746 8.516787 8.516574 8.516443 8.516436 8.516309 8.516279 8.516231 8.51619 8.516364 8.516679 8.516384 8.517338 8.517211 8.517071 8.51686
8.516341 8.516479 8.516458 8.516418 8.516322 8.516349 8.516469 8.516532 8.516584 8.516396 8.516463 8.516482 8.516511 8.51682 8.516924 8.516938 8.516646 8.516886 8.516838 8.517044 8.517207 8.517282 8.516816 8.516359 8.516278 8.516076 8.515952 8.515914 8.515778 8.515608 8.515523 8.51558 8.515726 8.515967 8.515821 8.516402 8.516729 8.516521 8.516278 8.516217 8.516125 8.516252 8.51576 8.516087 8.51624 8.516472 8.516181 8.516537 8.516809 8.516606 8.516536 8.516438 8.516301 8.516336 8.516178 8.516145 8.516323 8.516679 8.516422 8.517348 8.517282 8.517076 8.516913
8.516301 8.516521 8.516592 8.516395 8.516449 8.516373 8.516649 8.516473 8.516598 8.516572 8.516532 8.516542 8.516551 8.516907 8.516927 8.517013 8.516876 8.516962 8.517006 8.517099 8.517156 8.517366 8.517097 8.516436 8.516336 8.516152 8.515987 8.515966 8.515817 8.515642 8.5156 8.515578 8.515665 8.51593 8.515903 8.516218 8.516714 8.51656 8.516305 8.516299 8.516132 8.516279 8.51605 8.516168 8.516254 8.516445 8.516199 8.516331 8.516815 8.516611 8.516548 8.516437 8.516317 8.516349 8.516194 8.516079 8.516285 8.516494 8.516442 8.51721 8.517294 8.517084 8.516907
8.516314 8.516523 8.516632 8.516472 8.516485 8.516445 8.516626 8.516542 8.516603 8.516606 8.516655 8.516585 8.516618 8.516655 8.516971 8.517032 8.517191 8.516963 8.517001 8.517345 8.517207 8.517356 8.517351 8.516664 8.516421 8.516259 8.516135 8.515931 8.515864 8.51579 8.515582 8.515707 8.515654 8.515878 8.516038 8.515854 8.516739 8.516618 8.516417 8.516273 8.516211 8.516311 8.516119 8.515965 8.516158 8.516416 8.516223 8.516164 8.516834 8.516735 8.516593 8.516468 8.51638 8.51636 8.516249 8.516078 8.516218 8.516494 8.516463 8.517126 8.517303 8.517119 8.516966
8.516286 8.516572 8.516682 8.516464 8.516489 8.516643 8.516578 8.516643 8.516685 8.516608 8.516657 8.516593 8.516642 8.51667 8.517043 8.517047 8.517281 8.51697 8.517035 8.517379 8.517303 8.517347 8.517537 8.516941 8.516509 8.516406 8.516152 8.515966 8.515904 8.515776 8.515697 8.515898 8.515713 8.515807 8.516135 8.515768 8.51663 8.516709 8.516524 8.516391 8.516293 8.516392 8.516249 8.516058 8.516177 8.516141 8.516315 8.516013 8.516947 8.516786 8.516648 8.516498 8.516406 8.516387 8.516283 8.516132 8.516276 8.516455 8.516338 8.516991 8.517351 8.517194 8.51703
8.516232 8.516495 8.516648 8.516514 8.516469 8.516666 8.516605 8.516753 8.516675 8.516624 8.516643 8.516702 8.516627 8.516651 8.516928 8.516961 8.517253 8.516994 8.517032 8.517354 8.517378 8.517333 8.517376 8.517078 8.516555 8.516461 8.516126 8.515997 8.515931 8.515836 8.515874 8.515888 8.515898 8.515804 8.515938 8.515701 8.516453 8.516749 8.516545 8.516451 8.516402 8.516478 8.516279 8.516286 8.516156 8.516131 8.516319 8.515906 8.516904 8.516856 8.51672 8.516556 8.516614 8.516444 8.516334 8.516248 8.51634 8.516455 8.516409 8.516865 8.517389 8.517231 8.517056
8.516624 8.516496 8.51648 8.51659 8.516489 8.516703 8.51664 8.516785 8.51685 8.516617 8.516676 8.516716 8.516653 8.516672 8.51693 8.517029 8.517261 8.517017 8.517122 8.517441 8.517471 8.517511 8.517398 8.517203 8.516703 8.516411 8.516149 8.515992 8.515932 8.515842 8.515904 8.515884 8.515894 8.515833 8.515884 8.515682 8.516035 8.516747 8.516592 8.516491 8.516489 8.516586 8.516319 8.516214 8.516192 8.516168 8.516304 8.515896 8.516741 8.516886 8.516682 8.516535 8.516637 8.516489 8.516348 8.516365 8.516327 8.516547 8.51647 8.516757 8.517502 8.517335 8.517127
8.516707 8.516499 8.516516 8.516557 8.516459 8.516709 8.516811 8.516726 8.516648 8.516653 8.516674 8.516682 8.51673 8.51662 8.516683 8.517026 8.517203 8.517325 8.517165 8.517538 8.517574 8.517531 8.517415 8.5172 8.51678 8.516461 8.516221 8.516026 8.515953 8.515905 8.515885 8.515878 8.515876 8.515727 8.515917 8.515764 8.515776 8.516737 8.516637 8.516483 8.516478 8.51663 8.516264 8.516163 8.516234 8.516078 8.516372 8.515876 8.516491 8.516907 8.516668 8.516543 8.516649 8.516418 8.516397 8.516356 8.516298 8.516583 8.516611 8.516469 8.517506 8.517344 8.517135
8.516706 8.516489 8.516493 8.516547 8.516586 8.516763 8.51685 8.516748 8.516662 8.516698 8.516691 8.516677 8.516744 8.516614 8.516709 8.517163 8.517199 8.517363 8.517198 8.517553 8.517578 8.517544 8.517513 8.517407 8.516773 8.516542 8.516346 8.516111 8.515911 8.515944 8.515933 8.51586 8.515935 8.515759 8.515872 8.515835 8.515525 8.516642 8.51667 8.516608 8.516676 8.516649 8.516342 8.516185 8.516475 8.516103 8.516323 8.515989 8.516296 8.516887 8.516685 8.516536 8.51664 8.51641 8.516376 8.516294 8.516255 8.51652 8.516606 8.516374 8.517524 8.517325 8.517159
8.516697 8.516847 8.516484 8.516582 8.51661 8.516841 8.516895 8.516897 8.516716 8.516742 8.516844 8.516756 8.516688 8.516783 8.516745 8.517219 8.517253 8.517475 8.517277 8.51761 8.517594 8.517553 8.517594 8.517581 8.516837 8.516587 8.51648 8.516185 8.516101 8.516057 8.515982 8.515888 8.51588 8.515858 8.515832 8.515918 8.515449 8.516132 8.516715 8.516599 8.516726 8.516637 8.51639 8.516306 8.516528 8.516138 8.516305 8.516034 8.516109 8.516852 8.516704 8.516572 8.516603 8.516562 8.516376 8.516294 8.516314 8.516541 8.516706 8.5163 8.517402 8.517331 8.51716
8.516747 8.516818 8.516427 8.516599 8.516808 8.516867 8.516934 8.516959 8.516714 8.516788 8.516887 8.516809 8.516689 8.516752 8.51674 8.517219 8.517344 8.517457 8.517389 8.517645 8.517687 8.517585 8.517646 8.517593 8.517044 8.516585 8.516547 8.516284 8.516154 8.516114 8.516014 8.515878 8.515844 8.515943 8.515773 8.515975 8.515604 8.516008 8.516769 8.516655 8.516694 8.516652 8.516411 8.516327 8.516572 8.516101 8.516294 8.51613 8.516001 8.516877 8.516742 8.516631 8.516692 8.516582 8.5164 8.516322 8.516351 8.516577 8.516789 8.516267 8.51737 8.517386 8.517138
8.516727 8.516808 8.516415 8.516596 8.516898 8.516949 8.516945 8.516997 8.516734 8.516779 8.516805 8.516825 8.516788 8.516785 8.516828 8.516976 8.517404 8.5175 8.51761 8.517658 8.517673 8.517701 8.517591 8.517528 8.517292 8.516549 8.516493 8.516502 8.516297 8.516134 8.516063 8.515934 8.515876 8.515898 8.515789 8.515976 8.515752 8.516008 8.516852 8.51674 8.516739 8.516677 8.5164 8.516364 8.516635 8.516289 8.516284 8.516215 8.515836 8.516849 8.516762 8.516563 8.51669 8.516598 8.516419 8.516416 8.516322 8.516603 8.516801 8.516228 8.517219 8.51748 8.517202
8.516766 8.516762 8.516662 8.516665 8.516941 8.51694 8.517004 8.517056 8.516829 8.51682 8.516837 8.516856 8.51684 8.516808 8.516852 8.517138 8.517488 8.517556 8.517568 8.517651 8.517655 8.517761 8.517604 8.517557 8.517456 8.516805 8.516625 8.516533 8.516418 8.516242 8.516043 8.515968 8.515845 8.515888 8.515871 8.516005 8.515898 8.515863 8.516509 8.516727 8.516765 8.516687 8.516503 8.516483 8.516669 8.516463 8.516252 8.516343 8.515809 8.516704 8.516852 8.51662 8.51669 8.516643 8.51644 8.516477 8.516386 8.516595 8.516792 8.516202 8.51712 8.517275 8.51718
8.516784 8.516764 8.516704 8.516678 8.516926 8.516966 8.517017 8.516838 8.516855 8.51682 8.516818 8.516932 8.516937 8.51687 8.516885 8.517242 8.517553 8.517573 8.517603 8.517693 8.517752 8.51773 8.517608 8.517557 8.517591 8.517011 8.516543 8.516605 8.516503 8.516366 8.516081 8.515978 8.515898 8.515843 8.516013 8.516039 8.516014 8.515688 8.516449 8.516772 8.516735 8.516757 8.516541 8.516479 8.516674 8.516541 8.516309 8.516436 8.515804 8.516532 8.516886 8.516699 8.516718 8.516628 8.516605 8.516568 8.516485 8.516597 8.516792 8.51619 8.516931 8.517334 8.517233
8.516689 8.516873 8.516769 8.516593 8.516877 8.516997 8.51702 8.516809 8.516891 8.516916 8.516899 8.516896 8.516953 8.517032 8.517143 8.517299 8.51762 8.517618 8.517622 8.517674 8.517797 8.517732 8.517627 8.517581 8.517611 8.517254 8.516686 8.516667 8.516482 8.516346 8.516125 8.516014 8.515939 8.515942 8.516045 8.516069 8.51613 8.51557 8.516254 8.516901 8.516797 8.516722 8.516574 8.516523 8.516694 8.516556 8.516489 8.516446 8.515812 8.516297 8.516926 8.51674 8.516788 8.516651 8.516644 8.516635 8.516566 8.516582 8.516791 8.516217 8.516799 8.517291 8.517095
8.516707 8.516932 8.516806 8.51682 8.516897 8.517047 8.51702 8.516873 8.516938 8.516891 8.516913 8.516922 8.517001 8.517023 8.517291 8.51737 8.517393 8.51763 8.517641 8.517993 8.517768 8.517684 8.517728 8.517686 8.517644 8.51732 8.516728 8.516712 8.516544 8.516378 8.516228 8.516069 8.515917 8.515988 8.516095 8.516063 8.516265 8.515669 8.516084 8.516736 8.516952 8.51679 8.51662 8.51651 8.516449 8.516557 8.516514 8.516514 8.515873 8.516181 8.516974 8.516761 8.516811 8.516803 8.516736 8.516661 8.516627 8.516592 8.51684 8.516135 8.516656 8.517298 8.517093
8.516817 8.517038 8.516797 8.517017 8.51693 8.517028 8.517063 8.516942 8.516989 8.516974 8.516982 8.516957 8.517048 8.517118 8.517531 8.517408 8.517425 8.517661 8.51774 8.51795 8.517769 8.51771 8.51777 8.517714 8.51769 8.517583 8.516999 8.516748 8.516562 8.51633 8.516294 8.516151 8.516042 8.516064 8.516112 8.516027 8.516201 8.515799 8.515945 8.516735 8.517061 8.516829 8.516551 8.516543 8.516291 8.516582 8.516511 8.516485 8.516015 8.516045 8.516985 8.516793 8.516861 8.516956 8.516751 8.516637 8.516651 8.516589 8.516794 8.516189 8.516487 8.517325 8.517101
8.516877 8.517034 8.51687 8.517071 8.51687 8.517001 8.517094 8.516947 8.51691 8.517012 8.517028 8.517037 8.517031 8.517242 8.517573 8.517458 8.517446 8.517712 8.517759 8.517941 8.51767 8.517754 8.517756 8.517783 8.517741 8.517708 8.517184 8.51674 8.516618 8.516402 8.516248 8.516154 8.516142 8.516109 8.516147 8.516132 8.516156 8.515927 8.515823 8.516568 8.517112 8.516911 8.516582 8.516501 8.516338 8.516616 8.516513 8.516603 8.516112 8.515944 8.516828 8.517 8.51697 8.516969 8.516843 8.516661 8.516592 8.516622 8.516769 8.51617 8.516316 8.517339 8.517152
8.51691 8.516736 8.516911 8.517045 8.517047 8.517056 8.51714 8.517008 8.517002 8.517035 8.517081 8.517046 8.51712 8.517377 8.517555 8.517587 8.517468 8.517816 8.517719 8.517953 8.517683 8.517761 8.517757 8.517755 8.517761 8.517847 8.517356 8.516752 8.516634 8.516544 8.516196 8.516276 8.516288 8.516154 8.516123 8.516197 8.51617 8.516014 8.515738 8.516447 8.516927 8.516944 8.516688 8.516534 8.516334 8.516582 8.51661 8.516635 8.516202 8.515905 8.516664 8.517085 8.517027 8.516986 8.516868 8.516744 8.516659 8.516515 8.516745 8.516205 8.516245 8.517366 8.517174
8.516995 8.516766 8.516847 8.517066 8.517097 8.517032 8.51699 8.517014 8.51702 8.517096 8.517122 8.517185 8.517323 8.5174 8.517578 8.517606 8.517525 8.517556 8.517753 8.517907 8.517922 8.517723 8.51779 8.517811 8.517774 8.517879 8.517455 8.516797 8.516682 8.516531 8.516253 8.516346 8.516333 8.516266 8.516128 8.516192 8.516139 8.51617 8.515771 8.516231 8.516973 8.516981 8.516706 8.516661 8.516364 8.516586 8.516609 8.516601 8.516299 8.515855 8.51662 8.517306 8.517087 8.517015 8.516872 8.516763 8.516667 8.516495 8.516606 8.516237 8.516222 8.517252 8.517181
8.517034 8.51671 8.516849 8.517089 8.517092 8.516991 8.516941 8.517016 8.517034 8.51706 8.517126 8.517191 8.517343 8.517534 8.517577 8.517584 8.517654 8.517523 8.517755 8.517915 8.517922 8.517707 8.517808 8.517735 8.517799 8.51787 8.517658 8.516929 8.516706 8.516509 8.516497 8.516368 8.516306 8.516293 8.516159 8.516227 8.516151 8.51626 8.515743 8.516251 8.516982 8.517029 8.51673 8.516685 8.516376 8.516528 8.516596 8.51657 8.516577 8.515815 8.51649 8.517392 8.517113 8.517047 8.516895 8.516811 8.516672 8.516501 8.516574 8.516309 8.51618 8.517122 8.517208
