inputs/Middelgrunden/Resource grid 1   Sector 5   Height 64m   Sector frequency.grd
DSAA
 111           201 
 728800        731000
 6176000       6180000
 8.534133E-02  8.677751E-02
[rows 161 to 183 of 201, columns 53 to 105 of 111]
8.566728E-02 8.566636E-02 .0856672 8.566847E-02 8.566996E-02 8.567038E-02 8.567091E-02 8.561008E-02 8.565556E-02 8.565556E-02 8.565547E-02 .0856525 .0856466 8.564187E-02 8.563206E-02 8.563413E-02 .0856234 .0856182 8.561862E-02 8.561815E-02 8.561561E-02 8.560753E-02 8.560885E-02 8.560652E-02 8.560846E-02 8.561128E-02 8.561186E-02 .0856121 8.561115E-02 8.561464E-02 8.562116E-02 8.563527E-02 8.563325E-02 8.563053E-02 8.561016E-02 8.560575E-02 8.560286E-02 8.560089E-02 8.559908E-02 8.561119E-02 8.560757E-02 8.560571E-02 8.560412E-02 .0856016 8.565441E-02 8.565307E-02 8.565018E-02 8.564543E-02 8.563437E-02 8.563138E-02 8.563039E-02 8.562926E-02 8.563317E-02
8.566391E-02 8.566527E-02 8.566605E-02 8.566696E-02 8.566961E-02 8.561506E-02 8.561462E-02 8.566063E-02 8.565906E-02 8.565244E-02 8.565199E-02 8.564793E-02 8.564553E-02 8.564468E-02 .0856431 8.563818E-02 8.562663E-02 8.562123E-02 8.561523E-02 8.561192E-02 8.560747E-02 8.560837E-02 8.560929E-02 8.560883E-02 8.560607E-02 .0856056 8.560777E-02 .0856116 8.559196E-02 8.561633E-02 8.562037E-02 8.562036E-02 8.563146E-02 8.562811E-02 8.560781E-02 8.560375E-02 8.560187E-02 8.560221E-02 8.559951E-02 8.561103E-02 8.560781E-02 8.560773E-02 .0856061 8.560443E-02 8.565789E-02 8.564223E-02 8.564013E-02 8.563599E-02 8.563904E-02 8.564112E-02 .0856394 8.563787E-02 .0856351
8.566537E-02 8.566501E-02 8.561251E-02 8.561101E-02 8.561116E-02 8.561058E-02 8.560558E-02 8.565691E-02 8.565552E-02 8.565333E-02 8.565302E-02 8.565387E-02 8.564889E-02 8.564581E-02 8.564333E-02 8.563966E-02 8.562374E-02 8.562054E-02 8.561305E-02 8.561011E-02 8.561036E-02 8.560755E-02 8.561125E-02 8.560518E-02 8.560473E-02 8.560473E-02 8.560634E-02 8.560985E-02 8.561461E-02 8.559628E-02 8.559434E-02 .0856136 8.562894E-02 8.562341E-02 8.560603E-02 8.560514E-02 8.560323E-02 8.560256E-02 8.559448E-02 8.559295E-02 8.561011E-02 8.561001E-02 8.560106E-02 8.559489E-02 8.564936E-02 8.565485E-02 8.565151E-02 8.564882E-02 8.564626E-02 8.564499E-02 8.564135E-02 .0856388 8.563392E-02
8.561374E-02 8.560923E-02 8.560805E-02 .0856062 8.560743E-02 .0856066 .0855974 .085656 8.565977E-02 8.566154E-02 8.565671E-02 8.565153E-02 8.564487E-02 8.564009E-02 .085637 8.563457E-02 8.562244E-02 .0856235 8.561938E-02 8.561399E-02 8.561014E-02 8.560631E-02 8.560514E-02 8.560793E-02 8.560878E-02 8.560707E-02 8.560597E-02 8.560848E-02 8.561026E-02 8.558758E-02 8.558809E-02 8.558454E-02 8.562315E-02 8.562483E-02 .0856075 8.560631E-02 8.560335E-02 .0855976 8.559599E-02 8.559017E-02 8.558197E-02 8.560434E-02 8.560935E-02 8.560909E-02 8.566185E-02 8.565899E-02 8.565224E-02 8.564833E-02 .0856485 8.564609E-02 8.564299E-02 8.563832E-02 8.563349E-02
8.561274E-02 .0856082 8.560376E-02 8.560456E-02 8.560447E-02 8.559997E-02 8.560355E-02 8.565938E-02 .0856612 .0856609 8.565534E-02 8.564837E-02 8.564284E-02 .0856401 8.563676E-02 8.563614E-02 8.563262E-02 8.562493E-02 8.562409E-02 8.561751E-02 8.561288E-02 .0856078 8.560617E-02 8.560739E-02 8.560857E-02 8.560914E-02 8.560491E-02 8.560096E-02 8.560111E-02 8.558115E-02 8.558235E-02 8.558508E-02 8.558581E-02 8.560501E-02 8.560688E-02 8.560473E-02 8.560298E-02 8.558657E-02 8.559146E-02 8.559754E-02 8.559463E-02 8.559592E-02 8.561237E-02 8.560874E-02 8.566188E-02 8.565971E-02 8.565225E-02 8.565092E-02 8.564881E-02 8.564718E-02 8.564267E-02 8.563828E-02 8.563311E-02
8.561417E-02 8.561196E-02 8.560903E-02 8.560728E-02 8.560371E-02 8.560473E-02 8.560086E-02 8.565236E-02 8.565587E-02 8.565678E-02 8.565712E-02 8.565215E-02 8.564751E-02 8.564224E-02 8.563817E-02 8.563726E-02 8.563569E-02 8.562393E-02 8.562595E-02 8.562379E-02 8.561841E-02 8.561333E-02 8.560875E-02 8.560786E-02 8.560228E-02 8.560368E-02 8.560055E-02 8.559799E-02 8.559594E-02 8.559871E-02 8.558005E-02 8.558246E-02 8.558356E-02 .0856029 8.557825E-02 8.560254E-02 8.559988E-02 8.559922E-02 8.559768E-02 8.559799E-02 8.559539E-02 8.559459E-02 8.561239E-02 8.560923E-02 8.566334E-02 8.565976E-02 8.565589E-02 8.565158E-02 .0856493 8.564667E-02 8.564316E-02 8.563243E-02 8.560868E-02
8.562841E-02 8.562133E-02 8.561686E-02 8.560931E-02 .0855995 8.559956E-02 8.559628E-02 8.564769E-02 .0856517 8.565586E-02 8.565837E-02 8.565283E-02 .0856501 8.564575E-02 8.564233E-02 8.563909E-02 8.563706E-02 8.562674E-02 8.562854E-02 8.562741E-02 8.562562E-02 8.562116E-02 8.560862E-02 8.559994E-02 8.559742E-02 8.559451E-02 8.559632E-02 8.559524E-02 8.559679E-02 8.559531E-02 8.557883E-02 8.557709E-02 8.558167E-02 8.558523E-02 8.558869E-02 8.558161E-02 8.558413E-02 8.559977E-02 8.559857E-02 8.559681E-02 8.559369E-02 8.559369E-02 8.559305E-02 8.561062E-02 8.566488E-02 8.566131E-02 8.565756E-02 8.565238E-02 .0856498 8.563755E-02 8.563359E-02 8.561594E-02 8.561154E-02
8.563032E-02 8.562435E-02 8.561663E-02 8.560406E-02 8.559754E-02 8.559689E-02 8.559546E-02 8.564635E-02 8.564997E-02 8.565655E-02 8.565824E-02 8.565835E-02 8.565517E-02 .0856497 8.564496E-02 8.564309E-02 8.563937E-02 8.562829E-02 8.563099E-02 8.563045E-02 8.562394E-02 8.561973E-02 8.561246E-02 8.560124E-02 8.559582E-02 8.559285E-02 .0855916 8.559299E-02 8.559587E-02 8.560018E-02 8.557828E-02 8.557968E-02 .0855798 8.558024E-02 8.558127E-02 8.557704E-02 8.558208E-02 .085587 8.559845E-02 8.559539E-02 8.559278E-02 8.559278E-02 8.559415E-02 8.559348E-02 8.566646E-02 8.566488E-02 8.566046E-02 8.564653E-02 8.564196E-02 8.563909E-02 8.562195E-02 8.561815E-02 8.561414E-02
8.562319E-02 8.562025E-02 8.561246E-02 8.560233E-02 8.560396E-02 8.559894E-02 .0855989 8.564965E-02 8.565152E-02 8.565766E-02 8.566236E-02 8.566009E-02 .0856551 8.565023E-02 .0856485 8.564647E-02 8.564294E-02 8.562657E-02 8.562585E-02 .0856255 8.562281E-02 8.561642E-02 8.561343E-02 8.560825E-02 8.560064E-02 8.560233E-02 8.559496E-02 8.559455E-02 8.559701E-02 8.559766E-02 8.557702E-02 8.557639E-02 8.557285E-02 8.557361E-02 8.555633E-02 8.557463E-02 8.557675E-02 8.558177E-02 .0855846 8.558651E-02 8.559384E-02 8.559383E-02 8.559517E-02 8.559456E-02 8.564844E-02 8.565764E-02 8.565369E-02 8.565032E-02 .0856447 .0856271 8.562469E-02 .08562 8.561394E-02
.0856237 .0856211 8.561157E-02 8.560547E-02 8.560471E-02 8.560233E-02 .0856519 8.565361E-02 8.565818E-02 8.566146E-02 8.566185E-02 8.565797E-02 8.565477E-02 8.565185E-02 8.564947E-02 8.564901E-02 8.564135E-02 8.562302E-02 8.561873E-02 8.561922E-02 8.562079E-02 8.562049E-02 8.562572E-02 8.561371E-02 .0856095 8.560417E-02 8.559799E-02 8.559544E-02 8.559384E-02 8.559168E-02 8.559206E-02 8.557253E-02 8.557469E-02 8.557183E-02 .0855529 8.557046E-02 8.557443E-02 8.557527E-02 8.558111E-02 8.558618E-02 8.558798E-02 8.559652E-02 8.559009E-02 8.563959E-02 8.564252E-02 .0856598 8.565561E-02 8.565272E-02 .0856339 8.562835E-02 8.562502E-02 8.562068E-02 8.561653E-02
8.563019E-02 8.561836E-02 8.561479E-02 8.561387E-02 8.560705E-02 .0856062 8.565865E-02 8.565369E-02 8.565981E-02 8.566076E-02 8.566222E-02 8.566001E-02 .0856581 8.565208E-02 8.564602E-02 8.564386E-02 8.563815E-02 8.563344E-02 8.562498E-02 8.562871E-02 8.562299E-02 8.562031E-02 8.561873E-02 8.561672E-02 8.561343E-02 .0856109 8.560283E-02 8.559459E-02 8.558921E-02 8.558784E-02 8.558995E-02 .0855706 8.557291E-02 8.556901E-02 8.555304E-02 8.556966E-02 8.557092E-02 .0855761 8.557878E-02 8.558462E-02 8.558045E-02 8.558347E-02 8.558373E-02 8.564212E-02 8.564507E-02 8.564224E-02 8.565994E-02 8.563958E-02 .0856359 8.563165E-02 8.562879E-02 8.562285E-02 8.561837E-02
8.562978E-02 8.562545E-02 8.561938E-02 8.561572E-02 .0856185 8.561445E-02 8.566444E-02 8.565899E-02 8.565667E-02 8.565912E-02 8.565941E-02 8.566285E-02 8.565801E-02 8.565107E-02 8.564438E-02 8.564758E-02 8.564844E-02 8.564308E-02 8.562102E-02 8.561824E-02 8.562009E-02 8.562142E-02 8.562108E-02 8.561885E-02 .0856159 8.561219E-02 8.560515E-02 8.559749E-02 8.559234E-02 8.559009E-02 8.558777E-02 8.556762E-02 8.556437E-02 8.556738E-02 8.555467E-02 8.555539E-02 8.557312E-02 8.557549E-02 .085572 8.557404E-02 8.557848E-02 8.558352E-02 8.558603E-02 8.563969E-02 8.564707E-02 8.563959E-02 8.562479E-02 8.564084E-02 .085639 8.563126E-02 8.562408E-02 8.561806E-02 8.561005E-02
8.562135E-02 8.562624E-02 8.562935E-02 8.561873E-02 8.561636E-02 8.561481E-02 8.566412E-02 8.566421E-02 8.566347E-02 8.566388E-02 .0856636 8.566219E-02 8.566355E-02 8.566365E-02 8.565417E-02 8.564264E-02 8.564172E-02 8.564142E-02 .0856265 8.562408E-02 8.562177E-02 8.562191E-02 8.561955E-02 8.561554E-02 8.561274E-02 8.561073E-02 8.560883E-02 8.560477E-02 8.559689E-02 8.559355E-02 .0855896 8.558984E-02 8.556461E-02 8.556744E-02 8.555433E-02 .0855513 8.556905E-02 8.557002E-02 8.557364E-02 8.557694E-02 8.557654E-02 8.558524E-02 8.558654E-02 8.563757E-02 8.564168E-02 8.562467E-02 8.562336E-02 8.561777E-02 8.562913E-02 8.562119E-02 8.561453E-02 8.560998E-02 8.560527E-02
8.562294E-02 8.562392E-02 8.562242E-02 8.562257E-02 .085618 8.561657E-02 8.566679E-02 8.566796E-02 8.567252E-02 8.567632E-02 8.567506E-02 8.567379E-02 8.566029E-02 8.565732E-02 8.564943E-02 .0856487 8.564635E-02 8.564591E-02 8.563621E-02 8.562947E-02 8.562581E-02 8.562273E-02 8.562036E-02 .0856161 8.561507E-02 8.561353E-02 8.561204E-02 8.560779E-02 8.560263E-02 8.559708E-02 8.559737E-02 8.559065E-02 8.556809E-02 .0855578 8.554514E-02 8.554727E-02 8.555402E-02 8.557615E-02 .0855779 8.557887E-02 8.557667E-02 8.557808E-02 8.558564E-02 8.563863E-02 8.562439E-02 8.561733E-02 8.560944E-02 8.560964E-02 8.562265E-02 8.561757E-02 8.561017E-02 8.560766E-02 8.566771E-02
8.561616E-02 8.561843E-02 8.562006E-02 8.562087E-02 8.562307E-02 8.563102E-02 8.568157E-02 8.568011E-02 8.567847E-02 8.566988E-02 .0856644 8.566526E-02 8.566462E-02 8.566162E-02 8.565923E-02 8.565484E-02 8.565053E-02 8.564723E-02 8.563944E-02 8.563232E-02 8.562691E-02 8.562341E-02 8.562435E-02 8.562088E-02 8.561878E-02 8.561441E-02 8.561376E-02 8.561247E-02 8.560926E-02 8.560845E-02 8.559547E-02 8.558729E-02 8.556246E-02 8.555991E-02 8.554613E-02 8.555006E-02 8.555477E-02 8.557732E-02 8.557879E-02 8.557684E-02 8.557514E-02 8.557297E-02 8.555898E-02 8.561429E-02 8.561578E-02 8.561169E-02 8.560607E-02 8.559784E-02 8.559375E-02 .0856152 8.567776E-02 8.567486E-02 8.567251E-02
8.561271E-02 8.562101E-02 .0856323 8.563334E-02 8.563209E-02 8.563273E-02 8.567914E-02 8.566976E-02 8.566782E-02 8.566891E-02 .0856677 8.566902E-02 8.566677E-02 .0856655 8.566293E-02 8.565862E-02 8.565411E-02 8.564887E-02 8.563572E-02 8.563205E-02 8.563437E-02 8.562947E-02 8.562656E-02 8.562171E-02 8.562248E-02 8.562227E-02 8.561806E-02 8.562106E-02 8.561219E-02 8.560573E-02 8.559667E-02 8.559309E-02 8.559199E-02 8.556845E-02 8.555164E-02 8.555198E-02 8.554795E-02 8.555115E-02 8.557149E-02 8.557079E-02 8.556877E-02 8.555146E-02 .0855503 8.560607E-02 8.560882E-02 8.560421E-02 8.559936E-02 .0855967 .0855949 8.565766E-02 8.568063E-02 8.567704E-02 .0856745
8.562127E-02 8.562998E-02 8.563048E-02 8.562964E-02 8.561911E-02 8.561941E-02 8.567494E-02 8.567735E-02 8.567445E-02 8.567019E-02 8.567021E-02 8.566917E-02 8.567198E-02 8.566815E-02 8.566358E-02 .0856606 8.565263E-02 8.565095E-02 8.565018E-02 8.563689E-02 8.563468E-02 8.563147E-02 8.563265E-02 8.563057E-02 8.562923E-02 .0856306 .0856194 8.561748E-02 8.561713E-02 8.560818E-02 8.560654E-02 8.560389E-02 8.560079E-02 8.557209E-02 8.554963E-02 8.554304E-02 8.554234E-02 8.554258E-02 8.556131E-02 8.556377E-02 8.554948E-02 8.554867E-02 8.554444E-02 8.559591E-02 8.560034E-02 8.560159E-02 8.560068E-02 8.566424E-02 8.566236E-02 8.566076E-02 8.565936E-02 8.567428E-02 8.567702E-02
8.561783E-02 8.560895E-02 8.561642E-02 8.561713E-02 .0856216 8.562211E-02 8.567758E-02 8.568167E-02 8.568391E-02 8.568028E-02 8.567194E-02 8.567095E-02 8.567166E-02 8.567061E-02 .085664 .0856628 .0856583 8.565548E-02 .0856564 .0856442 8.563785E-02 8.563547E-02 8.563694E-02 8.563037E-02 8.562224E-02 8.562636E-02 .0856293 8.563085E-02 8.561946E-02 8.561403E-02 .0856107 8.560424E-02 8.559743E-02 8.556896E-02 8.554891E-02 8.554538E-02 8.553866E-02 8.553797E-02 8.555456E-02 8.554033E-02 8.554269E-02 8.554184E-02 8.554275E-02 8.559608E-02 8.559699E-02 8.566406E-02 8.566806E-02 8.566666E-02 8.566592E-02 8.566204E-02 8.566127E-02 8.567565E-02 8.567078E-02
.0856033 8.560631E-02 8.561216E-02 8.561943E-02 8.562385E-02 8.567987E-02 8.568083E-02 8.568551E-02 8.568586E-02 8.568593E-02 8.568127E-02 8.567112E-02 8.566882E-02 8.566873E-02 .085669 8.566608E-02 8.566328E-02 8.566155E-02 .0856591 8.564584E-02 8.564347E-02 8.563449E-02 8.563104E-02 8.562991E-02 8.563045E-02 8.562919E-02 8.562684E-02 8.563045E-02 8.562198E-02 8.561154E-02 8.560622E-02 8.560358E-02 8.560107E-02 8.557227E-02 8.554785E-02 8.554332E-02 8.553903E-02 8.553917E-02 8.551997E-02 8.553245E-02 8.553317E-02 8.553727E-02 8.554186E-02 8.559619E-02 8.566377E-02 8.566452E-02 8.566546E-02 8.566809E-02 8.566486E-02 8.565875E-02 8.565493E-02 8.565326E-02 8.566995E-02
8.560649E-02 8.560957E-02 8.561618E-02 8.561967E-02 8.562532E-02 8.568228E-02 8.568404E-02 8.568525E-02 8.568736E-02 8.568455E-02 8.568158E-02 8.567762E-02 8.566928E-02 8.567056E-02 8.567272E-02 8.567293E-02 8.566781E-02 8.566502E-02 8.566087E-02 8.563846E-02 8.563907E-02 8.564039E-02 8.564016E-02 8.563545E-02 8.563177E-02 8.562866E-02 8.562003E-02 8.561115E-02 .0856135 8.561546E-02 8.561009E-02 8.560415E-02 8.560263E-02 8.559894E-02 8.555195E-02 8.554469E-02 8.553877E-02 8.552343E-02 8.552333E-02 8.553345E-02 8.553334E-02 8.553305E-02 8.560417E-02 8.566321E-02 8.566539E-02 8.566291E-02 8.566131E-02 8.565918E-02 .0856575 8.565478E-02 8.565375E-02 8.565695E-02 8.565553E-02
.0856083 8.561087E-02 8.561491E-02 8.562389E-02 8.562554E-02 8.568181E-02 .0856856 8.568518E-02 .0856846 8.568412E-02 8.568256E-02 8.568364E-02 8.568037E-02 8.567482E-02 8.567357E-02 8.567499E-02 8.567058E-02 8.565914E-02 8.565664E-02 8.564415E-02 8.564281E-02 8.563889E-02 8.563691E-02 .0856309 8.562658E-02 8.562742E-02 8.561546E-02 8.561021E-02 8.561032E-02 8.560924E-02 8.560687E-02 .0856031 8.560067E-02 8.559717E-02 8.555324E-02 8.554895E-02 8.553065E-02 8.552947E-02 8.552827E-02 .0855253 8.553495E-02 8.560025E-02 8.560327E-02 8.565953E-02 .0856609 8.565762E-02 .0856538 8.565387E-02 8.565418E-02 8.565769E-02 8.565824E-02 8.565814E-02 8.565968E-02
8.561227E-02 8.561137E-02 8.561475E-02 8.562172E-02 8.562472E-02 .0856777 8.568101E-02 8.568647E-02 8.568817E-02 8.568746E-02 8.568686E-02 8.568563E-02 8.568706E-02 8.568161E-02 8.567069E-02 8.566539E-02 8.566505E-02 8.566324E-02 8.565946E-02 8.565296E-02 8.563978E-02 8.563396E-02 8.563144E-02 8.562709E-02 8.562542E-02 .0856232 8.561692E-02 8.561121E-02 8.560546E-02 8.560518E-02 8.560272E-02 8.559858E-02 8.559474E-02 .0855896 .0855535 8.553892E-02 8.553486E-02 8.553364E-02 8.553407E-02 8.559898E-02 8.560998E-02 8.560315E-02 8.559915E-02 8.565188E-02 8.565771E-02 8.565794E-02 8.565566E-02 8.565653E-02 8.565764E-02 8.566169E-02 8.566596E-02 8.566625E-02 8.566893E-02
8.561503E-02 8.561394E-02 8.561516E-02 8.561704E-02 .0856194 8.567519E-02 8.568106E-02 .0856842 8.569183E-02 8.569428E-02 8.569361E-02 8.568906E-02 8.567557E-02 8.567347E-02 8.566839E-02 8.566375E-02 8.565858E-02 8.566056E-02 8.566185E-02 8.565452E-02 8.563679E-02 8.563283E-02 8.563048E-02 8.562645E-02 8.562508E-02 8.561709E-02 8.561362E-02 8.561282E-02 8.560599E-02 .0855985 .085598 8.559699E-02 8.559448E-02 8.559486E-02 8.556164E-02 8.553705E-02 8.554043E-02 8.553664E-02 8.559769E-02 8.559737E-02 8.559381E-02 8.560735E-02 8.560695E-02 8.565991E-02 8.565885E-02 8.566183E-02 .0856613 8.566448E-02 8.566889E-02 8.567215E-02 8.567399E-02 8.567452E-02 8.567237E-02
