inputs/Middelgrunden/Resource grid 1   Sector 7   Height 64m   Weibull-A.grd
DSAA
 111           201 
 728800        731000
 6176000       6180000
 7.268925      8.795155
[rows 28 to 55 of 201, columns 0 to 62 of 111]
7.457217 7.460313 7.524692 7.551198 7.571079 7.576672 7.62229 7.622605 7.655222 7.68971 7.735072 7.806151 7.854479 7.880044 7.889682 7.911069 7.925078 7.971291 7.98113 7.999062 8.021262 8.036141 8.047461 8.058455 8.070293 8.083784 8.094588 8.108444 8.121918 8.132888 8.14102 8.149552 8.161417 8.17064 8.17616 8.188509 8.194183 8.201716 8.213523 8.224903 8.235152 8.245332 8.255769 8.262415 8.278681 8.272496 8.277135 8.311018 8.317863 8.332777 8.340767 8.345017 8.356383 8.371498 8.378131 8.385563 8.394158 8.400286 8.384749 8.390989 8.397996 8.403335 8.409445
7.466911 7.470392 7.508496 7.561209 7.580254 7.585242 7.631014 7.632706 7.670404 7.701408 7.743108 7.812183 7.859704 7.871198 7.894207 7.91612 7.939084 7.976452 7.98564 8.003265 8.025646 8.041023 8.05232 8.063251 8.075173 8.090378 8.092204 8.112866 8.126754 8.13766 8.145672 8.153817 8.165457 8.174302 8.179898 8.192042 8.197787 8.205493 8.21706 8.228331 8.238483 8.248779 8.259027 8.27262 8.282003 8.286247 8.280389 8.311465 8.321353 8.33608 8.344165 8.3484 8.359523 8.374207 8.380992 8.388412 8.397412 8.403366 8.387823 8.393035 8.401136 8.405927 8.41223
7.452518 7.480273 7.517469 7.570403 7.589393 7.594012 7.641043 7.657629 7.682764 7.712442 7.750819 7.834514 7.864412 7.875639 7.898526 7.914699 7.943803 7.981483 7.989264 8.006922 8.029675 8.046158 8.057555 8.067492 8.0801 8.091303 8.107025 8.117328 8.131784 8.142515 8.14941 8.158055 8.169335 8.177706 8.189561 8.195533 8.201284 8.209093 8.220428 8.231613 8.241637 8.252164 8.262433 8.276057 8.285156 8.289209 8.283946 8.315003 8.324742 8.339185 8.347597 8.351756 8.363161 8.376834 8.383812 8.391249 8.400628 8.406397 8.390969 8.3957 8.403951 8.409642 8.415077
7.462151 7.490066 7.526707 7.579408 7.600086 7.602491 7.6509 7.666829 7.694622 7.725399 7.758628 7.805077 7.869141 7.880002 7.903796 7.919343 7.948396 7.986526 7.992721 8.011701 8.033658 8.051014 8.062425 8.072539 8.08463 8.097105 8.112469 8.121713 8.136834 8.128495 8.153161 8.162629 8.173353 8.181161 8.193071 8.198972 8.204723 8.212626 8.223813 8.234752 8.24541 8.254803 8.265941 8.27905 8.288417 8.292706 8.287574 8.320429 8.327832 8.342289 8.350948 8.355187 8.366619 8.379647 8.386293 8.393928 8.403709 8.409394 8.394034 8.398808 8.406486 8.412677 8.417597
7.471597 7.49966 7.535223 7.563401 7.609394 7.631358 7.65942 7.675687 7.706598 7.734706 7.774793 7.811213 7.873377 7.88437 7.920375 7.92442 7.952998 7.991366 7.996855 8.016692 8.037391 8.055681 8.067061 8.077796 8.089371 8.102432 8.117609 8.127239 8.141456 8.132454 8.157151 8.167246 8.177133 8.184778 8.190982 8.202407 8.208179 8.216108 8.227105 8.238049 8.249004 8.258408 8.269411 8.282147 8.291697 8.29616 8.316352 8.323687 8.3316 8.34534 8.354229 8.360506 8.369952 8.382497 8.388864 8.396855 8.406831 8.412576 8.39724 8.40194 8.409215 8.415576 8.420241
7.481493 7.509343 7.545132 7.571576 7.618537 7.639481 7.65222 7.686412 7.716708 7.745515 7.782618 7.817362 7.878038 7.896238 7.925073 7.935963 7.970136 7.996251 7.999899 8.021655 8.041121 8.060248 8.071692 8.082776 8.093802 8.108262 8.121852 8.132227 8.14629 8.136475 8.161184 8.171013 8.180666 8.188251 8.194401 8.205617 8.211588 8.21957 8.230292 8.241407 8.252573 8.26203 8.272923 8.285572 8.295356 8.29988 8.31817 8.327016 8.334744 8.343108 8.357584 8.363741 8.373302 8.385625 8.391353 8.399593 8.409919 8.415667 8.400209 8.40479 8.411884 8.418633 8.422643
7.490837 7.51897 7.554034 7.598096 7.622087 7.647677 7.662189 7.698072 7.725757 7.756392 7.790896 7.822127 7.882886 7.900373 7.929632 7.940125 7.981984 7.991434 8.00477 8.026415 8.044292 8.064741 8.076385 8.087548 8.098439 8.114887 8.12607 8.136895 8.151161 8.14101 8.165242 8.174784 8.184392 8.191698 8.19795 8.20909 8.215062 8.223087 8.233514 8.244884 8.2559 8.265475 8.276238 8.289468 8.298732 8.303583 8.321817 8.330278 8.338015 8.346203 8.360928 8.366872 8.381403 8.388366 8.393871 8.402303 8.412977 8.418757 8.403205 8.40766 8.415255 8.421621 8.425589
7.499901 7.528791 7.563203 7.608114 7.630723 7.655962 7.672184 7.707387 7.754032 7.766995 7.799569 7.827483 7.887551 7.904964 7.934103 7.944798 7.98686 7.998263 8.009892 8.03114 8.047734 8.069886 8.081178 8.092227 8.103947 8.120453 8.130504 8.141644 8.155873 8.145269 8.164009 8.17837 8.192391 8.19502 8.201303 8.212597 8.218518 8.226464 8.236728 8.248232 8.258096 8.269016 8.279856 8.29375 8.302343 8.307259 8.344869 8.333557 8.341336 8.34927 8.364151 8.370502 8.379061 8.39104 8.396838 8.405158 8.415904 8.421738 8.406276 8.410504 8.417261 8.424512 8.428553
7.509114 7.538194 7.572398 7.617397 7.638763 7.660808 7.681931 7.717984 7.763782 7.778628 7.806661 7.836056 7.868013 7.909238 7.93348 7.949288 7.99194 8.002289 8.014921 8.035799 8.059841 8.074528 8.085833 8.09691 8.110088 8.124907 8.13467 8.146547 8.160892 8.148952 8.167839 8.182214 8.195711 8.198323 8.204681 8.215997 8.222521 8.229849 8.239658 8.251554 8.261266 8.272256 8.283012 8.297914 8.305916 8.310617 8.348184 8.336882 8.344666 8.352364 8.367139 8.373883 8.381798 8.393624 8.399395 8.40789 8.418729 8.424631 8.409243 8.413442 8.420856 8.427367 8.444889
7.529128 7.559778 7.596615 7.626782 7.64703 7.670665 7.694132 7.734653 7.773035 7.811518 7.815317 7.840519 7.872999 7.913586 7.938176 7.974165 7.996657 8.00628 8.029215 8.040766 8.063757 8.078911 8.090599 8.101361 8.114494 8.129798 8.138915 8.151281 8.165523 8.164827 8.172112 8.186399 8.194589 8.201747 8.208014 8.2193 8.226084 8.233298 8.242723 8.25477 8.264333 8.275282 8.286768 8.301422 8.309379 8.345854 8.35151 8.34009 8.347975 8.355372 8.369967 8.377695 8.384509 8.396523 8.402088 8.411042 8.42152 8.427485 8.411814 8.416411 8.423511 8.430264 8.449368
7.532606 7.562061 7.598493 7.635209 7.654758 7.678617 7.704104 7.743089 7.780923 7.821947 7.824551 7.845057 7.877891 7.918394 7.942094 7.978333 8.001009 8.013488 8.032983 8.045636 8.067836 8.082819 8.095293 8.106028 8.120799 8.134611 8.143343 8.155996 8.169874 8.168848 8.176042 8.18986 8.19803 8.205666 8.211238 8.222468 8.22953 8.236734 8.245919 8.25798 8.267294 8.278477 8.290666 8.304914 8.312807 8.349436 8.354816 8.336132 8.351202 8.358588 8.372844 8.381114 8.387267 8.399412 8.404763 8.413651 8.42433 8.430004 8.414734 8.419306 8.425394 8.432946 8.452365
7.536075 7.564785 7.606997 7.643205 7.664181 7.682408 7.707637 7.752975 7.789052 7.832997 7.831243 7.849457 7.883114 7.923229 7.946128 7.982493 8.004843 8.017037 8.037137 8.050265 8.072149 8.087039 8.099674 8.110614 8.126514 8.138894 8.147288 8.160711 8.174285 8.169149 8.180119 8.193214 8.201446 8.213542 8.214447 8.225673 8.233027 8.240143 8.248934 8.261252 8.270545 8.282141 8.2944 8.308261 8.316229 8.352789 8.357954 8.339314 8.350923 8.361641 8.375836 8.384493 8.390059 8.402244 8.412156 8.416275 8.42713 8.432737 8.41754 8.422632 8.427679 8.435506 8.454878
7.539042 7.568343 7.611396 7.632288 7.672162 7.69269 7.719388 7.763774 7.798539 7.844009 7.836309 7.860625 7.890447 7.899593 7.950297 7.986539 8.008482 8.02063 8.032949 8.054948 8.076317 8.091322 8.10427 8.11513 8.131487 8.142662 8.151869 8.16529 8.16363 8.173219 8.183701 8.196742 8.204843 8.21684 8.217642 8.229006 8.236443 8.243556 8.251956 8.264338 8.273834 8.286042 8.298082 8.309662 8.319618 8.356159 8.361471 8.360497 8.354018 8.367226 8.378683 8.387518 8.392852 8.400262 8.414504 8.418988 8.430096 8.435507 8.4203 8.425219 8.430256 8.450532 8.457362
7.544018 7.576478 7.618563 7.640236 7.68034 7.703207 7.729377 7.77287 7.806107 7.852384 7.848378 7.874843 7.897273 7.904727 7.961117 7.991038 8.012053 8.030757 8.036947 8.057106 8.081356 8.095418 8.108803 8.112795 8.136401 8.146642 8.156499 8.17014 8.162289 8.171562 8.187575 8.200011 8.208169 8.219867 8.221161 8.23223 8.239883 8.246961 8.25526 8.267775 8.277493 8.289894 8.301785 8.313025 8.322995 8.359701 8.365042 8.363941 8.357129 8.369728 8.381444 8.390548 8.395699 8.403205 8.416736 8.421655 8.432459 8.43819 8.423029 8.428008 8.433038 8.454474 8.459867
7.546345 7.58584 7.626475 7.64827 7.691236 7.715439 7.738523 7.77204 7.814568 7.858179 7.848003 7.881267 7.901336 7.917904 7.964765 7.994947 8.015489 8.034336 8.040889 8.061133 8.085891 8.099437 8.113207 8.126656 8.141031 8.150622 8.160933 8.174395 8.166158 8.175769 8.191722 8.20348 8.2116 8.222933 8.228893 8.235439 8.243253 8.250265 8.258586 8.270783 8.281264 8.293177 8.305505 8.316492 8.326051 8.36354 8.368484 8.364785 8.360274 8.372416 8.384574 8.393339 8.398532 8.406081 8.419059 8.424235 8.435068 8.44129 8.425797 8.430845 8.435819 8.457135 8.462353
7.555185 7.595083 7.62015 7.656017 7.697355 7.725903 7.747683 7.78077 7.822019 7.863801 7.858943 7.888237 7.906093 7.922401 7.969285 7.998634 8.018993 8.038545 8.044817 8.065341 8.090137 8.10374 8.117212 8.132402 8.145545 8.154469 8.162253 8.178794 8.170228 8.178055 8.195826 8.206979 8.21643 8.226156 8.231922 8.238626 8.246512 8.253475 8.261919 8.274035 8.285002 8.29685 8.30953 8.320038 8.355585 8.366998 8.371954 8.37044 8.361671 8.375409 8.387815 8.396165 8.401318 8.409014 8.421507 8.42685 8.437548 8.443876 8.428635 8.433538 8.438648 8.459768 8.464842
7.564305 7.605557 7.627966 7.664196 7.706882 7.737034 7.756869 7.789749 7.816982 7.868574 7.864846 7.894246 7.911212 7.928576 7.958096 8.002203 8.022162 8.042575 8.048549 8.069759 8.094129 8.107878 8.121384 8.137269 8.15001 8.158565 8.169355 8.179952 8.172873 8.181884 8.199352 8.210271 8.218341 8.229093 8.234922 8.242111 8.249592 8.25663 8.265064 8.277598 8.288527 8.300353 8.31343 8.323174 8.358953 8.370155 8.369101 8.37361 8.364517 8.378186 8.390957 8.398903 8.404062 8.412027 8.424081 8.429452 8.440227 8.446379 8.431665 8.436204 8.441786 8.461455 8.467243
7.573185 7.614682 7.635918 7.672427 7.705941 7.747856 7.769465 7.798799 7.824741 7.873028 7.870828 7.899806 7.916059 7.946033 7.962853 8.005962 8.02774 8.046153 8.052316 8.074237 8.089938 8.11209 8.117857 8.141544 8.153833 8.16286 8.170693 8.184311 8.176314 8.185732 8.202961 8.213564 8.224998 8.232044 8.237922 8.245726 8.252687 8.25967 8.267487 8.28114 8.292247 8.303775 8.316651 8.326496 8.359001 8.373402 8.369951 8.376817 8.367432 8.381033 8.3943 8.40164 8.40683 8.414941 8.426597 8.436923 8.442769 8.429095 8.434584 8.43891 8.45633 8.463155 8.469599
7.582808 7.623254 7.64367 7.696821 7.715787 7.757462 7.78182 7.807955 7.831511 7.865886 7.876817 7.905471 7.921712 7.950737 7.96764 8.009304 8.031254 8.049885 8.055721 8.077667 8.093756 8.108083 8.122427 8.146591 8.157611 8.1672 8.175261 8.188835 8.179813 8.189545 8.206719 8.216921 8.228053 8.23503 8.241075 8.248755 8.255962 8.262596 8.271684 8.284712 8.295886 8.307197 8.319653 8.329743 8.362217 8.376531 8.37565 8.380034 8.383568 8.377097 8.396816 8.404362 8.409741 8.417896 8.429028 8.439421 8.445114 8.431789 8.437311 8.441559 8.460379 8.464446 8.471908
7.592374 7.631624 7.651209 7.705762 7.72416 7.766656 7.790585 7.817242 7.838401 7.887662 7.882934 7.911569 7.927227 7.955463 7.971354 8.012869 8.034519 8.051493 8.069554 8.075303 8.097544 8.112192 8.127574 8.150426 8.161572 8.16877 8.179947 8.192943 8.183569 8.193424 8.210471 8.220178 8.231103 8.237931 8.244107 8.251772 8.259496 8.266143 8.275311 8.288208 8.299466 8.310631 8.322883 8.332927 8.365536 8.379595 8.378713 8.383374 8.39117 8.380084 8.399199 8.407095 8.412425 8.420963 8.431466 8.441948 8.44743 8.434498 8.439917 8.444602 8.462776 8.465921 8.473867
7.603818 7.641315 7.658553 7.699106 7.736258 7.768233 7.799745 7.82732 7.845185 7.890937 7.889167 7.917567 7.924786 7.959999 7.970121 7.991011 8.037681 8.055259 8.07289 8.078703 8.101583 8.116256 8.132227 8.15452 8.165243 8.173231 8.184202 8.185324 8.187739 8.196962 8.214086 8.223424 8.234138 8.240785 8.247118 8.254782 8.262534 8.269646 8.279477 8.290982 8.302814 8.313924 8.326003 8.336075 8.368905 8.382585 8.3816 8.386588 8.394153 8.383285 8.401258 8.409805 8.415079 8.423656 8.434031 8.44442 8.449712 8.437381 8.442459 8.447491 8.465234 8.468185 8.475712
7.613853 7.64851 7.665724 7.708325 7.745404 7.774949 7.809276 7.834983 7.851598 7.874259 7.89493 7.924013 7.948175 7.963671 7.983366 7.994812 8.040775 8.058753 8.076173 8.082244 8.099118 8.114605 8.13662 8.158624 8.16899 8.177408 8.189073 8.182899 8.191689 8.20079 8.217467 8.229141 8.2371 8.243505 8.250144 8.257675 8.266211 8.272947 8.283554 8.294948 8.30641 8.31716 8.328987 8.364796 8.372108 8.377723 8.384512 8.389771 8.397048 8.391507 8.403605 8.412352 8.417746 8.426185 8.43654 8.446897 8.451991 8.440021 8.444955 8.461764 8.46789 8.470635 8.477495
7.623093 7.655403 7.674276 7.720345 7.754559 7.78342 7.81854 7.842286 7.857645 7.877243 7.900403 7.93002 7.953654 7.968472 7.987388 7.998573 8.043841 8.062171 8.079366 8.085796 8.103219 8.118601 8.140945 8.162019 8.172812 8.18153 8.193837 8.179397 8.195515 8.204557 8.220986 8.232085 8.240005 8.246224 8.253059 8.261221 8.269707 8.276894 8.287509 8.299409 8.309997 8.320651 8.331962 8.367979 8.375733 8.382627 8.387995 8.393684 8.399981 8.394723 8.404103 8.415009 8.420253 8.428687 8.439049 8.449321 8.454349 8.442602 8.447538 8.465939 8.470195 8.472924 8.479182
7.63191 7.662208 7.682805 7.729125 7.765162 7.791924 7.827192 7.84881 7.863507 7.882307 7.905774 7.935289 7.958767 7.973549 7.99155 8.002163 8.047174 8.065465 8.082616 8.096171 8.106985 8.128789 8.145381 8.165202 8.176237 8.185586 8.198052 8.183529 8.199178 8.208164 8.224257 8.23507 8.242701 8.248909 8.256481 8.264798 8.273136 8.280331 8.291098 8.303 8.313415 8.324011 8.335 8.370962 8.379161 8.385478 8.390903 8.396517 8.403004 8.397775 8.406327 8.417259 8.422771 8.431094 8.441633 8.451679 8.456546 8.445051 8.450239 8.468267 8.472506 8.475108 8.480803
7.640473 7.669497 7.690309 7.738993 7.774609 7.800175 7.835745 7.855446 7.870354 7.887662 7.918974 7.940342 7.963738 7.978828 7.99514 8.007123 8.044091 8.076206 8.086334 8.099227 8.110756 8.127187 8.149259 8.168423 8.180104 8.189755 8.202073 8.187386 8.203107 8.211746 8.227603 8.238278 8.245604 8.251688 8.259943 8.268418 8.276624 8.28397 8.294736 8.306539 8.316848 8.327647 8.338098 8.37413 8.382273 8.388398 8.393781 8.402066 8.406096 8.415263 8.408977 8.419725 8.425362 8.433558 8.444219 8.453993 8.459202 8.447517 8.452886 8.470672 8.474824 8.477533 8.481709
7.648746 7.664243 7.699763 7.750542 7.783597 7.808135 7.843731 7.860306 7.876392 7.892412 7.924336 7.945996 7.968573 7.983598 7.997986 8.023746 8.029936 8.079438 8.090331 8.10234 8.114347 8.131556 8.153367 8.171484 8.183928 8.194116 8.205758 8.191182 8.207026 8.215388 8.230994 8.241276 8.248685 8.254924 8.263624 8.272039 8.279914 8.287593 8.298706 8.31013 8.320294 8.331223 8.341098 8.377336 8.385253 8.39143 8.397525 8.404973 8.409364 8.417944 8.411241 8.422112 8.427598 8.43601 8.446807 8.456252 8.46164 8.44988 8.455944 8.473131 8.47713 8.47974 8.48347
7.657071 7.671513 7.708587 7.758813 7.792774 7.822712 7.851973 7.865147 7.881185 7.897487 7.929073 7.961425 7.974057 7.988965 8.001893 8.027349 8.03371 8.082748 8.09337 8.105914 8.109533 8.135578 8.157144 8.174833 8.187733 8.198039 8.209349 8.202494 8.211125 8.228782 8.234585 8.244073 8.251587 8.258355 8.266947 8.275548 8.283216 8.291246 8.302178 8.313783 8.323798 8.334303 8.368965 8.380302 8.387801 8.394331 8.400314 8.407903 8.4128 8.421266 8.4137 8.422514 8.430328 8.438418 8.449438 8.458592 8.463825 8.452314 8.470849 8.475809 8.479438 8.481941 8.485311
7.665307 7.691484 7.717404 7.767064 7.801476 7.83155 7.859154 7.869995 7.886699 7.902304 7.931903 7.966367 7.979108 7.993186 8.005601 8.030967 8.035328 8.085969 8.096533 8.112374 8.118717 8.132432 8.161042 8.178344 8.191153 8.201542 8.213035 8.206189 8.214574 8.232264 8.240028 8.247184 8.254478 8.26188 8.270521 8.278955 8.286503 8.294784 8.305583 8.317361 8.326958 8.337284 8.37185 8.383162 8.388636 8.397268 8.402795 8.410646 8.413976 8.423617 8.416157 8.424856 8.43315 8.440623 8.452018 8.460886 8.465971 8.454635 8.473145 8.478251 8.481655 8.484096 8.486476
