inputs/Middelgrunden/Resource grid 1   Sector 3   Height 64m   Weibull-A.grd
DSAA
 111           201 
 728800        731000
 6176000       6180000
 7.868675      7.88268
[rows 112 to 139 of 201, columns 0 to 62 of 111]
7.881311 7.881394 7.881528 7.881535 7.881595 7.881556 7.88144 7.881426 7.881469 7.881622 7.881635 7.881772 7.881837 7.881805 7.881612 7.881567 7.881476 7.881479 7.88143 7.881439 7.88146 7.881557 7.881631 7.881711 7.881697 7.881859 7.881861 7.881967 7.881874 7.881884 7.881866 7.881855 7.88193 7.881982 7.881838 7.881819 7.881867 7.88189 7.882046 7.882082 7.882107 7.88215 7.88214 7.882075 7.881875 7.881862 7.881886 7.881959 7.881925 7.881985 7.881906 7.881982 7.882027 7.882008 7.881808 7.881773 7.881794 7.881671 7.8816 7.881652 7.88167 7.88171 7.881746
7.881381 7.881392 7.881592 7.881548 7.881556 7.881603 7.881462 7.881476 7.881491 7.881548 7.881629 7.881695 7.881737 7.881729 7.881693 7.881408 7.881363 7.881488 7.881469 7.881481 7.881425 7.881541 7.881613 7.881653 7.881705 7.881881 7.881842 7.881856 7.881777 7.881814 7.881822 7.881782 7.881812 7.881823 7.881863 7.881725 7.881754 7.881872 7.881916 7.88192 7.881992 7.881952 7.882055 7.882119 7.882083 7.882203 7.882245 7.882148 7.882029 7.881994 7.881931 7.881935 7.881982 7.88215 7.881919 7.881869 7.881908 7.881775 7.88178 7.881618 7.881567 7.8816 7.881643
7.881391 7.881476 7.881602 7.881708 7.881655 7.881605 7.881554 7.88153 7.881591 7.881611 7.881778 7.881717 7.881662 7.881693 7.881688 7.881495 7.881442 7.881372 7.88143 7.881399 7.881404 7.881429 7.881575 7.881737 7.881771 7.881706 7.881804 7.881816 7.881858 7.881737 7.881788 7.881795 7.881735 7.881794 7.881837 7.881719 7.881736 7.881817 7.881861 7.881938 7.881943 7.881925 7.881952 7.881946 7.882003 7.881997 7.882215 7.882227 7.882304 7.882222 7.882069 7.881914 7.881927 7.88202 7.882071 7.881948 7.881923 7.881922 7.881827 7.881657 7.881643 7.881571 7.881555
7.881347 7.881391 7.881526 7.881557 7.881562 7.881625 7.88168 7.881629 7.881626 7.881584 7.881745 7.881754 7.881724 7.881773 7.881706 7.88168 7.881448 7.88138 7.881449 7.881441 7.881507 7.881527 7.881635 7.881649 7.881647 7.881631 7.881727 7.881809 7.881793 7.881765 7.881759 7.881857 7.881783 7.881779 7.881847 7.881854 7.881745 7.881779 7.88186 7.881849 7.881867 7.881893 7.881888 7.881957 7.881999 7.881958 7.8821 7.882117 7.882132 7.882109 7.882183 7.882209 7.882236 7.882155 7.882145 7.88204 7.88197 7.881948 7.881818 7.881682 7.881667 7.881578 7.881532
7.881361 7.881403 7.88149 7.881464 7.881515 7.88156 7.881689 7.881592 7.881609 7.88163 7.881765 7.881758 7.881745 7.881736 7.881711 7.881723 7.88146 7.881509 7.881401 7.881466 7.881468 7.881522 7.881548 7.881635 7.881622 7.881688 7.881765 7.881804 7.881791 7.881652 7.881689 7.881791 7.881779 7.8818 7.881851 7.881933 7.881831 7.881809 7.881784 7.881848 7.881877 7.881895 7.881829 7.881932 7.881953 7.88194 7.881902 7.882024 7.88206 7.882046 7.882059 7.882065 7.882261 7.882143 7.882214 7.882356 7.882245 7.882073 7.882053 7.881899 7.881639 7.881615 7.881594
7.881416 7.881435 7.881473 7.881496 7.881522 7.881468 7.881524 7.881608 7.881626 7.88168 7.881671 7.881713 7.881722 7.881695 7.881762 7.881709 7.881756 7.881472 7.881423 7.881522 7.881494 7.881503 7.881514 7.88162 7.881643 7.881637 7.881801 7.881773 7.881776 7.881638 7.881689 7.881695 7.881643 7.881798 7.881804 7.881917 7.881897 7.881753 7.881752 7.881851 7.881865 7.881905 7.882007 7.882032 7.882022 7.882035 7.881987 7.881917 7.881942 7.881989 7.882 7.882044 7.882053 7.882205 7.882071 7.88221 7.882243 7.882101 7.882224 7.882262 7.881958 7.88175 7.881662
7.881401 7.881398 7.881434 7.881552 7.881543 7.881608 7.881605 7.8816 7.881588 7.881693 7.881595 7.881656 7.881727 7.881726 7.881735 7.881761 7.881781 7.88159 7.881591 7.881539 7.881514 7.881503 7.881464 7.881539 7.881593 7.881674 7.881679 7.881779 7.881759 7.881799 7.881711 7.881715 7.881783 7.881698 7.881729 7.881884 7.881876 7.88174 7.881732 7.881821 7.881844 7.881903 7.881898 7.881925 7.881965 7.881979 7.881931 7.881937 7.882026 7.882036 7.881981 7.881996 7.881987 7.882182 7.882089 7.882126 7.88226 7.882237 7.882097 7.882119 7.881881 7.881913 7.882016
7.881409 7.881454 7.881455 7.881535 7.881562 7.881648 7.881637 7.881638 7.881648 7.881591 7.88158 7.881615 7.881711 7.881762 7.881743 7.881774 7.881772 7.881712 7.881613 7.881583 7.88159 7.881531 7.881484 7.881478 7.881608 7.881621 7.881654 7.881711 7.881764 7.881769 7.881662 7.881755 7.881797 7.881701 7.881743 7.881761 7.881808 7.88189 7.881789 7.881746 7.881855 7.881894 7.881871 7.88192 7.881967 7.88189 7.881863 7.881857 7.881946 7.881979 7.881961 7.881946 7.881977 7.882226 7.882243 7.882127 7.882076 7.882175 7.882055 7.882065 7.882132 7.881918 7.881904
7.881309 7.881456 7.88155 7.881579 7.881672 7.881699 7.881654 7.88168 7.881659 7.881543 7.881539 7.881631 7.881603 7.881676 7.881776 7.881763 7.881779 7.881814 7.881617 7.881684 7.881591 7.881533 7.881557 7.881519 7.881603 7.881632 7.881677 7.881814 7.881812 7.881771 7.881665 7.881724 7.881693 7.881711 7.881739 7.881715 7.881811 7.881868 7.881866 7.881794 7.881863 7.881924 7.881903 7.881927 7.881869 7.881857 7.881804 7.88184 7.881903 7.881926 7.881934 7.881955 7.881966 7.881999 7.882184 7.882189 7.882043 7.882146 7.882121 7.882097 7.882164 7.881907 7.881828
7.881361 7.881434 7.881506 7.881589 7.881665 7.881695 7.881732 7.88179 7.881638 7.881605 7.881534 7.881521 7.88158 7.881676 7.881684 7.881707 7.88174 7.881803 7.881738 7.881667 7.881539 7.881535 7.881571 7.881546 7.881576 7.881664 7.881697 7.881814 7.881788 7.881871 7.881745 7.88177 7.881759 7.88171 7.881705 7.881706 7.881815 7.88183 7.881821 7.881803 7.881806 7.88186 7.881895 7.881915 7.881825 7.881811 7.881818 7.881829 7.881883 7.881893 7.881907 7.881944 7.881968 7.881974 7.882164 7.882169 7.882008 7.88201 7.882131 7.882195 7.882049 7.881937 7.881818
7.881379 7.881366 7.881467 7.881646 7.881675 7.881703 7.881791 7.88172 7.881559 7.881588 7.881594 7.881573 7.881605 7.881631 7.881708 7.881769 7.881745 7.881757 7.881692 7.881663 7.881665 7.881548 7.88155 7.881632 7.881576 7.88162 7.881659 7.881722 7.881877 7.881874 7.881891 7.881757 7.881763 7.881766 7.88179 7.881812 7.881816 7.881855 7.881894 7.881904 7.88175 7.881829 7.881859 7.881811 7.881815 7.881782 7.881787 7.881786 7.881912 7.881854 7.881914 7.88192 7.881936 7.881941 7.882107 7.88211 7.882142 7.882 7.882 7.882171 7.882064 7.882052 7.881925
7.881273 7.88135 7.881451 7.881596 7.881608 7.881688 7.881711 7.881726 7.88166 7.881629 7.881563 7.881565 7.881619 7.881618 7.881722 7.881775 7.881809 7.881863 7.881813 7.881763 7.881625 7.881561 7.881582 7.881595 7.881552 7.88157 7.881692 7.881765 7.881888 7.881889 7.881867 7.881749 7.881795 7.881776 7.881778 7.881792 7.881878 7.881935 7.881974 7.881946 7.881826 7.881793 7.881824 7.881783 7.881736 7.881775 7.881796 7.881785 7.88187 7.881872 7.881883 7.881911 7.881921 7.881907 7.881929 7.882083 7.882064 7.882067 7.881982 7.882129 7.882179 7.882061 7.881963
7.881251 7.881341 7.881444 7.881554 7.881618 7.881663 7.881601 7.881579 7.881581 7.881598 7.881533 7.88157 7.881616 7.881635 7.881673 7.881805 7.881826 7.881843 7.881846 7.88185 7.881745 7.881749 7.881514 7.881523 7.881593 7.881584 7.881697 7.881797 7.88195 7.881896 7.881895 7.88174 7.881762 7.881797 7.881813 7.881838 7.881831 7.881949 7.881963 7.881991 7.88197 7.881871 7.881746 7.881865 7.881793 7.881767 7.881712 7.881766 7.881837 7.881872 7.881889 7.881891 7.881896 7.881914 7.881886 7.882034 7.882046 7.882086 7.881933 7.881915 7.88209 7.882123 7.881852
7.881255 7.881392 7.88142 7.881446 7.881579 7.88161 7.881578 7.881596 7.881563 7.881475 7.881507 7.881574 7.881583 7.881585 7.881643 7.881728 7.881779 7.88186 7.881873 7.881812 7.88184 7.881799 7.88163 7.881572 7.881629 7.881656 7.881715 7.881732 7.881954 7.881996 7.881888 7.88177 7.88182 7.881846 7.881835 7.88185 7.881868 7.881916 7.88198 7.88194 7.881985 7.88197 7.881799 7.88175 7.881794 7.881791 7.881746 7.881781 7.88188 7.881903 7.881897 7.881896 7.881907 7.881868 7.881855 7.882035 7.882056 7.882083 7.882012 7.881892 7.881946 7.882079 7.882003
7.881263 7.88131 7.881373 7.881394 7.881454 7.881543 7.881516 7.881537 7.881551 7.881413 7.881456 7.881499 7.881549 7.881596 7.881669 7.881694 7.881791 7.881762 7.881747 7.881851 7.881826 7.881754 7.881761 7.881627 7.881677 7.881699 7.881681 7.881772 7.881872 7.881995 7.88191 7.881937 7.88179 7.881853 7.881857 7.881834 7.881902 7.881917 7.881968 7.88201 7.882061 7.881954 7.881722 7.881746 7.881739 7.881772 7.881775 7.881813 7.881837 7.881919 7.881896 7.881931 7.881893 7.881865 7.881881 7.881903 7.882076 7.88203 7.882021 7.882033 7.881915 7.882055 7.882097
7.881291 7.881313 7.881356 7.881379 7.881435 7.881494 7.881455 7.881447 7.881435 7.881463 7.881364 7.881438 7.881415 7.881523 7.881583 7.881629 7.881664 7.881715 7.881749 7.881781 7.881794 7.881805 7.881747 7.881628 7.881701 7.881716 7.881706 7.881791 7.881852 7.881975 7.882001 7.881958 7.881921 7.881898 7.881875 7.881885 7.881901 7.881898 7.881936 7.882009 7.882027 7.881939 7.881852 7.881712 7.881715 7.881732 7.88175 7.881787 7.881826 7.88194 7.881927 7.881901 7.881847 7.881893 7.881902 7.881942 7.882072 7.882021 7.882044 7.88203 7.88195 7.881969 7.882073
7.881571 7.881273 7.881313 7.881373 7.881394 7.881405 7.881413 7.881437 7.881405 7.881447 7.88137 7.88142 7.881404 7.881435 7.881464 7.881512 7.881572 7.881629 7.881658 7.88176 7.881731 7.881745 7.88173 7.881786 7.881682 7.881678 7.881748 7.881766 7.881782 7.882026 7.882061 7.88206 7.881891 7.881933 7.881938 7.881968 7.881959 7.881927 7.881951 7.881961 7.881921 7.881884 7.881835 7.881704 7.881673 7.881697 7.88177 7.881752 7.881752 7.881885 7.881918 7.881886 7.881847 7.881861 7.881863 7.88188 7.882028 7.882078 7.882082 7.882091 7.882123 7.881968 7.881983
7.881566 7.88129 7.881326 7.881386 7.881422 7.881349 7.881398 7.881368 7.881351 7.881352 7.881303 7.881348 7.88138 7.881404 7.881457 7.881459 7.881493 7.881585 7.88166 7.881711 7.881688 7.881705 7.881753 7.88173 7.881584 7.881686 7.881783 7.881768 7.881831 7.882024 7.882041 7.882043 7.881935 7.88194 7.88195 7.881958 7.881965 7.881975 7.881981 7.881985 7.881911 7.881938 7.881762 7.881761 7.881652 7.881677 7.881711 7.881721 7.881742 7.881853 7.88193 7.881858 7.881872 7.881887 7.881861 7.881855 7.881879 7.882065 7.882087 7.882128 7.882127 7.882123 7.882012
7.881557 7.881305 7.881343 7.881352 7.881371 7.881357 7.88136 7.881377 7.881375 7.881381 7.88133 7.881337 7.881385 7.881378 7.881398 7.881409 7.881441 7.881502 7.881624 7.881714 7.88175 7.881715 7.881772 7.881688 7.881694 7.881614 7.881678 7.881693 7.88177 7.881839 7.882027 7.882067 7.882043 7.881973 7.881942 7.881975 7.881905 7.881957 7.881973 7.88196 7.881838 7.881833 7.881829 7.881801 7.881733 7.881712 7.881676 7.881703 7.881735 7.881782 7.881842 7.881901 7.8819 7.88191 7.881865 7.881885 7.881903 7.882074 7.88208 7.882129 7.882124 7.882152 7.882025
7.881491 7.881649 7.881367 7.881401 7.881354 7.881402 7.881374 7.881324 7.881388 7.881383 7.881403 7.881344 7.881384 7.881405 7.881401 7.881407 7.881416 7.881489 7.881606 7.881664 7.8817 7.881675 7.88173 7.881733 7.881708 7.881607 7.881673 7.88166 7.881699 7.881788 7.882023 7.88202 7.881967 7.881882 7.88191 7.881884 7.881935 7.881931 7.881945 7.88181 7.881833 7.881835 7.88187 7.881842 7.881823 7.881731 7.881727 7.881763 7.881765 7.8818 7.881805 7.881806 7.881837 7.881891 7.881929 7.881942 7.88195 7.882078 7.882068 7.882046 7.882102 7.88218 7.882168
7.881465 7.881505 7.881327 7.881352 7.881384 7.881398 7.881392 7.881374 7.881377 7.8814 7.881433 7.881334 7.881361 7.881397 7.881354 7.881402 7.881476 7.881511 7.881548 7.881682 7.881722 7.881728 7.881637 7.881767 7.881668 7.881702 7.881584 7.881658 7.881637 7.881724 7.881923 7.881952 7.882022 7.881876 7.881869 7.881948 7.881945 7.881912 7.881836 7.881808 7.881838 7.881755 7.881773 7.881854 7.881855 7.88189 7.881751 7.881739 7.881719 7.8818 7.88183 7.881866 7.88188 7.881878 7.881906 7.88192 7.881944 7.881963 7.882084 7.88212 7.882119 7.882155 7.882163
7.881426 7.881489 7.881557 7.88124 7.881244 7.881243 7.881262 7.881349 7.881439 7.881492 7.881465 7.881386 7.881335 7.881311 7.881329 7.881414 7.881443 7.881501 7.881554 7.881649 7.881689 7.88171 7.881641 7.881739 7.881839 7.881699 7.881645 7.881613 7.881618 7.881657 7.881887 7.881966 7.881973 7.881787 7.881784 7.881886 7.881899 7.881898 7.881782 7.881779 7.881804 7.881831 7.88179 7.881813 7.881778 7.881822 7.881732 7.881715 7.881719 7.88181 7.881853 7.881894 7.881857 7.881888 7.881897 7.882018 7.882013 7.882 7.882166 7.882158 7.882154 7.882194 7.882133
7.881467 7.881363 7.881464 7.881207 7.881149 7.881148 7.881184 7.8813 7.88131 7.881395 7.881532 7.881476 7.881387 7.881371 7.881475 7.881441 7.881484 7.881489 7.881538 7.881614 7.881677 7.881658 7.881669 7.881732 7.881804 7.881685 7.881715 7.881588 7.881626 7.881656 7.881704 7.881943 7.881959 7.881907 7.881855 7.881812 7.881804 7.881691 7.881715 7.881694 7.881705 7.881775 7.881798 7.881822 7.881823 7.88182 7.881809 7.881659 7.881672 7.881807 7.881805 7.881885 7.881922 7.881916 7.881924 7.881957 7.88194 7.882039 7.882256 7.882252 7.882217 7.882175 7.882166
7.881444 7.881488 7.881468 7.881377 7.881118 7.881182 7.881175 7.881214 7.881248 7.881324 7.881398 7.881415 7.881379 7.881455 7.881518 7.881496 7.881509 7.881537 7.881541 7.881581 7.881618 7.881667 7.881722 7.881745 7.88184 7.881807 7.881591 7.881543 7.881606 7.88166 7.881698 7.881939 7.881952 7.882007 7.881855 7.881825 7.881787 7.881665 7.881621 7.881633 7.881635 7.881754 7.881742 7.881762 7.881822 7.881796 7.881747 7.881664 7.88166 7.881722 7.881865 7.881925 7.881941 7.881955 7.881969 7.881922 7.881991 7.88204 7.882095 7.8822 7.88218 7.882187 7.882239
7.881551 7.881494 7.881442 7.881375 7.881118 7.881007 7.881163 7.88119 7.881233 7.881255 7.881328 7.88142 7.881406 7.881415 7.881412 7.881477 7.88155 7.881548 7.881587 7.881628 7.881636 7.881745 7.881804 7.881769 7.881758 7.881736 7.881591 7.88166 7.881571 7.881613 7.881705 7.881864 7.881935 7.882023 7.881814 7.881828 7.881735 7.881611 7.881624 7.881633 7.881639 7.881685 7.881686 7.881741 7.881827 7.881773 7.881766 7.881759 7.881665 7.881726 7.881752 7.881815 7.88188 7.881926 7.881953 7.881983 7.882044 7.88208 7.882033 7.882188 7.882171 7.882224 7.882259
7.881484 7.881489 7.881399 7.881494 7.881168 7.881141 7.88106 7.881101 7.881226 7.881273 7.881239 7.881331 7.881287 7.881349 7.881433 7.881517 7.881509 7.881538 7.881566 7.881616 7.881676 7.881794 7.881858 7.881783 7.881754 7.881732 7.881823 7.881665 7.881582 7.881632 7.881625 7.881876 7.881952 7.881952 7.881863 7.881787 7.881622 7.881596 7.88164 7.881635 7.881608 7.881629 7.881699 7.881718 7.88167 7.88172 7.881718 7.881769 7.881728 7.8817 7.881728 7.881767 7.881864 7.881866 7.881884 7.881995 7.882009 7.882047 7.881982 7.882109 7.882158 7.882221 7.88226
7.881411 7.881435 7.881401 7.881365 7.881392 7.881186 7.881196 7.881328 7.881334 7.881224 7.881247 7.881251 7.881291 7.881318 7.881319 7.881343 7.881458 7.881545 7.881502 7.881665 7.881735 7.881771 7.881842 7.881786 7.881719 7.881737 7.881831 7.881706 7.881782 7.881662 7.881701 7.881718 7.881907 7.881927 7.881917 7.881647 7.881621 7.881631 7.881627 7.881662 7.881665 7.881665 7.881704 7.881668 7.881673 7.881721 7.881723 7.881701 7.881721 7.881628 7.881707 7.88174 7.881808 7.88184 7.881939 7.881966 7.88196 7.881989 7.881939 7.881907 7.882128 7.882148 7.882259
7.88124 7.881143 7.881237 7.881365 7.881378 7.881177 7.881212 7.881236 7.88122 7.881264 7.881224 7.88136 7.881413 7.881413 7.881415 7.881435 7.881416 7.881367 7.881477 7.881692 7.881745 7.881796 7.881864 7.881736 7.881695 7.881838 7.881853 7.881868 7.881729 7.881676 7.881695 7.881736 7.881888 7.881906 7.881903 7.88164 7.881659 7.881639 7.881629 7.881639 7.881671 7.881686 7.881656 7.881652 7.88169 7.881722 7.881761 7.881773 7.881742 7.88172 7.881695 7.881662 7.881752 7.881868 7.881874 7.881917 7.881946 7.881901 7.881898 7.881906 7.882107 7.88215 7.882141
