inputs/Middelgrunden/Resource grid 1   Sector 9   Height 64m   Weibull-A.grd
DSAA
 111           201 
 728800        731000
 6176000       6180000
 7.1678        9.123199
[rows 56 to 83 of 201, columns 0 to 62 of 111]
7.22145 7.255431 7.280238 7.356286 7.389316 7.416852 7.439106 7.456582 7.48348 7.50951 7.539462 7.563638 7.580812 7.595229 7.612404 7.628893 7.646039 7.668654 7.684164 7.70037 7.749403 7.766436 7.782698 7.908888 7.930582 7.939027 7.949123 7.956371 7.971538 7.991371 8.035302 8.052689 8.072542 8.10842 8.133151 8.147034 7.986377 7.993932 8.001603 8.035593 8.034619 8.05008 7.967462 7.95615 7.944862 8.041313 8.0411 8.04237 7.993487 8.044108 8.046849 8.069308 8.070599 8.070614 8.071558 8.075859 8.069553 8.103045 8.092549 8.323626 8.325049 8.324055 8.331161
7.238172 7.260685 7.308853 7.353991 7.390578 7.428431 7.454403 7.477049 7.494909 7.509997 7.529878 7.554909 7.583791 7.607701 7.630977 7.653406 7.6658 7.67592 7.69285 7.708781 7.725377 7.775271 7.793115 7.809675 7.926351 7.945724 7.955534 7.966217 7.973744 7.982444 7.999571 8.018018 8.062626 8.084361 8.103887 8.140762 8.15696 8.16942 7.998858 8.006489 8.02664 8.036483 8.026937 7.978689 7.968364 7.955838 8.045204 8.042431 8.039114 8.037305 8.001306 8.053736 8.073015 8.074738 8.075826 8.076546 8.078952 8.089046 8.106349 8.1166 8.143735 8.334064 8.157351
7.263854 7.284112 7.314454 7.344276 7.375756 7.410175 7.472559 7.489044 7.511627 7.528143 7.548471 7.566417 7.576653 7.595551 7.624054 7.647923 7.671906 7.695354 7.722135 7.733143 7.740236 7.751146 7.798593 7.820211 7.835725 7.851478 7.959887 7.972762 7.983537 7.991768 7.999632 8.014523 8.03603 8.074197 8.091887 7.943139 7.96348 8.166202 8.179443 8.004855 8.012423 8.030941 8.030391 8.027455 7.983287 7.979604 7.968415 8.049463 8.049104 8.043179 8.035247 8.04784 8.02033 8.064806 8.02949 8.028109 8.087687 8.089657 8.097232 8.110017 8.121189 8.148913 8.341157
7.29258 7.316191 7.339694 7.367109 7.395495 7.425021 7.456489 7.516509 7.592683 7.554904 7.561306 7.579591 7.598158 7.615036 7.631125 7.635145 7.656846 7.641205 7.708425 7.730977 7.762573 7.784798 7.804606 7.823722 7.845016 7.862519 7.877264 7.975008 7.989138 7.997845 8.008209 8.017161 8.028546 8.048188 8.092603 8.108475 7.952363 7.966108 7.979226 8.189599 8.010605 8.018876 8.036529 8.034803 8.021774 8.027801 7.98492 7.983687 7.990862 8.054971 8.048697 8.04577 8.049085 8.06111 8.050452 8.047548 8.04005 8.050975 8.100117 8.104716 8.120047 8.138439 8.155936
7.329879 7.341498 7.367263 7.394024 7.418793 7.44533 7.47353 7.503628 7.562254 7.590058 7.658607 7.682512 7.609649 7.628222 7.647097 7.66108 7.675222 7.689535 7.693243 7.720157 7.741242 7.772513 7.795137 7.831872 7.851185 7.868828 7.885821 7.902326 7.992299 8.001616 8.013812 8.023925 8.033069 8.044734 8.063204 8.108281 7.952742 7.967121 7.981395 7.987766 7.997968 8.208282 8.024043 8.04199 8.039968 8.029813 8.022478 8.038446 7.993763 8.007093 8.064465 8.060335 8.058074 8.059285 8.069845 8.078818 8.079609 8.055489 8.06236 8.072054 8.118817 8.137295 8.156496
7.354511 7.368269 7.392347 7.417597 7.44353 7.469886 7.494018 7.520294 7.548014 7.576816 7.632917 7.662162 7.717659 7.739034 7.666102 7.674597 7.692368 7.709295 7.718101 7.730798 7.741891 7.751805 7.778821 7.816189 7.84041 7.865242 7.894851 7.915244 7.925779 7.939086 8.01728 8.029292 8.037835 8.048255 8.059563 8.075851 8.095659 8.14099 7.9819 7.996287 8.00404 8.009839 8.018579 8.031764 8.037589 8.045362 8.038455 8.028431 8.03446 8.048201 8.017614 8.074809 8.073562 8.069552 8.069028 8.079973 8.08895 8.095757 8.068253 8.076582 8.083506 8.133036 8.152582
7.388421 7.416418 7.41713 7.44101 7.464306 7.489213 7.516376 7.542128 7.565268 7.592175 7.619422 7.67478 7.703134 7.726825 7.772882 7.76776 7.821582 7.728076 7.735048 7.751683 7.767912 7.779984 7.78373 7.809386 7.820711 7.848715 7.871232 7.898983 7.925487 7.949448 8.03435 7.974429 8.046449 8.054525 8.062795 8.07331 8.089906 8.109264 8.154383 7.994009 8.01068 8.018828 8.025705 8.02979 8.039411 8.051267 8.05392 8.046997 8.033943 8.042459 8.048762 8.035327 8.044826 8.088657 8.082845 8.077921 8.088827 8.100132 8.107081 8.122316 8.12869 8.142151 8.154001
7.42951 7.444869 7.467494 7.465396 7.48596 7.509412 7.5326 7.558281 7.583725 7.608332 7.634839 7.661351 7.715671 7.743004 7.764767 7.805354 7.826312 7.820571 7.841771 7.86269 7.785339 7.791505 7.801162 7.821936 7.836036 7.845915 7.857573 7.878657 7.893332 7.929598 7.953815 7.977565 7.994194 8.065674 8.07293 8.08008 8.08889 8.103173 8.120872 8.165827 8.186415 8.02273 8.032399 8.040257 8.044918 8.049758 8.059897 8.061842 8.061757 8.046923 8.055841 8.062162 8.069263 8.062604 8.09899 8.096599 8.089849 8.09893 8.109383 8.124516 8.140811 8.14088 8.152978
7.460305 7.476074 7.500581 7.514012 7.514448 7.530394 7.549782 7.572996 7.598056 7.625484 7.648114 7.671836 7.725777 7.755551 7.782754 7.802612 7.820741 7.856877 7.850537 7.871048 7.891239 7.910752 7.936919 7.838701 7.838635 7.855501 7.871206 7.881651 7.896548 7.904695 7.932589 7.953805 7.974967 7.988953 8.00601 8.095205 8.101209 8.106311 8.120132 8.134694 8.153139 8.199114 8.034032 8.044795 8.054209 8.05852 8.063145 8.070643 8.074104 8.070775 8.061349 8.075551 8.080156 8.084075 8.090835 8.107982 8.107768 8.103786 8.111068 8.127667 8.144421 8.163775 8.166764
7.496892 7.512205 7.516414 7.535801 7.569976 7.593019 7.583781 7.593736 7.614965 7.638488 7.663674 7.68928 7.710581 7.733627 7.789481 7.817603 7.836557 7.854699 7.871251 7.905504 7.899225 7.919047 7.937726 7.956336 7.982163 8.003578 7.888267 7.890831 7.900293 7.913343 7.922934 7.95403 7.971246 7.97726 7.98894 8.001031 8.116772 8.121793 8.127332 8.138921 8.151259 8.167197 8.213087 8.232544 8.056693 8.066483 8.078588 8.077748 8.082725 8.085175 8.087082 8.07923 8.088559 8.095819 8.104244 8.10664 8.11327 8.118387 8.119447 8.135433 8.148631 8.164616 8.179491
7.521364 7.533643 7.556528 7.573617 7.584725 7.601196 7.631901 7.631208 7.646011 7.663232 7.683487 7.706303 7.729359 7.771997 7.794345 7.816987 7.841747 7.863938 7.884717 7.900531 7.933853 7.926701 7.945582 7.963993 7.982122 8.000607 8.027479 8.044912 8.064039 7.929753 7.928834 7.931587 7.963536 7.986314 8.006107 8.013923 8.006824 8.025386 8.148679 8.149642 8.159999 8.171793 8.185692 8.226047 8.245864 8.06997 8.078778 8.085546 8.097061 8.09661 8.098357 8.103088 8.096533 8.106585 8.125877 8.118252 8.132895 8.13357 8.13299 8.139696 8.153167 8.171112 8.184489
7.546314 7.567653 7.572968 7.590366 7.616498 7.628544 7.645421 7.666069 7.666421 7.690317 7.706695 7.722692 7.743526 7.766126 7.786104 7.828361 7.849062 7.867129 7.88656 7.906467 7.92567 7.945378 7.979282 7.971769 7.989682 8.007332 8.024975 8.051611 8.067984 8.087231 8.100903 7.968544 7.955997 7.976324 7.995021 8.013928 8.030356 8.038557 8.046846 8.056865 8.183421 8.188079 8.194208 8.205913 8.218795 8.259978 8.274637 8.092201 8.098631 8.104454 8.120782 8.113727 8.115396 8.115219 8.122473 8.132336 8.148531 8.152478 8.156433 8.156167 8.159963 8.17396 8.189514
7.569002 7.569212 7.604505 7.616457 7.628036 7.648765 7.667647 7.689022 7.703887 7.725737 7.72514 7.743346 7.761872 7.777129 7.796209 7.815345 7.858862 7.879442 7.898484 7.914903 7.929056 7.946049 7.966204 7.987103 7.99659 8.014269 8.031715 8.048858 8.064371 8.09072 8.10966 8.122279 8.140384 8.139326 7.995337 8.010592 8.02652 8.040649 8.04939 8.062764 8.088617 8.097049 8.093256 8.227275 8.24825 8.258753 8.276034 8.289858 8.101884 8.116352 8.122881 8.132101 8.134622 8.128541 8.129767 8.137279 8.14768 8.15468 8.16437 8.1828 8.183295 8.184676 8.187599
7.576301 7.59865 7.612342 7.624557 7.647953 7.655802 7.679609 7.696873 7.71179 7.737177 7.755763 7.782736 7.773085 7.790371 7.809391 7.852027 7.869509 7.885314 7.908266 7.926802 7.941955 7.958286 7.972589 7.989468 8.004659 8.024506 8.036749 8.055296 8.071731 8.086675 8.102652 8.131671 8.143603 8.160873 8.160292 8.167611 8.196286 8.051633 8.055995 8.065093 8.073442 8.090619 8.106949 8.126524 8.135613 8.143141 8.156055 8.167698 8.107068 8.11601 8.127396 8.138532 8.152111 8.152063 8.148969 8.142836 8.154099 8.16582 8.173404 8.187198 8.207234 8.208691 8.209063
7.602342 7.603152 7.627838 7.627262 7.629774 7.6741 7.688068 7.700957 7.720538 7.740157 7.753863 7.783926 7.8046 7.803785 7.821594 7.837415 7.881752 7.897716 7.917217 7.933912 7.953512 7.968008 7.983033 7.998669 8.014005 8.030223 8.04538 8.053312 8.073981 8.093872 8.108084 8.124018 8.142318 8.164333 8.183276 8.016601 8.189365 8.213828 8.230489 8.24857 8.088242 8.089585 8.099113 8.12346 8.137086 8.148257 8.168064 8.181861 8.190741 8.204558 8.141542 8.150511 8.154497 8.163779 8.161885 8.167269 8.163474 8.16555 8.183822 8.196995 8.210183 8.221541 8.223515
7.595289 7.627767 7.642857 7.653495 7.666263 7.673768 7.666524 7.714083 7.725528 7.749152 7.76354 7.780614 7.819495 7.828394 7.826576 7.84794 7.865114 7.906884 7.926927 7.942934 7.963071 7.980764 7.993085 8.006958 8.021602 8.036462 8.052995 8.068844 8.060053 8.09341 8.108347 8.126252 8.144519 8.162606 8.176682 8.20194 8.206165 8.212831 8.234554 8.247865 8.263133 8.276109 8.124364 8.119143 8.139407 8.153443 8.17011 8.182487 8.197194 8.216939 8.226673 8.172411 8.17825 8.183097 8.18797 8.183165 8.174268 8.177846 8.185534 8.200526 8.218673 8.231295 8.244195
7.607323 7.626061 7.633451 7.666503 7.679393 7.69047 7.689789 7.691736 7.740189 7.751185 7.767863 7.791955 7.803785 7.818857 7.854843 7.87258 7.869891 7.890449 7.90986 7.949663 7.969739 7.989644 8.004973 8.022635 8.03372 8.044458 8.057486 8.073146 8.089214 8.104927 8.12545 8.158524 8.144389 8.185567 8.180275 8.195806 8.239362 8.235137 8.232712 8.254849 8.268108 8.278815 8.291747 8.302081 8.312894 8.161224 8.173967 8.190815 8.203424 8.21696 8.232093 8.241971 8.254369 8.212686 8.21369 8.21631 8.213411 8.201264 8.197403 8.201641 8.215072 8.235797 8.252082
7.62846 7.649565 7.649388 7.664953 7.685585 7.705373 7.714008 7.727794 7.73097 7.727181 7.779526 7.789633 7.812285 7.833109 7.841833 7.853919 7.894125 7.913042 7.911592 7.931654 7.975673 7.99263 8.011514 8.031571 8.044248 8.060923 8.071828 8.078328 8.093132 8.108095 8.123617 8.144643 8.161152 8.191756 8.206092 8.224751 8.213094 8.255571 8.266603 8.273026 8.266036 8.284838 8.296435 8.128192 8.319771 8.327207 8.338772 8.364818 8.213694 8.223613 8.23608 8.251759 8.262877 8.268791 8.289154 8.241722 8.251256 8.245648 8.23138 8.222847 8.228047 8.236361 8.248967
7.629494 7.652308 7.660192 7.670985 7.686699 7.716307 7.729196 7.757152 7.77404 7.755961 7.766999 7.760462 7.805824 7.828781 7.852376 7.864486 7.877206 7.88731 7.932544 7.929312 7.95145 7.996397 8.016185 8.034713 8.049918 8.069781 8.084866 8.094006 8.104403 8.117213 8.13155 8.142024 8.161379 8.178059 8.210292 8.223624 8.242617 8.255359 8.271185 8.285356 8.29038 8.296984 8.320672 8.313215 8.324922 8.33438 8.345908 8.354671 8.375491 8.391781 8.357864 8.258605 8.262886 8.282865 8.290108 8.300746 8.323148 8.273991 8.274823 8.265313 8.255338 8.254167 8.262856
7.632169 7.650131 7.673281 7.681622 7.696419 7.707065 7.721209 7.760303 7.765195 7.775084 7.809698 7.78692 7.783133 7.837816 7.865949 7.867011 7.890689 7.89899 7.91177 7.95727 7.948496 7.969608 8.0147 8.035606 8.055926 8.071526 8.086777 8.103516 8.120776 8.131102 8.137348 8.150858 8.164821 8.179502 8.194283 8.20848 8.240282 8.2591 8.271499 8.286703 8.298209 8.306554 8.317649 8.337614 8.347551 8.360027 8.350168 8.361436 8.371629 8.386219 8.405026 8.372359 8.391166 8.291342 8.301907 8.308822 8.315874 8.334547 8.279719 8.289563 8.289599 8.280384 8.279685
7.59471 7.637622 7.670105 7.692629 7.715119 7.716203 7.730244 7.73899 7.759289 7.783945 7.794979 7.82833 7.817434 7.836256 7.85886 7.861692 7.87048 7.892146 7.925683 7.93198 7.943893 7.986584 7.985171 8.030612 8.053094 8.074095 8.091028 8.109857 8.120893 8.134918 8.154722 8.163384 8.173514 8.181989 8.197107 8.212138 8.225351 8.237723 8.274476 8.287138 8.29848 8.311183 8.320209 8.330328 8.353045 8.367733 8.380314 8.384645 8.375252 8.387791 8.396436 8.420785 8.435378 8.448906 8.418079 8.428856 8.331117 8.334322 8.344637 8.298736 8.310615 8.312247 8.309529
7.595278 7.635208 7.647545 7.685963 7.709276 7.72988 7.734311 7.748583 7.773671 7.774097 7.795537 7.817402 7.828215 7.837766 7.851364 7.871141 7.887246 7.888936 7.904212 7.966202 7.954592 7.966603 7.973047 8.023884 8.041448 8.067104 8.088808 8.108072 8.126741 8.141811 8.153272 8.164544 8.159955 8.194754 8.204927 8.212445 8.227576 8.242109 8.25438 8.271077 8.303332 8.313531 8.32065 8.331178 8.342213 8.363104 8.377315 8.393497 8.40655 8.41406 8.418349 8.429632 8.432478 8.447055 8.464729 8.475534 8.488073 8.449854 8.452208 8.360541 8.370001 8.33036 8.329364
7.564551 7.607573 7.644507 7.677986 7.688019 7.722915 7.745033 7.763356 7.765502 7.777508 7.796349 7.811863 7.82948 7.845109 7.858691 7.86701 7.884491 7.908273 7.907389 7.916549 7.98132 8.001387 7.98376 7.99424 8.001987 8.060704 8.055679 8.100071 8.121223 8.14269 8.157686 8.172243 8.183985 8.16946 8.187276 8.223979 8.235001 8.248705 8.256025 8.270225 8.286596 8.317947 8.328533 8.337647 8.344322 8.351889 8.369213 8.386909 8.400226 8.415481 8.429349 8.444845 8.45324 8.464677 8.460536 8.477274 8.491123 8.502127 8.511632 8.467956 8.472698 8.480801 8.495702
7.512991 7.538756 7.617601 7.657426 7.697232 7.699888 7.738814 7.758726 7.775544 7.779413 7.792803 7.811796 7.831519 7.838295 7.860855 7.873857 7.882362 7.898331 7.917323 7.935336 7.934113 7.948097 8.01624 8.034914 8.058469 8.022638 8.083172 8.079844 8.122015 8.115661 8.153831 8.172358 8.188432 8.20165 8.188941 8.198859 8.235442 8.25246 8.264797 8.278006 8.290697 8.300116 8.313653 8.321254 8.352627 8.358713 8.365299 8.372458 8.396502 8.409002 8.423434 8.435965 8.44917 8.467874 8.479548 8.499232 8.497155 8.504695 8.516901 8.52623 8.53229 8.536774 8.495424
7.538186 7.527943 7.552097 7.631197 7.669353 7.703233 7.730282 7.741997 7.775514 7.785922 7.804119 7.805373 7.826995 7.844832 7.863268 7.863845 7.885733 7.898614 7.912285 7.927121 7.949504 7.99231 7.959419 8.028916 8.049286 8.066701 8.036582 8.049527 8.120618 8.138204 8.156195 8.147557 8.182049 8.200725 8.216231 8.229139 8.217343 8.227829 8.260072 8.27916 8.293187 8.306077 8.321377 8.33053 8.314423 8.369097 8.375141 8.380396 8.385584 8.380844 8.418061 8.433241 8.445111 8.455916 8.468229 8.481999 8.512422 8.527882 8.541816 8.536246 8.540796 8.547955 8.550529
7.544192 7.526312 7.544199 7.566874 7.650996 7.68042 7.707983 7.735387 7.754458 7.792601 7.804604 7.814764 7.817675 7.839776 7.85583 7.873482 7.890827 7.907914 7.913659 7.923559 7.939677 7.959664 7.978729 8.022961 7.987772 8.062016 8.080614 8.04622 8.122689 8.138629 8.154062 8.171941 8.188997 8.175776 8.187922 8.222421 8.243773 8.233525 8.244367 8.254733 8.284382 8.30319 8.315098 8.330229 8.341367 8.327667 8.381696 8.388519 8.397111 8.402696 8.39421 8.427659 8.441337 8.453021 8.464989 8.477251 8.488857 8.507809 8.534922 8.556105 8.568997 8.577118 8.569196
7.523852 7.544602 7.557183 7.598935 7.597123 7.672086 7.700396 7.722446 7.746677 7.771472 7.792988 7.824243 7.824977 7.8406 7.851563 7.871104 7.885404 7.901321 7.91247 7.922276 7.947561 7.949939 7.967265 7.990638 7.989047 8.00834 8.02855 8.093148 8.105994 8.072778 8.155907 8.177758 8.182425 8.199911 8.217782 8.204576 8.214557 8.248904 8.247079 8.258889 8.269985 8.27899 8.305758 8.316574 8.335338 8.350952 8.33853 8.372314 8.401132 8.406471 8.415805 8.411382 8.418683 8.45114 8.400752 8.410706 8.421328 8.498688 8.508665 8.537226 8.556037 8.575904 8.592415
7.549068 7.532521 7.563717 7.590493 7.624414 7.652301 7.707457 7.729183 7.739079 7.762243 7.782383 7.806537 7.830089 7.845114 7.849196 7.861897 7.883034 7.904696 7.9194 7.930852 7.940389 7.951689 7.959585 7.975297 8.016457 8.016224 8.056768 8.032951 8.051182 8.117905 8.087304 8.156062 8.190956 8.205594 8.214194 8.227888 8.240373 8.232546 8.240333 8.279264 8.271916 8.284307 8.293515 8.292953 8.320871 8.330281 8.358242 8.34743 8.382352 8.391472 8.42033 8.42947 8.418142 8.431239 8.443106 8.423055 8.415986 8.427547 8.450691 8.46474 8.487033 8.505055 8.522442
