inputs/Middelgrunden/Resource grid 1   Sector 6   Height 64m   Weibull-A.grd
DSAA
 111           201 
 728800        731000
 6176000       6180000
 8.560945      8.677958
[rows 84 to 111 of 201, columns 0 to 62 of 111]
8.671336 8.671091 8.671202 8.6716 8.671753 8.671629 8.671451 8.671575 8.671499 8.671431 8.671257 8.671309 8.671365 8.671475 8.67146 8.671292 8.671065 8.670944 8.670844 8.670939 8.670849 8.670538 8.670202 8.669807 8.669797 8.669559 8.669568 8.66971 8.669827 8.669956 8.670014 8.669654 8.66952 8.669297 8.669031 8.668768 8.668525 8.667966 8.667522 8.667185 8.666593 8.666177 8.666006 8.665732 8.665303 8.665184 8.66504 8.665015 8.664926 8.664574 8.664355 8.664069 8.663683 8.663505 8.663322 8.662997 8.67292 8.672744 8.67274 8.672599 8.672416 8.671854 8.664042
8.671219 8.671041 8.67141 8.671665 8.671535 8.671501 8.671576 8.671546 8.671488 8.67121 8.671231 8.67137 8.671295 8.67143 8.6712 8.671003 8.670888 8.670762 8.670753 8.670905 8.670581 8.670185 8.669659 8.669617 8.669459 8.669429 8.669454 8.669621 8.669803 8.6701 8.669758 8.669584 8.669373 8.669093 8.668721 8.668538 8.668072 8.667552 8.667089 8.666695 8.666208 8.666055 8.66575 8.665519 8.665073 8.66506 8.665117 8.665025 8.664721 8.664335 8.663972 8.663736 8.6635 8.663261 8.663107 8.672983 8.672888 8.672749 8.672593 8.672549 8.672416 8.664243 8.663804
8.671126 8.671015 8.671469 8.671396 8.671404 8.671417 8.6715 8.671485 8.671322 8.67122 8.67124 8.671296 8.671271 8.671196 8.671002 8.670882 8.670753 8.670579 8.670521 8.670685 8.670356 8.669871 8.669553 8.669537 8.669302 8.66923 8.669376 8.669391 8.669939 8.669774 8.669603 8.669378 8.669138 8.668778 8.668602 8.668069 8.667607 8.667173 8.666624 8.6663 8.666101 8.665853 8.665603 8.66522 8.664903 8.66507 8.66501 8.664792 8.664499 8.664155 8.663666 8.663548 8.663248 8.663219 8.662852 8.672963 8.672833 8.672684 8.672483 8.672406 8.66444 8.664021 8.663652
8.67108 8.671161 8.671252 8.671331 8.6713 8.671543 8.671499 8.671268 8.671206 8.671266 8.671288 8.671268 8.671048 8.670911 8.670909 8.670735 8.670651 8.670441 8.670306 8.670392 8.669849 8.669639 8.669336 8.669288 8.66916 8.669187 8.669323 8.669513 8.669763 8.669544 8.669376 8.669112 8.668738 8.668591 8.668216 8.667644 8.667229 8.66669 8.666174 8.666158 8.665918 8.665728 8.665228 8.665109 8.664906 8.665052 8.664778 8.66458 8.664148 8.663834 8.663499 8.663347 8.663262 8.66291 8.673035 8.672891 8.672739 8.672607 8.672477 8.664533 8.664017 8.663847 8.663432
8.671324 8.671009 8.671154 8.671222 8.671244 8.671467 8.671362 8.671108 8.67119 8.671206 8.67126 8.671094 8.670808 8.670984 8.670767 8.670655 8.670445 8.670259 8.669936 8.669833 8.669619 8.669436 8.669249 8.669052 8.66902 8.669064 8.669172 8.669472 8.669579 8.669384 8.669202 8.668746 8.668617 8.668316 8.667699 8.667296 8.666736 8.66615 8.665976 8.665956 8.665786 8.665507 8.665191 8.665106 8.664911 8.664861 8.664565 8.664157 8.66391 8.663674 8.66326 8.663265 8.663027 8.673057 8.673057 8.672779 8.672667 8.672515 8.67195 8.664169 8.663938 8.66354 8.663218
8.671137 8.670947 8.671156 8.671294 8.671339 8.671376 8.671175 8.671087 8.67118 8.67115 8.671084 8.670759 8.670928 8.670906 8.670714 8.670604 8.670353 8.670073 8.66956 8.669644 8.669419 8.669269 8.668994 8.668941 8.668942 8.66895 8.669049 8.669621 8.669343 8.669209 8.668809 8.668579 8.668381 8.667633 8.667292 8.666809 8.666184 8.66597 8.665809 8.665805 8.665518 8.665247 8.665004 8.66508 8.664713 8.664517 8.664207 8.663873 8.66371 8.663512 8.663332 8.663142 8.673111 8.673056 8.672913 8.67273 8.672543 8.672478 8.664331 8.664003 8.663772 8.663338 8.662835
8.670954 8.670824 8.671098 8.671163 8.671609 8.67121 8.671007 8.671144 8.671118 8.671123 8.670838 8.670745 8.670916 8.670726 8.670664 8.670359 8.670145 8.669548 8.66932 8.669354 8.669185 8.669091 8.669033 8.668839 8.668818 8.668851 8.669088 8.669398 8.669251 8.668812 8.668619 8.668406 8.667714 8.667374 8.666895 8.666226 8.666023 8.665878 8.665654 8.665624 8.665291 8.665211 8.664943 8.664731 8.66434 8.664077 8.663884 8.663763 8.663508 8.663292 8.66318 8.673144 8.673088 8.672996 8.672839 8.672561 8.672497 8.664502 8.664187 8.663958 8.663523 8.663045 8.661869
8.670945 8.670941 8.671081 8.671093 8.671314 8.670988 8.671053 8.671166 8.670959 8.670815 8.670743 8.670703 8.670694 8.67061 8.670477 8.670163 8.669599 8.669401 8.669195 8.66921 8.669141 8.668997 8.668933 8.668683 8.668636 8.668793 8.669124 8.66925 8.668905 8.668697 8.668524 8.667784 8.667422 8.666963 8.666283 8.666084 8.665897 8.665719 8.665534 8.665317 8.665275 8.665094 8.664772 8.66428 8.664196 8.66377 8.663705 8.663609 8.663317 8.663157 8.673181 8.673174 8.673055 8.672819 8.672703 8.672537 8.66477 8.664255 8.663961 8.663643 8.663247 8.662086 8.661394
8.670927 8.670917 8.670945 8.67095 8.671145 8.670845 8.670989 8.671055 8.670775 8.670709 8.670592 8.670555 8.670578 8.670493 8.670149 8.669698 8.669421 8.669176 8.668957 8.668995 8.668873 8.668884 8.66875 8.668519 8.668613 8.668736 8.669172 8.66896 8.668732 8.668537 8.667897 8.667444 8.667056 8.666386 8.666142 8.665945 8.665746 8.665627 8.665258 8.665174 8.665142 8.664976 8.664506 8.664066 8.6638 8.663565 8.663671 8.663378 8.663239 8.662978 8.673285 8.673258 8.672922 8.672731 8.672582 8.664932 8.664425 8.664084 8.663829 8.663418 8.662241 8.661592 8.661177
8.670697 8.670949 8.670738 8.671127 8.671007 8.671005 8.671004 8.670677 8.670721 8.670572 8.670594 8.670467 8.670465 8.670257 8.669699 8.669348 8.669205 8.668981 8.668738 8.668803 8.668848 8.668689 8.668518 8.668417 8.66841 8.668776 8.668983 8.668777 8.668503 8.66802 8.667531 8.667149 8.666518 8.666203 8.665993 8.665783 8.665678 8.665277 8.665078 8.665257 8.665053 8.664753 8.664359 8.663795 8.663564 8.663429 8.663448 8.663308 8.663131 8.673179 8.673267 8.67314 8.672856 8.672665 8.672548 8.6646 8.664267 8.66388 8.663572 8.662411 8.661773 8.66125 8.660915
8.670802 8.670667 8.670708 8.671035 8.670972 8.67102 8.670726 8.670677 8.670625 8.670438 8.670493 8.670318 8.670263 8.66975 8.66939 8.669266 8.669014 8.668763 8.668582 8.668554 8.668477 8.668452 8.668535 8.668348 8.668493 8.668622 8.668803 8.668562 8.668146 8.667571 8.667252 8.666572 8.666287 8.666066 8.66584 8.665727 8.665401 8.665185 8.665191 8.665111 8.664773 8.664515 8.66402 8.663619 8.663426 8.66337 8.663418 8.663155 8.673219 8.673139 8.673174 8.672975 8.672681 8.672651 8.664766 8.664443 8.664073 8.663743 8.662595 8.661941 8.66155 8.661155 8.660838
8.670573 8.67071 8.670855 8.671021 8.670929 8.670742 8.670582 8.670617 8.670524 8.670495 8.67034 8.670304 8.669815 8.669441 8.669193 8.669001 8.668784 8.668543 8.668296 8.668336 8.668193 8.668433 8.668181 8.668375 8.668382 8.668736 8.668635 8.668262 8.667645 8.667253 8.666705 8.666335 8.666134 8.665795 8.66577 8.66552 8.665233 8.665117 8.665229 8.664864 8.664634 8.664207 8.663828 8.663523 8.663254 8.663296 8.663237 8.673368 8.673237 8.673111 8.673154 8.672888 8.672688 8.664947 8.664656 8.66422 8.663906 8.662794 8.662109 8.661708 8.661286 8.661039 8.660561
8.670473 8.670745 8.671035 8.671118 8.670728 8.670626 8.670491 8.6705 8.670568 8.670476 8.670115 8.669862 8.669455 8.669177 8.669098 8.668818 8.668601 8.66838 8.668068 8.668167 8.66818 8.668098 8.668127 8.668206 8.668314 8.668735 8.668354 8.667729 8.667317 8.66681 8.666393 8.666143 8.665885 8.665849 8.665611 8.665298 8.665133 8.665128 8.664882 8.664671 8.664298 8.66401 8.663751 8.663378 8.663321 8.663115 8.663051 8.673368 8.673259 8.673102 8.673018 8.672775 8.665186 8.664797 8.664435 8.664153 8.663003 8.662346 8.661928 8.661412 8.661145 8.660746 8.660007
8.670603 8.670758 8.67105 8.670854 8.670611 8.670473 8.670504 8.670446 8.670462 8.670195 8.669683 8.669562 8.669181 8.668977 8.668797 8.668585 8.668388 8.668089 8.667814 8.668063 8.667892 8.667941 8.667976 8.668242 8.668329 8.668446 8.66783 8.667379 8.666907 8.666457 8.666262 8.665951 8.665902 8.665736 8.665397 8.665217 8.665174 8.66489 8.664731 8.664368 8.664124 8.664 8.663595 8.663251 8.663223 8.662787 8.673463 8.673347 8.673201 8.673048 8.672879 8.672791 8.665083 8.664625 8.664319 8.663246 8.662677 8.662083 8.661682 8.661364 8.661012 8.660182 8.659645
8.67059 8.670837 8.670796 8.670752 8.670488 8.670314 8.67046 8.670485 8.670205 8.669763 8.669382 8.669248 8.668975 8.668757 8.668587 8.668406 8.668153 8.667827 8.667808 8.667847 8.667726 8.667607 8.667846 8.668172 8.668318 8.6679 8.667459 8.666898 8.666516 8.66629 8.665999 8.665936 8.665832 8.665475 8.665216 8.665116 8.664929 8.664658 8.664527 8.664153 8.66402 8.663874 8.663486 8.663284 8.662905 8.673294 8.673404 8.673265 8.673133 8.67285 8.672812 8.665259 8.664896 8.664572 8.663474 8.662905 8.662395 8.661947 8.661507 8.661301 8.660645 8.65987 8.659313
8.670541 8.670912 8.670829 8.670671 8.670359 8.670385 8.67038 8.670258 8.669796 8.669417 8.669247 8.66896 8.66876 8.668582 8.668401 8.668161 8.667838 8.6677 8.66759 8.66776 8.667498 8.667548 8.667876 8.667976 8.668083 8.66746 8.666994 8.666546 8.666279 8.666026 8.665902 8.6659 8.665523 8.665293 8.665158 8.664946 8.66467 8.664448 8.664218 8.664114 8.663946 8.663744 8.663438 8.663074 8.673332 8.673195 8.673242 8.67323 8.672978 8.672715 8.665401 8.665047 8.664721 8.664035 8.662992 8.662618 8.662211 8.661795 8.661469 8.660917 8.660182 8.659567 8.659058
8.670504 8.670712 8.6707 8.670361 8.670278 8.670337 8.670249 8.66979 8.669413 8.669225 8.668835 8.668646 8.668571 8.668424 8.668166 8.667964 8.667682 8.667573 8.667475 8.667438 8.667398 8.667397 8.667754 8.667709 8.66764 8.667054 8.666605 8.666325 8.66604 8.665901 8.665888 8.665579 8.665333 8.66519 8.664987 8.66481 8.664502 8.664041 8.66412 8.663978 8.663839 8.663672 8.66334 8.662863 8.673261 8.673118 8.673198 8.673154 8.672805 8.665422 8.665217 8.664886 8.664225 8.66327 8.662828 8.662412 8.662059 8.661633 8.661229 8.660345 8.659842 8.659274 8.658966
8.670773 8.670734 8.670664 8.670324 8.670236 8.670144 8.669887 8.669442 8.669248 8.669023 8.668739 8.668574 8.668405 8.668228 8.667975 8.667591 8.667423 8.667398 8.667269 8.667223 8.667298 8.667295 8.667447 8.667336 8.667273 8.666624 8.666398 8.666096 8.665895 8.665882 8.66563 8.665361 8.665176 8.664916 8.664817 8.6645 8.66407 8.663952 8.663956 8.66391 8.663724 8.663474 8.663037 8.673414 8.673225 8.673085 8.673128 8.672866 8.665512 8.665289 8.665074 8.66445 8.663568 8.663005 8.662718 8.662246 8.661792 8.661488 8.660646 8.660165 8.659534 8.659191 8.658773
8.670662 8.67069 8.670625 8.670265 8.670175 8.669943 8.66942 8.669236 8.669063 8.668664 8.668605 8.668504 8.66827 8.668037 8.667742 8.667295 8.667295 8.667249 8.666975 8.667166 8.667009 8.667053 8.666937 8.667238 8.666829 8.666572 8.666168 8.665993 8.665975 8.665675 8.665352 8.665182 8.66494 8.664799 8.664595 8.664121 8.66396 8.663872 8.663954 8.663774 8.663538 8.663272 8.673537 8.673247 8.673139 8.672988 8.672725 8.666048 8.665448 8.665112 8.664646 8.663765 8.663206 8.662911 8.662512 8.66202 8.661656 8.661057 8.660419 8.659841 8.65949 8.65903 8.658587
8.670725 8.67066 8.670527 8.670161 8.669976 8.669404 8.669215 8.669059 8.668764 8.668459 8.668563 8.668374 8.668058 8.667793 8.667516 8.667312 8.667291 8.666903 8.666825 8.666947 8.666817 8.666749 8.666747 8.666924 8.666636 8.666371 8.666097 8.665977 8.665828 8.665439 8.665254 8.665012 8.664842 8.664649 8.664248 8.663981 8.663902 8.663841 8.663796 8.663579 8.663208 8.673719 8.673334 8.67318 8.67305 8.672921 8.672586 8.665491 8.665269 8.664719 8.66399 8.663404 8.66294 8.662714 8.66238 8.66182 8.66133 8.660644 8.660172 8.659772 8.659319 8.658756 8.658239
8.670695 8.670636 8.670444 8.670103 8.669615 8.669265 8.668978 8.668777 8.668378 8.668351 8.668316 8.668075 8.667777 8.667583 8.667347 8.667186 8.666974 8.666749 8.666693 8.666586 8.666547 8.666556 8.666494 8.666636 8.666438 8.666267 8.666031 8.665938 8.665546 8.665254 8.665029 8.664821 8.664704 8.664348 8.663986 8.66387 8.663864 8.663699 8.663677 8.663278 8.663172 8.673757 8.673235 8.673085 8.673015 8.672702 8.665395 8.665285 8.664872 8.664132 8.663633 8.663114 8.662886 8.662561 8.662128 8.661647 8.66089 8.66045 8.659929 8.659528 8.659043 8.658562 8.657919
8.670655 8.670515 8.670242 8.669772 8.66929 8.669077 8.668818 8.668513 8.668246 8.668183 8.668034 8.667817 8.667681 8.667253 8.667136 8.666928 8.666676 8.66649 8.666262 8.666398 8.66634 8.666243 8.666395 8.666478 8.66629 8.666216 8.666048 8.665633 8.665375 8.665076 8.664799 8.664724 8.664463 8.66403 8.663945 8.663911 8.663745 8.66357 8.663482 8.663136 8.673817 8.673598 8.673162 8.672991 8.672776 8.66549 8.665296 8.664927 8.664001 8.663795 8.663296 8.662984 8.662751 8.662324 8.661769 8.661251 8.660608 8.660148 8.659818 8.659241 8.658835 8.658164 8.657623
8.670452 8.670284 8.66977 8.669585 8.669144 8.668885 8.668565 8.668256 8.668241 8.667972 8.66789 8.667763 8.667433 8.667193 8.666783 8.666766 8.66643 8.666185 8.665928 8.666125 8.666014 8.666017 8.666348 8.666146 8.666235 8.666214 8.665833 8.665441 8.665175 8.664898 8.66478 8.664572 8.664059 8.663971 8.663942 8.663787 8.663642 8.66338 8.663181 8.673751 8.673671 8.673522 8.6731 8.672817 8.666065 8.665339 8.66491 8.664166 8.663713 8.663487 8.663166 8.66296 8.662654 8.662038 8.661621 8.660898 8.660309 8.66008 8.659518 8.659113 8.658424 8.657838 8.657349
8.670214 8.66985 8.669612 8.669301 8.669006 8.668666 8.668418 8.66815 8.668031 8.667912 8.667778 8.667607 8.667305 8.66671 8.666683 8.666538 8.666182 8.665964 8.66579 8.665799 8.665823 8.665888 8.666179 8.66609 8.666152 8.665893 8.6656 8.665202 8.664912 8.664757 8.664598 8.664229 8.664042 8.663964 8.663844 8.663708 8.663444 8.663227 8.673667 8.673763 8.673526 8.673385 8.672968 8.666235 8.665413 8.665082 8.664125 8.66389 8.663495 8.663321 8.663053 8.662839 8.662267 8.661847 8.661166 8.660701 8.660366 8.659795 8.659295 8.65871 8.658053 8.657583 8.657131
8.669757 8.669695 8.669432 8.669093 8.668836 8.668427 8.668171 8.667998 8.667742 8.667803 8.667631 8.667374 8.667013 8.666837 8.666594 8.666117 8.665952 8.665567 8.665509 8.665678 8.665711 8.666013 8.666121 8.666039 8.665968 8.665651 8.665379 8.664973 8.664802 8.66466 8.664286 8.663991 8.663965 8.663905 8.663763 8.663507 8.663165 8.673743 8.673811 8.673615 8.673472 8.673241 8.672692 8.665468 8.665155 8.664256 8.663853 8.663646 8.663304 8.663107 8.662983 8.662484 8.661895 8.661427 8.660903 8.660633 8.660122 8.659514 8.658956 8.658284 8.657792 8.65736 8.657066
8.669572 8.669724 8.669166 8.668936 8.668547 8.668281 8.667947 8.667752 8.667637 8.667665 8.667355 8.667068 8.666754 8.666619 8.666217 8.665975 8.665555 8.665451 8.665356 8.665475 8.665681 8.666207 8.666167 8.665973 8.665759 8.665447 8.665121 8.664862 8.664729 8.664429 8.664165 8.664016 8.663958 8.663815 8.663607 8.663225 8.662985 8.67365 8.673637 8.673489 8.673291 8.673013 8.665738 8.665381 8.664384 8.663977 8.663642 8.663396 8.663121 8.662951 8.662753 8.662117 8.661679 8.661148 8.660828 8.660357 8.659772 8.65916 8.658536 8.658066 8.657582 8.657319 8.65722
8.669497 8.669394 8.669019 8.66878 8.668481 8.668045 8.667825 8.667716 8.667491 8.667479 8.667136 8.666921 8.666677 8.666295 8.665883 8.665492 8.665317 8.665286 8.665133 8.665408 8.665792 8.666183 8.666079 8.665672 8.665355 8.665176 8.665044 8.664875 8.664566 8.664294 8.664108 8.663955 8.663738 8.663668 8.663278 8.663014 8.673583 8.673758 8.673531 8.673359 8.673075 8.666596 8.665461 8.664609 8.664129 8.663791 8.663404 8.663217 8.662962 8.662873 8.662315 8.661903 8.661413 8.660995 8.660585 8.660026 8.659501 8.65887 8.658277 8.657765 8.657536 8.657413 8.65747
8.669389 8.669229 8.668839 8.668569 8.668291 8.667949 8.667766 8.667541 8.667374 8.667219 8.667031 8.666749 8.666333 8.666005 8.665639 8.665172 8.665277 8.66509 8.665017 8.665592 8.66594 8.666121 8.665789 8.665472 8.665112 8.6651 8.66494 8.664783 8.664393 8.664213 8.664114 8.663869 8.66379 8.663517 8.663083 8.673565 8.673542 8.673605 8.673438 8.673206 8.666731 8.665883 8.664789 8.664354 8.663984 8.663634 8.663262 8.663137 8.662724 8.662374 8.661936 8.661519 8.661082 8.660736 8.660233 8.659717 8.659114 8.658581 8.658052 8.65779 8.657578 8.657616 8.657694
