inputs/Middelgrunden/Resource grid 1   Sector 4   Height 64m   Sector frequency.grd
DSAA
 111           201 
 728800        731000
 6176000       6180000
 .0790464      8.066297E-02
[rows 120 to 143 of 201, columns 0 to 52 of 111]
7.921866E-02 7.921615E-02 .0792146 7.921305E-02 7.921632E-02 7.922953E-02 7.922956E-02 7.922635E-02 7.922906E-02 7.923302E-02 7.924178E-02 7.926529E-02 7.925966E-02 7.926417E-02 7.926292E-02 .0792655 7.926738E-02 7.927228E-02 7.930488E-02 7.927681E-02 7.927209E-02 7.926973E-02 7.926506E-02 7.926416E-02 7.926141E-02 7.925794E-02 7.925033E-02 7.925306E-02 7.925192E-02 7.925707E-02 7.926597E-02 7.932149E-02 7.932661E-02 .0793631 7.936885E-02 7.937133E-02 7.937384E-02 7.937512E-02 7.937991E-02 7.933452E-02 7.933725E-02 7.933881E-02 7.940571E-02 7.940643E-02 7.940746E-02 7.940507E-02 .0793964 7.938978E-02 7.938268E-02 7.937836E-02 7.937679E-02 7.937267E-02 7.937244E-02
.0792126 7.921217E-02 7.921148E-02 7.921381E-02 .0792169 7.922323E-02 7.923014E-02 7.923333E-02 7.923296E-02 7.923418E-02 7.924251E-02 7.926744E-02 7.927185E-02 7.926131E-02 7.925923E-02 7.925444E-02 7.926171E-02 .0792677 7.927722E-02 7.925339E-02 7.926753E-02 7.926245E-02 7.925675E-02 7.925709E-02 7.925504E-02 7.925066E-02 7.924903E-02 7.923452E-02 7.925207E-02 7.925519E-02 7.926604E-02 7.932887E-02 7.933144E-02 7.936966E-02 .0793709 7.937513E-02 .079376 7.932669E-02 7.932729E-02 7.932958E-02 7.939086E-02 7.938862E-02 7.939478E-02 7.939538E-02 7.939201E-02 7.939639E-02 7.939603E-02 7.939103E-02 7.938305E-02 7.938295E-02 .0793744 7.937322E-02 7.936864E-02
.0792094 7.920957E-02 7.921136E-02 7.920987E-02 7.921806E-02 7.922446E-02 7.922906E-02 7.923499E-02 7.923836E-02 7.923847E-02 7.924799E-02 7.924768E-02 .0792627 7.926633E-02 7.926297E-02 7.926311E-02 7.926244E-02 7.926729E-02 7.926986E-02 7.924468E-02 7.923576E-02 7.925445E-02 7.925213E-02 .0792487 7.925036E-02 7.924911E-02 7.924954E-02 7.924077E-02 7.925924E-02 7.926217E-02 7.926748E-02 7.932917E-02 7.933258E-02 7.936835E-02 7.937394E-02 7.932744E-02 7.932822E-02 7.932713E-02 7.932236E-02 7.938022E-02 7.938229E-02 .0793846 7.938655E-02 7.938705E-02 7.938735E-02 7.939115E-02 7.939374E-02 7.939231E-02 .0793843 7.937852E-02 7.936854E-02 7.936822E-02 7.936791E-02
7.920402E-02 7.920639E-02 7.920884E-02 7.920656E-02 7.921572E-02 7.922375E-02 7.923041E-02 7.923669E-02 .0792402 7.923723E-02 7.923391E-02 7.924486E-02 7.924885E-02 7.926935E-02 7.927068E-02 .0792677 7.926261E-02 7.926128E-02 7.925621E-02 7.923735E-02 7.923174E-02 7.922862E-02 7.923056E-02 7.925057E-02 7.924845E-02 7.925248E-02 7.925413E-02 7.924595E-02 7.926318E-02 7.926752E-02 7.932415E-02 7.933016E-02 7.933237E-02 7.931852E-02 7.931966E-02 7.931914E-02 7.931923E-02 7.931866E-02 .0793799 .0793763 7.937135E-02 7.937745E-02 7.938781E-02 7.938434E-02 7.938078E-02 7.938197E-02 .0793843 .0793863 7.937732E-02 7.937043E-02 7.936698E-02 7.936302E-02 7.936817E-02
7.920254E-02 .0792068 7.920922E-02 7.921092E-02 7.922032E-02 7.922705E-02 7.923041E-02 7.922783E-02 7.923165E-02 7.923352E-02 .0792364 7.924373E-02 7.924666E-02 7.926635E-02 7.926731E-02 7.926388E-02 .079262 7.925703E-02 .0792523 7.923481E-02 7.923023E-02 7.922711E-02 7.922997E-02 .0792325 7.925608E-02 7.925752E-02 7.925719E-02 7.925869E-02 7.924695E-02 7.926697E-02 7.932364E-02 7.927933E-02 7.927559E-02 7.927509E-02 7.930976E-02 7.931031E-02 7.931268E-02 7.937086E-02 .0793717 .0793743 7.937346E-02 7.937657E-02 7.937618E-02 7.937518E-02 7.937343E-02 7.937408E-02 7.937533E-02 7.937705E-02 .079375 7.937063E-02 7.937616E-02 7.937285E-02 7.936868E-02
7.920323E-02 7.920811E-02 7.921501E-02 7.921799E-02 7.921956E-02 7.921585E-02 .0792201 7.922798E-02 7.923434E-02 7.923882E-02 7.923784E-02 7.923899E-02 7.924225E-02 7.924215E-02 7.926033E-02 7.926138E-02 7.926014E-02 7.925633E-02 7.923841E-02 7.923853E-02 7.923315E-02 7.922965E-02 7.923256E-02 7.923879E-02 7.924125E-02 7.924125E-02 7.926288E-02 .0792622 7.924727E-02 7.921234E-02 7.926246E-02 7.926765E-02 7.927101E-02 7.926976E-02 7.929818E-02 7.929502E-02 .0793604 7.936533E-02 7.936583E-02 .0793664 7.936408E-02 7.936782E-02 7.937125E-02 7.936857E-02 .079369 .079368 7.937125E-02 7.937699E-02 7.937323E-02 7.937371E-02 7.937261E-02 7.937245E-02 7.936823E-02
7.921082E-02 7.920966E-02 7.920922E-02 7.920709E-02 7.921718E-02 7.921807E-02 7.922092E-02 7.922413E-02 7.922993E-02 7.923384E-02 7.923584E-02 .0792395 7.923577E-02 7.923669E-02 7.923874E-02 .0792615 7.926335E-02 .0792614 7.924807E-02 7.924185E-02 7.923845E-02 7.923419E-02 7.923401E-02 .0792401 7.924473E-02 7.924709E-02 7.924531E-02 7.921001E-02 7.919161E-02 .0792053 7.925957E-02 7.926074E-02 7.926124E-02 7.925588E-02 7.934932E-02 7.935178E-02 7.935232E-02 7.935085E-02 7.935449E-02 7.935694E-02 7.935881E-02 7.936525E-02 7.936771E-02 7.936752E-02 7.937167E-02 7.937611E-02 7.937655E-02 7.937647E-02 .0793672 7.936533E-02 7.936664E-02 7.936934E-02 .0793684
.0792114 .0792079 7.920563E-02 7.921015E-02 7.922123E-02 7.921641E-02 7.921506E-02 7.921845E-02 7.922565E-02 7.922943E-02 7.923134E-02 7.923771E-02 7.923638E-02 7.923391E-02 7.923871E-02 7.926401E-02 7.925881E-02 7.926305E-02 7.925001E-02 7.925065E-02 7.924459E-02 7.923671E-02 .079236 7.924042E-02 7.924082E-02 7.919094E-02 7.919346E-02 7.919108E-02 .0791757 7.918594E-02 7.924805E-02 7.924721E-02 7.925148E-02 .0793144 7.934641E-02 7.935054E-02 7.935102E-02 7.934815E-02 7.934642E-02 7.935082E-02 .079356 7.936465E-02 7.937255E-02 7.937403E-02 7.937264E-02 .0793728 7.937411E-02 7.936836E-02 .0793632 7.935902E-02 7.935999E-02 7.936648E-02 7.936741E-02
7.920348E-02 7.921381E-02 7.921587E-02 7.920808E-02 7.921427E-02 7.921792E-02 7.921588E-02 7.921793E-02 7.922325E-02 7.922778E-02 7.923148E-02 .0792396 .0792451 7.924009E-02 7.924038E-02 7.924473E-02 7.926126E-02 7.926434E-02 7.925148E-02 7.925311E-02 7.925366E-02 7.924225E-02 7.923471E-02 7.918505E-02 7.919077E-02 7.919488E-02 .0791967 7.918793E-02 7.916476E-02 .0792062 7.921866E-02 7.924408E-02 7.931244E-02 7.931251E-02 7.934503E-02 7.934955E-02 7.934806E-02 7.934714E-02 7.934804E-02 7.935345E-02 7.936355E-02 7.936966E-02 7.937333E-02 7.937573E-02 .0793731 7.936799E-02 .0793663 7.936091E-02 7.936157E-02 7.935885E-02 7.935569E-02 7.935677E-02 7.936165E-02
7.920637E-02 7.920993E-02 7.921652E-02 7.921926E-02 7.921334E-02 7.921376E-02 7.921401E-02 7.921565E-02 7.922492E-02 7.923306E-02 7.923825E-02 7.924787E-02 7.925322E-02 .0792527 7.924561E-02 7.924435E-02 7.923973E-02 7.926452E-02 7.925007E-02 7.924748E-02 7.924607E-02 7.919525E-02 7.919515E-02 7.919481E-02 7.919122E-02 7.918373E-02 7.917993E-02 7.917549E-02 .0791622 7.921007E-02 7.920776E-02 7.928514E-02 7.931224E-02 7.931375E-02 7.931191E-02 7.934706E-02 7.935199E-02 7.935306E-02 .0793569 7.935909E-02 .079365 7.936983E-02 7.937082E-02 7.937066E-02 7.937067E-02 7.936475E-02 7.935898E-02 7.935804E-02 7.935791E-02 7.935449E-02 7.935129E-02 7.934699E-02 7.934757E-02
7.920785E-02 7.920623E-02 7.920764E-02 7.921496E-02 7.922062E-02 7.921643E-02 7.922076E-02 7.922272E-02 7.923377E-02 7.924192E-02 .0792461 7.925435E-02 7.925322E-02 7.925133E-02 7.924962E-02 7.923931E-02 7.923324E-02 7.925563E-02 7.924835E-02 7.919948E-02 7.919992E-02 7.919866E-02 7.919148E-02 7.918359E-02 7.917951E-02 7.917779E-02 7.917708E-02 7.917058E-02 7.915827E-02 7.921036E-02 7.927188E-02 7.928903E-02 7.928679E-02 7.929384E-02 .0793189 7.935264E-02 7.935134E-02 7.935456E-02 7.935792E-02 7.936026E-02 7.936465E-02 .0793637 7.936567E-02 7.936627E-02 7.936767E-02 .0793665 7.935616E-02 7.935379E-02 7.935321E-02 7.934547E-02 7.934237E-02 7.933828E-02 7.933307E-02
7.920063E-02 7.919855E-02 7.920211E-02 7.920986E-02 7.922566E-02 7.922861E-02 7.922772E-02 7.923158E-02 7.923935E-02 7.924406E-02 7.924578E-02 7.925346E-02 7.925254E-02 .0792468 7.924142E-02 7.923881E-02 7.923878E-02 7.918716E-02 7.919434E-02 7.919498E-02 .0791908 7.918431E-02 7.918164E-02 7.917861E-02 7.918097E-02 7.918013E-02 7.917646E-02 .0791714 7.922088E-02 .0792698 7.927102E-02 7.929782E-02 7.929897E-02 7.929824E-02 7.929337E-02 7.935045E-02 .0793552 7.935744E-02 7.935755E-02 7.935707E-02 7.936078E-02 7.935901E-02 7.935946E-02 7.936107E-02 7.936113E-02 7.935508E-02 7.935145E-02 .0793454 7.934239E-02 7.933607E-02 7.933313E-02 7.933388E-02 7.931741E-02
7.919689E-02 .0792031 7.921486E-02 7.922062E-02 .0792301 7.923341E-02 7.923751E-02 7.923558E-02 7.923795E-02 7.923982E-02 7.923774E-02 7.924059E-02 7.924336E-02 7.924137E-02 7.923634E-02 7.918612E-02 7.918664E-02 7.918875E-02 7.916874E-02 7.918277E-02 7.918219E-02 7.918127E-02 7.918059E-02 7.917891E-02 7.917756E-02 7.917969E-02 7.917761E-02 .0792404 7.923964E-02 .0792812 7.927825E-02 7.927807E-02 7.929942E-02 7.930369E-02 .0793041 7.933407E-02 7.933544E-02 7.935527E-02 7.935116E-02 7.934842E-02 .0793542 7.935277E-02 7.935311E-02 7.935406E-02 7.935172E-02 7.934346E-02 7.934033E-02 7.933747E-02 .0793384 .0793369 7.933763E-02 7.933343E-02 7.931655E-02
7.920668E-02 7.921769E-02 7.922748E-02 7.923231E-02 7.923832E-02 7.923415E-02 7.923629E-02 7.923564E-02 7.923547E-02 7.922785E-02 .0792288 7.923657E-02 7.923896E-02 7.918678E-02 7.918255E-02 7.918343E-02 7.918078E-02 7.918172E-02 7.916698E-02 7.918435E-02 7.918312E-02 7.917969E-02 7.917877E-02 .0791751 7.917899E-02 7.918575E-02 7.925511E-02 7.925215E-02 7.924723E-02 7.928536E-02 7.928103E-02 7.927927E-02 7.930499E-02 7.931002E-02 .0793122 7.930794E-02 7.933088E-02 7.932543E-02 7.934327E-02 7.934425E-02 7.934725E-02 7.934663E-02 .0793451 7.934207E-02 7.933626E-02 7.933853E-02 7.933997E-02 .0793358 7.933769E-02 7.933573E-02 7.933597E-02 7.933515E-02 7.931712E-02
7.922108E-02 7.922389E-02 7.923277E-02 7.923781E-02 7.923803E-02 7.922996E-02 .0792254 7.922662E-02 7.922911E-02 7.922706E-02 7.922567E-02 7.918084E-02 7.918484E-02 7.917715E-02 7.917298E-02 7.917484E-02 7.917844E-02 7.916816E-02 7.916851E-02 7.916625E-02 7.918548E-02 7.917779E-02 .0791822 7.918563E-02 7.918628E-02 7.925707E-02 7.925643E-02 7.925714E-02 7.930439E-02 7.928655E-02 7.928528E-02 7.928291E-02 7.930041E-02 7.930771E-02 7.931278E-02 7.930243E-02 7.932618E-02 7.932018E-02 .0793161 7.931595E-02 7.933756E-02 7.933426E-02 7.934067E-02 7.933975E-02 7.933423E-02 7.933351E-02 7.933718E-02 7.933544E-02 7.933424E-02 7.933235E-02 7.933485E-02 7.933731E-02 .0793228
.0792284 7.923246E-02 7.922775E-02 7.921998E-02 7.922824E-02 7.922111E-02 7.921758E-02 7.921753E-02 7.922262E-02 7.917161E-02 7.917381E-02 7.917058E-02 .0791718 7.917136E-02 7.917488E-02 7.917698E-02 7.917886E-02 7.916865E-02 7.917117E-02 7.917235E-02 7.917621E-02 7.919276E-02 7.918824E-02 7.918549E-02 7.924975E-02 7.925374E-02 7.925998E-02 7.925481E-02 7.929908E-02 .0792888 7.928719E-02 7.928707E-02 7.928295E-02 7.929987E-02 7.930589E-02 7.929907E-02 7.932191E-02 7.931462E-02 7.931127E-02 7.931242E-02 7.931147E-02 7.933368E-02 7.933629E-02 7.933301E-02 7.933113E-02 .0793296 7.933008E-02 7.933234E-02 7.933452E-02 7.933281E-02 .0793398 7.934347E-02 7.933156E-02
7.922521E-02 7.922447E-02 .0792205 7.921806E-02 7.922226E-02 7.921889E-02 7.921402E-02 7.915869E-02 7.916054E-02 .0791553 7.915914E-02 .0791685 7.917034E-02 .079166 7.916801E-02 7.917092E-02 7.917881E-02 7.917288E-02 7.917941E-02 7.917729E-02 7.917676E-02 7.919277E-02 7.919016E-02 7.925007E-02 7.924621E-02 7.924575E-02 7.925033E-02 7.925186E-02 7.930002E-02 7.929128E-02 7.929195E-02 7.928459E-02 7.928059E-02 7.929101E-02 7.929425E-02 7.928953E-02 .0793175 7.931589E-02 7.931475E-02 7.931668E-02 .0793115 7.930939E-02 7.931115E-02 7.932853E-02 .0793305 7.932702E-02 7.932695E-02 7.933059E-02 7.934068E-02 7.934223E-02 7.934697E-02 7.933814E-02 7.931925E-02
7.922395E-02 7.922645E-02 7.922234E-02 7.922039E-02 7.922293E-02 .0791603 7.915568E-02 7.915006E-02 7.915362E-02 7.915768E-02 7.916097E-02 .0791718 7.917126E-02 7.917101E-02 7.917514E-02 7.917853E-02 7.918278E-02 7.917064E-02 7.917593E-02 7.917618E-02 7.917339E-02 7.923424E-02 7.925101E-02 7.924816E-02 7.924242E-02 7.924307E-02 7.924564E-02 .0792514 7.930075E-02 7.928556E-02 7.928044E-02 7.927472E-02 7.926972E-02 7.926733E-02 7.928851E-02 7.928763E-02 7.928403E-02 7.931366E-02 .0793147 7.931684E-02 7.931653E-02 7.931179E-02 7.930545E-02 7.930767E-02 7.933323E-02 7.933497E-02 .079335 .0793364 7.934113E-02 7.933179E-02 7.933534E-02 7.933784E-02 7.932118E-02
7.919225E-02 7.922003E-02 7.921992E-02 7.915857E-02 7.915486E-02 7.915202E-02 7.915048E-02 7.915525E-02 .079157 7.916138E-02 7.916569E-02 7.917766E-02 .0791813 7.918347E-02 7.918033E-02 7.917584E-02 7.917699E-02 7.916568E-02 7.917109E-02 7.917169E-02 7.923977E-02 7.923615E-02 7.923111E-02 7.924608E-02 .0792437 .0792452 7.924777E-02 7.924695E-02 7.929146E-02 7.927189E-02 7.926855E-02 7.926968E-02 7.926867E-02 7.926614E-02 7.928488E-02 .0792858 7.928243E-02 7.931194E-02 7.931685E-02 7.931667E-02 7.932097E-02 7.931918E-02 7.931714E-02 7.931652E-02 .0793151 7.931676E-02 7.934094E-02 7.932903E-02 7.932817E-02 7.933054E-02 7.933342E-02 7.933829E-02 7.932147E-02
.0791862 7.914812E-02 7.914151E-02 7.914636E-02 7.915124E-02 .0791523 7.915215E-02 7.915509E-02 7.916196E-02 7.917069E-02 7.917585E-02 7.917988E-02 7.917847E-02 7.918146E-02 7.918049E-02 7.917687E-02 7.917009E-02 7.915966E-02 7.916853E-02 7.923591E-02 7.923848E-02 7.923622E-02 7.922948E-02 7.924622E-02 7.924758E-02 7.924363E-02 7.923682E-02 7.923006E-02 7.927825E-02 7.926541E-02 .0792634 7.926805E-02 7.926711E-02 .0792686 7.928643E-02 7.928611E-02 7.928491E-02 7.931778E-02 7.932498E-02 7.932845E-02 7.932717E-02 7.932001E-02 7.931916E-02 7.932226E-02 7.932169E-02 7.931122E-02 7.931107E-02 7.933131E-02 7.933012E-02 .0793305 7.932933E-02 7.933348E-02 7.931923E-02
7.910473E-02 7.913259E-02 .0791328 7.913817E-02 7.914308E-02 7.914761E-02 7.915752E-02 7.916211E-02 .0791606 7.916778E-02 7.917182E-02 .0791743 7.917608E-02 7.917769E-02 7.917462E-02 7.917563E-02 7.917389E-02 7.915796E-02 7.922773E-02 .07923 7.923628E-02 7.923977E-02 7.922957E-02 7.922199E-02 7.923853E-02 7.923476E-02 7.923049E-02 7.927662E-02 7.927731E-02 7.926514E-02 7.926554E-02 7.926221E-02 7.926583E-02 7.926933E-02 7.927202E-02 7.929428E-02 7.929385E-02 7.932565E-02 7.933044E-02 7.932918E-02 7.932615E-02 7.932059E-02 .0793218 7.931735E-02 7.932138E-02 7.931877E-02 7.931226E-02 7.931083E-02 7.931015E-02 7.933093E-02 7.932556E-02 7.932569E-02 7.931366E-02
7.911124E-02 7.913453E-02 7.913466E-02 7.914435E-02 7.915241E-02 7.915416E-02 7.915846E-02 7.916076E-02 7.916272E-02 7.916199E-02 7.915489E-02 7.916427E-02 7.916692E-02 7.916754E-02 7.916416E-02 7.916167E-02 7.916611E-02 7.922457E-02 7.922716E-02 7.922574E-02 7.922658E-02 7.922707E-02 .0792224 7.921636E-02 7.921492E-02 7.923409E-02 7.923158E-02 7.927988E-02 7.927734E-02 7.927511E-02 7.926793E-02 7.927202E-02 7.926924E-02 7.927714E-02 7.927626E-02 7.929584E-02 7.929733E-02 7.929575E-02 7.932945E-02 7.932892E-02 7.932188E-02 7.931557E-02 7.931893E-02 7.932146E-02 7.932401E-02 7.932159E-02 7.931805E-02 7.931123E-02 7.931083E-02 7.930762E-02 7.932287E-02 7.931776E-02 7.930391E-02
7.912127E-02 7.914983E-02 7.914498E-02 7.915353E-02 7.915663E-02 7.915799E-02 7.916172E-02 7.916036E-02 7.915924E-02 7.915919E-02 7.915464E-02 7.915819E-02 7.916217E-02 7.916689E-02 .079165 7.922497E-02 7.921036E-02 7.920984E-02 7.921441E-02 7.921013E-02 7.920875E-02 7.920828E-02 7.920888E-02 7.920925E-02 7.920487E-02 7.922555E-02 7.923017E-02 7.928086E-02 7.928403E-02 7.928496E-02 7.927621E-02 7.927831E-02 7.927826E-02 7.927493E-02 7.927483E-02 7.929109E-02 7.929632E-02 7.929937E-02 7.932771E-02 7.932653E-02 7.932314E-02 7.932443E-02 7.932445E-02 7.932041E-02 7.932124E-02 7.931998E-02 7.931481E-02 7.930964E-02 7.930472E-02 7.930382E-02 .0792993 7.929368E-02 .0792968
.0791339 7.915845E-02 7.915558E-02 7.915547E-02 7.915679E-02 7.915562E-02 7.915507E-02 7.915747E-02 7.915678E-02 7.915822E-02 7.915452E-02 7.916151E-02 7.916071E-02 7.916027E-02 7.922678E-02 .0792209 7.920055E-02 7.919849E-02 7.920249E-02 7.920615E-02 7.920646E-02 7.920204E-02 7.920089E-02 7.920331E-02 7.920413E-02 7.920869E-02 7.923175E-02 .0792831 7.928561E-02 7.928502E-02 7.927334E-02 7.927522E-02 7.927694E-02 7.927667E-02 7.927335E-02 .0792747 7.929847E-02 7.929802E-02 7.933029E-02 7.932732E-02 7.932746E-02 7.932594E-02 .0793253 7.931884E-02 7.931531E-02 7.931444E-02 7.930958E-02 7.930616E-02 7.930204E-02 7.929894E-02 7.929459E-02 7.929173E-02 7.927036E-02
