inputs/Middelgrunden/Resource grid 1   Sector 8   Height 64m   Sector frequency.grd
DSAA
 111           201 
 728800        731000
 6176000       6180000
 .0940415      9.693906E-02
[rows 48 to 71 of 201, columns 0 to 52 of 111]
9.450908E-02 9.438283E-02 9.440624E-02 9.441123E-02 9.441285E-02 9.442022E-02 9.440961E-02 9.426857E-02 9.425537E-02 9.427377E-02 .0942795 9.427802E-02 9.427276E-02 9.435081E-02 9.433705E-02 9.433182E-02 9.435916E-02 9.435709E-02 .0943442 9.432717E-02 9.433065E-02 9.433278E-02 .0943488 9.435855E-02 9.436212E-02 9.437516E-02 .0943877 9.437892E-02 9.437544E-02 9.439191E-02 9.443136E-02 9.444557E-02 9.445619E-02 9.447502E-02 9.448965E-02 9.437858E-02 9.440058E-02 9.440985E-02 9.442762E-02 9.444391E-02 9.446631E-02 9.449209E-02 9.451263E-02 9.452882E-02 9.462404E-02 9.464292E-02 9.465323E-02 9.484089E-02 .0948517 9.485521E-02 9.487274E-02 9.488539E-02 9.489704E-02
9.447798E-02 9.435756E-02 9.436087E-02 9.437514E-02 9.437234E-02 .0943864 9.438835E-02 .0943796 9.422772E-02 9.424267E-02 9.426298E-02 9.428148E-02 9.433066E-02 9.433586E-02 9.434299E-02 .0943239 9.435686E-02 9.435748E-02 9.434256E-02 9.432343E-02 9.431928E-02 9.432214E-02 9.434834E-02 9.435453E-02 9.436123E-02 9.436863E-02 9.437652E-02 9.437957E-02 9.438439E-02 9.438361E-02 9.441119E-02 9.443795E-02 9.445015E-02 9.446577E-02 9.447558E-02 .094485 9.437867E-02 9.439527E-02 9.441619E-02 9.443524E-02 9.445368E-02 9.447572E-02 9.450477E-02 9.458508E-02 9.460304E-02 9.462129E-02 .0946345 9.465414E-02 9.484541E-02 9.484965E-02 9.485533E-02 9.487318E-02 9.488852E-02
9.445188E-02 9.446415E-02 9.433246E-02 9.434137E-02 9.433922E-02 9.434623E-02 9.435342E-02 9.434733E-02 9.436283E-02 9.422433E-02 9.423597E-02 9.426251E-02 9.432574E-02 9.431746E-02 9.433095E-02 9.431914E-02 9.435377E-02 9.434529E-02 .0943504 9.432132E-02 9.432127E-02 9.433248E-02 9.433471E-02 9.434813E-02 9.435929E-02 9.437032E-02 9.437584E-02 9.436812E-02 9.438393E-02 9.438975E-02 9.440101E-02 9.441815E-02 9.443953E-02 9.445295E-02 9.446543E-02 9.447259E-02 .0943647 .0943891 9.440602E-02 9.442159E-02 9.444488E-02 9.445801E-02 9.448116E-02 9.456979E-02 9.458812E-02 9.460586E-02 9.462785E-02 9.464345E-02 9.483419E-02 9.483872E-02 9.484752E-02 9.486517E-02 9.487952E-02
9.442482E-02 9.443754E-02 .094302 9.430395E-02 .0943093 .0943056 .0943178 9.432283E-02 9.433018E-02 9.436781E-02 9.421519E-02 9.423289E-02 9.432377E-02 9.430365E-02 9.431753E-02 9.431478E-02 9.434409E-02 9.433463E-02 9.435014E-02 .0943193 .0943186 9.431997E-02 9.433492E-02 9.434209E-02 .0943519 9.436497E-02 9.437802E-02 9.436215E-02 9.437652E-02 .0943872 9.439754E-02 9.440973E-02 9.442455E-02 9.443788E-02 9.444885E-02 .0944714 9.448654E-02 9.437518E-02 9.439464E-02 9.440607E-02 9.441777E-02 9.443977E-02 .0944626 9.455656E-02 9.457981E-02 9.459692E-02 9.461695E-02 9.463321E-02 9.481731E-02 9.481899E-02 9.483616E-02 9.484807E-02 9.486231E-02
9.439521E-02 9.440028E-02 9.440415E-02 9.427401E-02 9.428291E-02 9.427693E-02 9.427892E-02 9.429415E-02 9.431142E-02 9.432735E-02 9.419867E-02 9.420806E-02 9.430065E-02 9.430976E-02 9.429822E-02 9.430051E-02 9.434384E-02 .0943331 9.433886E-02 9.433191E-02 .0943145 9.431996E-02 9.432557E-02 9.434214E-02 9.434743E-02 9.435418E-02 9.437208E-02 9.436122E-02 9.437312E-02 9.438085E-02 9.439195E-02 9.441055E-02 9.441032E-02 9.442975E-02 9.445247E-02 9.446672E-02 9.446955E-02 .0943566 9.437235E-02 9.439367E-02 9.441022E-02 9.443055E-02 9.445681E-02 9.454308E-02 9.457108E-02 .0945908 9.460354E-02 9.462374E-02 9.480391E-02 9.481318E-02 9.481858E-02 9.483799E-02 9.486008E-02
9.436342E-02 9.436622E-02 9.437996E-02 9.424565E-02 9.424749E-02 9.425236E-02 .0942468 .0942688 9.427734E-02 9.429768E-02 9.434002E-02 9.419875E-02 9.427413E-02 9.429357E-02 9.428788E-02 9.429452E-02 9.429871E-02 9.433876E-02 9.433141E-02 9.432681E-02 9.432466E-02 9.432838E-02 9.432372E-02 9.433015E-02 9.434262E-02 9.435163E-02 9.436298E-02 .0943612 9.436709E-02 9.436968E-02 9.438662E-02 9.440807E-02 9.442022E-02 9.442744E-02 9.444122E-02 9.445088E-02 9.446067E-02 9.447011E-02 9.436523E-02 9.438807E-02 9.440866E-02 9.442461E-02 9.444808E-02 9.453823E-02 9.455507E-02 9.457328E-02 9.457989E-02 9.460235E-02 9.461942E-02 9.480739E-02 9.481148E-02 9.483432E-02 9.485374E-02
9.434444E-02 9.433634E-02 .0943439 9.421213E-02 9.421405E-02 9.422411E-02 9.422053E-02 .0942334 9.426589E-02 9.428184E-02 .0943066 9.440539E-02 9.425556E-02 9.428225E-02 9.428419E-02 .0942873 9.428961E-02 9.433474E-02 .0943233 9.432967E-02 9.432773E-02 9.432545E-02 9.433577E-02 9.432591E-02 9.434959E-02 9.434858E-02 9.435903E-02 9.435187E-02 9.436927E-02 9.437056E-02 9.438222E-02 9.439909E-02 9.441904E-02 9.441362E-02 9.442125E-02 9.444273E-02 9.445792E-02 9.447544E-02 9.436698E-02 9.438331E-02 9.440398E-02 9.442061E-02 9.450734E-02 .0945215 9.453829E-02 9.455529E-02 9.457783E-02 9.459019E-02 9.460729E-02 9.479895E-02 9.480537E-02 9.483293E-02 .0948528
9.426819E-02 9.430193E-02 .0943014 9.430861E-02 9.419178E-02 9.420095E-02 9.419684E-02 9.420827E-02 9.425142E-02 9.426515E-02 9.427772E-02 9.438805E-02 9.438603E-02 9.425101E-02 9.427027E-02 9.427718E-02 9.427558E-02 9.432509E-02 9.431947E-02 .0943331 .094326 9.432867E-02 9.432296E-02 9.432182E-02 9.433699E-02 9.435463E-02 9.435433E-02 9.434928E-02 9.436496E-02 9.437613E-02 .0943771 9.438813E-02 9.440489E-02 9.442033E-02 9.442595E-02 9.443982E-02 9.445697E-02 9.447578E-02 9.436516E-02 9.437427E-02 9.438802E-02 9.440266E-02 9.448907E-02 9.451167E-02 9.453446E-02 9.455003E-02 9.456754E-02 9.458729E-02 9.460336E-02 9.479652E-02 .094803 9.482244E-02 9.492615E-02
9.423492E-02 9.422899E-02 9.422022E-02 9.428677E-02 9.416328E-02 9.416617E-02 9.418236E-02 9.419572E-02 9.422255E-02 9.425002E-02 9.426264E-02 .094363 .0943846 9.422651E-02 9.423729E-02 9.426331E-02 9.426212E-02 9.432019E-02 9.432619E-02 9.432082E-02 9.432357E-02 9.432323E-02 9.433195E-02 .0943236 9.432534E-02 9.434541E-02 9.435704E-02 9.433279E-02 9.435014E-02 9.437189E-02 9.437704E-02 9.438257E-02 9.439932E-02 9.441982E-02 9.443837E-02 9.444553E-02 .0944486 9.445529E-02 9.446733E-02 9.436228E-02 9.437847E-02 9.440278E-02 9.448611E-02 9.450709E-02 9.452578E-02 9.454786E-02 9.456448E-02 9.457643E-02 9.460466E-02 9.462398E-02 9.479585E-02 9.488889E-02 9.490515E-02
9.420299E-02 9.420654E-02 9.419969E-02 9.421059E-02 9.408897E-02 9.415314E-02 .0941733 9.418239E-02 9.420595E-02 9.423529E-02 .0942494 9.434628E-02 9.436077E-02 9.436974E-02 9.421771E-02 9.425088E-02 .0942676 9.426738E-02 9.431992E-02 9.431697E-02 9.431893E-02 9.431669E-02 .0943242 9.431874E-02 9.432931E-02 9.433291E-02 9.432051E-02 .0943227 9.434082E-02 9.435851E-02 9.438029E-02 9.438518E-02 9.439817E-02 9.442085E-02 9.442601E-02 9.443492E-02 9.443793E-02 9.444536E-02 9.446249E-02 9.436085E-02 9.437262E-02 .0943924 9.447967E-02 .0945014 9.452169E-02 9.454088E-02 9.456393E-02 9.457014E-02 9.458682E-02 9.461221E-02 .0948785 9.488165E-02 9.489264E-02
9.419587E-02 9.419993E-02 9.418061E-02 9.417786E-02 .0941894 9.407264E-02 9.410403E-02 9.417007E-02 .0941919 9.421196E-02 .0943016 9.432032E-02 9.433358E-02 .0943553 9.436315E-02 9.422286E-02 9.425088E-02 9.425783E-02 9.430762E-02 9.430721E-02 9.430265E-02 9.431597E-02 9.431567E-02 9.432237E-02 9.431645E-02 9.432463E-02 9.431505E-02 9.433798E-02 .0943333 9.435279E-02 .094377 9.439256E-02 9.439435E-02 9.440567E-02 9.441879E-02 9.442829E-02 9.444819E-02 9.445027E-02 9.445658E-02 .0944785 9.436908E-02 9.438684E-02 9.447512E-02 9.449091E-02 9.451379E-02 9.453259E-02 9.454691E-02 9.457061E-02 9.458838E-02 9.467778E-02 9.486464E-02 9.487163E-02 9.488635E-02
9.419271E-02 9.419281E-02 .0941821 9.416457E-02 9.417768E-02 9.405413E-02 .0940762 .0941041 9.417184E-02 9.419826E-02 .0942888 .094311 9.432579E-02 9.433265E-02 9.435589E-02 9.435888E-02 9.422679E-02 9.424344E-02 9.429618E-02 9.430265E-02 9.429315E-02 9.430143E-02 9.429826E-02 9.430855E-02 9.431937E-02 9.432116E-02 9.431403E-02 9.432498E-02 9.434433E-02 9.434302E-02 9.435964E-02 9.438301E-02 9.439529E-02 9.441397E-02 9.442216E-02 9.443025E-02 9.444751E-02 9.446031E-02 9.445854E-02 9.446974E-02 .0943625 9.437817E-02 9.446628E-02 9.448907E-02 9.450767E-02 9.452991E-02 9.454365E-02 9.457165E-02 9.466593E-02 9.467139E-02 .0946835 9.485923E-02 .0948192
9.418746E-02 9.418376E-02 9.418633E-02 9.416441E-02 9.416116E-02 .0940415 9.406591E-02 9.408862E-02 9.411363E-02 .0941302 9.426466E-02 9.428868E-02 9.430699E-02 9.432323E-02 9.434132E-02 9.435016E-02 9.421479E-02 9.422907E-02 9.428565E-02 9.429692E-02 9.427421E-02 9.429315E-02 9.429482E-02 9.430394E-02 9.431972E-02 9.431808E-02 9.430613E-02 9.431358E-02 9.432409E-02 9.433798E-02 9.435463E-02 .0943752 9.439108E-02 9.441014E-02 9.442588E-02 9.443027E-02 9.443714E-02 9.445364E-02 9.445807E-02 9.446304E-02 9.447558E-02 9.444362E-02 9.446641E-02 9.449515E-02 9.450784E-02 9.451938E-02 9.453583E-02 9.464058E-02 9.465592E-02 9.467006E-02 9.467445E-02 9.478713E-02 9.480742E-02
9.417786E-02 9.417414E-02 9.417933E-02 9.416614E-02 9.414604E-02 9.416055E-02 9.405378E-02 9.407156E-02 9.410763E-02 9.411281E-02 9.420338E-02 9.424057E-02 9.429697E-02 9.430971E-02 9.431852E-02 9.433042E-02 9.434924E-02 9.421372E-02 9.422188E-02 9.429617E-02 9.427397E-02 9.429457E-02 9.429363E-02 9.429656E-02 9.430276E-02 9.431032E-02 9.429531E-02 9.431761E-02 .094325 9.433627E-02 9.435081E-02 .0943654 9.438573E-02 9.439673E-02 9.442027E-02 9.441821E-02 9.443114E-02 9.445137E-02 9.446876E-02 9.447735E-02 9.447806E-02 .094441 9.446328E-02 9.449043E-02 9.451045E-02 9.451754E-02 9.460808E-02 9.462211E-02 9.463835E-02 9.459434E-02 9.461574E-02 9.477905E-02 9.479621E-02
9.417974E-02 9.416969E-02 .0941663 9.415609E-02 .094147 9.415636E-02 9.404829E-02 9.406322E-02 9.409679E-02 9.417284E-02 9.419927E-02 9.422042E-02 9.424514E-02 9.426153E-02 9.430522E-02 9.431824E-02 9.433538E-02 9.435399E-02 9.421343E-02 9.427944E-02 9.427244E-02 9.427312E-02 9.428664E-02 9.428763E-02 9.429951E-02 .0943118 9.429736E-02 9.431396E-02 9.432667E-02 .094333 .09435 9.435443E-02 9.437106E-02 9.438749E-02 9.441305E-02 9.443075E-02 9.443285E-02 9.444864E-02 9.446815E-02 .0944835 .0944896 9.443975E-02 9.445804E-02 .0944841 9.450803E-02 9.459346E-02 9.460003E-02 9.455251E-02 9.457261E-02 9.459116E-02 9.460759E-02 9.477963E-02 9.478791E-02
9.418526E-02 9.416571E-02 9.416097E-02 9.415512E-02 9.414097E-02 9.415146E-02 9.416179E-02 9.405445E-02 9.407997E-02 9.417623E-02 9.418773E-02 9.420569E-02 9.423686E-02 9.425209E-02 9.427489E-02 9.431223E-02 9.433146E-02 9.435266E-02 9.435116E-02 .0942542 .0942627 9.426328E-02 .0942862 9.428205E-02 9.429349E-02 .0943085 9.429377E-02 9.429424E-02 9.430671E-02 9.431972E-02 9.433469E-02 9.436017E-02 9.436429E-02 9.438384E-02 9.440508E-02 9.443545E-02 9.444275E-02 9.444457E-02 9.445922E-02 9.447745E-02 9.449345E-02 9.456722E-02 9.445223E-02 9.447946E-02 9.457296E-02 9.452284E-02 9.453739E-02 9.455092E-02 9.457292E-02 9.458637E-02 9.460272E-02 9.461953E-02 .0947888
9.418599E-02 9.416658E-02 9.415917E-02 9.415671E-02 9.413712E-02 .0941499 9.416819E-02 9.405246E-02 9.408266E-02 9.417626E-02 9.417792E-02 9.420219E-02 9.422238E-02 .0942548 9.427384E-02 .0942809 9.428307E-02 9.433478E-02 9.434261E-02 9.424816E-02 9.426627E-02 9.425644E-02 9.427258E-02 9.427564E-02 9.426723E-02 9.428436E-02 9.428155E-02 9.429001E-02 9.430417E-02 9.431998E-02 .0943304 9.435102E-02 9.436578E-02 9.438187E-02 9.439731E-02 9.441852E-02 9.443549E-02 .0944467 9.445449E-02 9.447394E-02 9.449295E-02 9.457856E-02 9.445776E-02 9.455644E-02 9.450509E-02 9.452745E-02 9.453912E-02 9.455125E-02 .0945668 9.458092E-02 9.459461E-02 9.461247E-02 9.478303E-02
.0941839 9.416876E-02 9.414836E-02 9.414752E-02 9.414741E-02 9.415447E-02 9.417591E-02 9.406059E-02 .0940783 9.415803E-02 9.418041E-02 9.421107E-02 .0942217 9.424701E-02 9.426288E-02 .0942812 9.428198E-02 9.430596E-02 .0943156 9.435906E-02 9.424772E-02 9.423606E-02 9.425063E-02 9.427677E-02 9.426361E-02 9.425449E-02 .0942755 9.428609E-02 9.429782E-02 9.431271E-02 9.433001E-02 9.434186E-02 9.435975E-02 .0943668 9.438258E-02 9.440693E-02 .0944326 9.445327E-02 9.446094E-02 9.447672E-02 9.449758E-02 9.457941E-02 9.461021E-02 9.448865E-02 9.450755E-02 9.452453E-02 9.454321E-02 9.455474E-02 9.456035E-02 9.457579E-02 9.458791E-02 9.460033E-02 9.477125E-02
9.417939E-02 9.416154E-02 9.415276E-02 9.414928E-02 9.414521E-02 9.415655E-02 .0941753 9.419587E-02 9.415749E-02 9.415538E-02 9.417762E-02 9.420241E-02 9.422006E-02 9.423829E-02 9.426741E-02 9.427837E-02 9.428547E-02 9.428897E-02 9.431253E-02 9.431838E-02 9.439121E-02 9.423648E-02 9.424824E-02 9.426632E-02 9.427527E-02 9.424931E-02 9.426828E-02 9.428393E-02 .0942985 9.430389E-02 9.431848E-02 9.433168E-02 9.434427E-02 9.437213E-02 9.438205E-02 9.440356E-02 9.443095E-02 9.445636E-02 9.448214E-02 9.448535E-02 9.450969E-02 .0945937 9.460411E-02 9.448467E-02 9.450354E-02 9.452039E-02 9.453987E-02 9.455197E-02 9.455808E-02 9.456597E-02 9.457918E-02 9.459358E-02 9.459314E-02
9.417881E-02 9.416322E-02 9.413917E-02 9.413759E-02 9.416253E-02 9.417499E-02 9.417592E-02 9.419776E-02 9.415534E-02 .0941629 9.417976E-02 9.420349E-02 9.422506E-02 9.422919E-02 9.425715E-02 9.427149E-02 9.427867E-02 9.428375E-02 9.431104E-02 9.431796E-02 9.436193E-02 9.434656E-02 9.423454E-02 9.425821E-02 9.427455E-02 .094246 9.426216E-02 9.428136E-02 9.429274E-02 9.430961E-02 9.431321E-02 .0943254 9.434042E-02 9.436506E-02 9.438936E-02 9.440251E-02 9.443828E-02 9.446009E-02 9.442375E-02 9.444574E-02 9.458175E-02 9.459495E-02 9.459922E-02 9.460945E-02 9.450278E-02 9.451252E-02 9.452967E-02 9.454503E-02 9.455173E-02 9.456188E-02 9.456893E-02 9.458332E-02 9.458876E-02
9.416675E-02 9.414598E-02 9.413839E-02 9.413927E-02 9.415664E-02 .0941686 9.417865E-02 9.419919E-02 9.416288E-02 9.417377E-02 9.417406E-02 9.420101E-02 9.421965E-02 9.422486E-02 9.424226E-02 9.427173E-02 9.428461E-02 9.428404E-02 9.429403E-02 9.431454E-02 9.435879E-02 9.433994E-02 9.418739E-02 9.422386E-02 9.426873E-02 9.425405E-02 .0942549 9.427974E-02 9.429689E-02 9.431131E-02 9.431937E-02 9.432762E-02 9.434795E-02 9.436521E-02 9.438812E-02 9.441168E-02 9.443656E-02 9.439683E-02 9.441808E-02 9.451321E-02 9.459902E-02 9.459827E-02 9.460129E-02 9.461039E-02 9.450052E-02 9.451085E-02 9.452237E-02 9.453933E-02 9.455009E-02 9.456018E-02 9.457353E-02 9.458563E-02 9.459431E-02
9.417257E-02 9.414224E-02 9.412625E-02 9.412473E-02 .0941549 9.417096E-02 9.417653E-02 9.419578E-02 9.428699E-02 9.416339E-02 9.417459E-02 9.420476E-02 9.421682E-02 9.422544E-02 9.424081E-02 9.426739E-02 9.428004E-02 9.428167E-02 9.428757E-02 9.430743E-02 9.431843E-02 9.435131E-02 9.434084E-02 9.421252E-02 9.423958E-02 9.422807E-02 9.426107E-02 9.427628E-02 9.429581E-02 9.431329E-02 9.432901E-02 9.433933E-02 9.435526E-02 9.437952E-02 9.439574E-02 9.435583E-02 9.437025E-02 9.446624E-02 9.448434E-02 9.450325E-02 9.458987E-02 .0945918 9.459265E-02 9.460691E-02 9.449823E-02 9.451617E-02 9.453207E-02 9.453454E-02 .0945505 9.456266E-02 9.458039E-02 9.459324E-02 9.460833E-02
9.416351E-02 9.413996E-02 9.413047E-02 9.411655E-02 9.414194E-02 9.417166E-02 9.417617E-02 .0941876 9.428515E-02 9.417032E-02 9.417578E-02 9.418056E-02 .094211 9.422207E-02 9.422889E-02 9.424445E-02 9.427122E-02 9.428649E-02 .0942831 9.430216E-02 .0943262 9.435529E-02 9.435235E-02 9.434625E-02 .0942394 9.424584E-02 9.424011E-02 9.427243E-02 9.429687E-02 9.431625E-02 9.433839E-02 9.436015E-02 9.436657E-02 9.432414E-02 9.434097E-02 9.435842E-02 9.445602E-02 9.446263E-02 9.447683E-02 9.449581E-02 9.457783E-02 9.459019E-02 9.459721E-02 .0946044 9.461538E-02 9.450743E-02 9.452967E-02 9.454124E-02 9.455319E-02 9.456663E-02 9.458357E-02 9.459741E-02 9.461069E-02
9.416233E-02 9.413453E-02 9.412162E-02 9.411992E-02 .0941439 9.416628E-02 9.417366E-02 9.425271E-02 9.427298E-02 9.416638E-02 9.416721E-02 9.418247E-02 9.420855E-02 9.421797E-02 .0942236 9.424146E-02 9.426924E-02 9.428624E-02 9.428944E-02 9.430049E-02 9.431732E-02 9.436038E-02 9.436999E-02 9.434951E-02 9.437929E-02 9.424464E-02 9.424834E-02 9.425163E-02 9.427211E-02 9.432022E-02 9.434273E-02 9.436608E-02 9.431113E-02 9.432517E-02 9.433886E-02 9.442237E-02 9.444301E-02 9.446574E-02 .0944714 9.455416E-02 9.457275E-02 9.458684E-02 9.460844E-02 .0946117 9.462462E-02 9.451041E-02 9.452565E-02 9.454362E-02 9.455509E-02 9.457625E-02 9.458286E-02 9.459692E-02 9.461291E-02
