inputs/Middelgrunden/Resource grid 1   Sector 12   Height 64m   Weibull-A.grd
DSAA
 111           201 
 728800        731000
 6176000       6180000
 6.590877      7.378915
[rows 84 to 111 of 201, columns 0 to 62 of 111]
7.04092 7.046011 7.051395 7.068666 7.085409 7.08438 7.080608 7.085169 7.092734 7.104276 7.104041 7.109358 7.111221 7.114467 7.11818 7.121812 7.120512 7.125465 7.130854 7.141709 7.149728 7.152943 7.156656 7.160611 7.164042 7.162693 7.164953 7.167865 7.173954 7.176508 7.179415 7.178162 7.179973 7.185646 7.188823 7.210896 7.213474 7.215454 7.217555 7.219319 7.220913 7.228692 7.230282 7.232343 7.234777 7.230084 7.232028 7.233838 7.238975 7.242789 7.246752 7.250407 7.255066 7.256728 7.258415 7.259704 7.264005 7.265296 7.267016 7.269436 7.271493 7.273246 7.274918
7.041667 7.046853 7.063992 7.072063 7.086693 7.075668 7.081315 7.087236 7.093701 7.100662 7.104758 7.10808 7.111099 7.115066 7.118647 7.117324 7.122119 7.127043 7.137637 7.146161 7.150439 7.150203 7.157574 7.16151 7.16028 7.162564 7.165333 7.17157 7.173662 7.177037 7.175499 7.176782 7.182632 7.185919 7.189617 7.211223 7.213405 7.215319 7.217243 7.219076 7.220661 7.22846 7.230473 7.232967 7.234985 7.230279 7.232121 7.237 7.240942 7.244878 7.248506 7.25363 7.255239 7.256927 7.258471 7.262742 7.26414 7.265548 7.267827 7.27015 7.271883 7.273452 7.275239
7.042521 7.046674 7.064416 7.08172 7.08813 7.077837 7.081172 7.090032 7.095739 7.101024 7.104499 7.107899 7.111797 7.115526 7.11421 7.119033 7.123306 7.133563 7.142001 7.147721 7.14749 7.151434 7.158828 7.157982 7.160183 7.162748 7.165444 7.171222 7.174314 7.172921 7.173574 7.177138 7.182875 7.186722 7.208812 7.211215 7.21315 7.215323 7.217027 7.218826 7.226627 7.22867 7.23099 7.233196 7.228219 7.23026 7.233258 7.238961 7.243196 7.24691 7.251908 7.253808 7.255414 7.257126 7.261655 7.262864 7.264266 7.266196 7.26865 7.270408 7.272253 7.273934 7.275749
7.042316 7.046873 7.076657 7.083142 7.072043 7.077749 7.083322 7.091863 7.097361 7.101661 7.104664 7.108689 7.112212 7.116086 7.115961 7.11945 7.125271 7.136375 7.144305 7.144478 7.148485 7.15607 7.155366 7.157779 7.160359 7.162947 7.168924 7.171513 7.173621 7.170556 7.174098 7.179523 7.183581 7.187799 7.209063 7.211026 7.212986 7.215091 7.216718 7.224798 7.226836 7.229111 7.231154 7.233619 7.22822 7.23123 7.236867 7.241272 7.245056 7.248554 7.252238 7.254013 7.255713 7.260307 7.261775 7.262974 7.264805 7.267151 7.269014 7.270787 7.272551 7.27432 7.276232
7.04247 7.061338 7.078151 7.073571 7.074056 7.078795 7.086222 7.091905 7.096796 7.101509 7.104811 7.109055 7.112919 7.112863 7.116252 7.121369 7.132463 7.140562 7.14115 7.145515 7.149646 7.152997 7.155345 7.157859 7.160286 7.166416 7.169047 7.171035 7.169441 7.171105 7.176566 7.180285 7.184731 7.206512 7.208883 7.210855 7.213102 7.214723 7.222665 7.224897 7.227242 7.229397 7.231805 7.226583 7.228991 7.234831 7.239211 7.243232 7.246843 7.250938 7.252417 7.254184 7.25907 7.260492 7.262004 7.2635 7.265503 7.267488 7.269373 7.271145 7.273022 7.27476 7.276745
7.043104 7.063361 7.07218 7.075379 7.073678 7.079238 7.088104 7.094097 7.09697 7.101228 7.105737 7.109667 7.10953 7.119121 7.123765 7.128828 7.136888 7.142015 7.142155 7.146781 7.150148 7.152945 7.155372 7.15775 7.160305 7.166644 7.168175 7.166659 7.167752 7.173731 7.177127 7.181464 7.18545 7.206621 7.208645 7.210645 7.212746 7.214393 7.222745 7.225277 7.227313 7.229896 7.23169 7.22705 7.232533 7.237071 7.241396 7.245025 7.249487 7.251181 7.252837 7.254501 7.259235 7.260681 7.262263 7.264157 7.266061 7.267838 7.269748 7.271543 7.273511 7.275481 7.277329
7.045011 7.066073 7.069581 7.069949 7.074973 7.082019 7.088353 7.093121 7.102181 7.102415 7.106503 7.106074 7.116435 7.120071 7.120325 7.13114 7.13906 7.139153 7.143393 7.147203 7.150355 7.153085 7.15533 7.157781 7.164303 7.165709 7.163953 7.164459 7.168177 7.174001 7.178253 7.182709 7.202064 7.206504 7.208512 7.210752 7.212448 7.220826 7.223194 7.225779 7.227874 7.22999 7.224886 7.230443 7.234738 7.239304 7.243198 7.248001 7.249649 7.251304 7.253025 7.257955 7.259387 7.261106 7.262881 7.264388 7.266398 7.268335 7.270151 7.272137 7.274049 7.276094 7.278083
7.061466 7.064445 7.072059 7.076073 7.075396 7.082705 7.089147 7.091799 7.098693 7.103199 7.108814 7.11298 7.116758 7.116121 7.127329 7.133722 7.136127 7.140461 7.143994 7.147458 7.150331 7.152722 7.155379 7.156655 7.16314 7.161083 7.161358 7.165045 7.171007 7.175122 7.179843 7.182989 7.204322 7.206313 7.208326 7.210498 7.21887 7.221289 7.223565 7.22581 7.228169 7.230264 7.22658 7.232506 7.237334 7.241209 7.246411 7.248211 7.249849 7.251506 7.256649 7.258159 7.259729 7.261581 7.263075 7.26496 7.266708 7.268608 7.270514 7.272676 7.274817 7.276819 7.278862
7.075322 7.065822 7.071105 7.070496 7.078165 7.084824 7.088903 7.099689 7.099821 7.104673 7.109562 7.1134 7.118226 7.123528 7.129763 7.133315 7.137293 7.140912 7.144194 7.147579 7.149953 7.152761 7.154284 7.160685 7.158639 7.157921 7.161797 7.167871 7.171879 7.176586 7.180231 7.183081 7.204141 7.206164 7.208316 7.216881 7.219322 7.221608 7.223609 7.22614 7.228371 7.224649 7.230548 7.235016 7.239384 7.244576 7.246725 7.248394 7.250068 7.25541 7.256956 7.258574 7.260283 7.261871 7.263295 7.265298 7.267037 7.26899 7.271326 7.273314 7.275509 7.277422 7.279732
7.060122 7.067622 7.071596 7.07161 7.078966 7.084894 7.088254 7.096201 7.101364 7.10628 7.1102 7.114108 7.114766 7.125808 7.130035 7.133426 7.137867 7.141203 7.144531 7.147233 7.150108 7.151707 7.158353 7.156137 7.155165 7.158397 7.162024 7.168715 7.173419 7.17742 7.180487 7.202005 7.203982 7.206053 7.208439 7.217267 7.219651 7.22151 7.224024 7.226537 7.229725 7.228663 7.233151 7.237426 7.242789 7.244908 7.246928 7.248589 7.254076 7.255506 7.25716 7.259133 7.260614 7.262026 7.26391 7.265639 7.267458 7.269852 7.271962 7.274157 7.276211 7.278195 7.280088
7.062561 7.067513 7.066715 7.078057 7.079273 7.083874 7.099825 7.097867 7.10307 7.106731 7.110705 7.116631 7.121997 7.128153 7.130236 7.134851 7.138187 7.141531 7.144444 7.147081 7.148974 7.155829 7.15386 7.152779 7.154589 7.158819 7.165455 7.17026 7.174645 7.177686 7.180285 7.20189 7.203875 7.205956 7.215267 7.217682 7.219468 7.222146 7.224454 7.227605 7.226491 7.231148 7.235723 7.241076 7.243307 7.24524 7.24715 7.252723 7.254152 7.255636 7.257738 7.259373 7.260702 7.262377 7.264206 7.266001 7.268471 7.270514 7.272842 7.274934 7.276872 7.278818 7.28009
7.063478 7.062376 7.067789 7.074697 7.080824 7.093782 7.094578 7.099756 7.103438 7.107384 7.112629 7.119313 7.124313 7.12707 7.131685 7.135098 7.138484 7.141797 7.14407 7.146213 7.147613 7.151169 7.152244 7.151659 7.155635 7.162282 7.167153 7.171631 7.175008 7.177705 7.19734 7.201626 7.203746 7.21316 7.215664 7.217436 7.220114 7.222362 7.225556 7.229828 7.229072 7.233828 7.23725 7.241837 7.243526 7.245486 7.247472 7.252944 7.254381 7.256223 7.258188 7.259537 7.260955 7.262749 7.264544 7.266845 7.26912 7.271311 7.27361 7.275562 7.277344 7.278769 7.28003
7.063479 7.063078 7.074546 7.074862 7.081678 7.090534 7.095588 7.100093 7.104177 7.108755 7.115043 7.120399 7.123498 7.127824 7.13209 7.13544 7.138857 7.141455 7.143251 7.144933 7.148292 7.15129 7.14888 7.152079 7.158944 7.164 7.168501 7.17206 7.175159 7.177517 7.199417 7.201552 7.210822 7.213666 7.215462 7.217988 7.22029 7.223323 7.227627 7.226862 7.2317 7.23558 7.240481 7.24208 7.24397 7.245725 7.251722 7.253153 7.254972 7.256708 7.258262 7.259623 7.261294 7.263071 7.265401 7.267638 7.269928 7.272277 7.274319 7.275876 7.277406 7.278659 7.280048
7.058423 7.069468 7.07381 7.07685 7.090826 7.091711 7.09678 7.100687 7.105154 7.11097 7.117423 7.119563 7.12458 7.128278 7.13229 7.135812 7.138657 7.140537 7.141851 7.143363 7.148479 7.146076 7.148629 7.15579 7.160675 7.165282 7.169248 7.172431 7.175026 7.194626 7.199316 7.20213 7.211627 7.213477 7.215869 7.218299 7.221333 7.225304 7.230237 7.229532 7.233785 7.239149 7.240751 7.242327 7.244249 7.249976 7.251908 7.253615 7.255396 7.25686 7.258341 7.259889 7.261888 7.263942 7.266198 7.268549 7.270884 7.273121 7.274746 7.276047 7.277404 7.278677 7.300544
7.064616 7.069186 7.076025 7.086858 7.087502 7.093277 7.097162 7.101584 7.106802 7.113522 7.1162 7.121381 7.125038 7.129105 7.13271 7.135562 7.137862 7.139155 7.140341 7.14592 7.146891 7.144872 7.151994 7.157369 7.162154 7.166426 7.169508 7.17246 7.174789 7.196929 7.199789 7.209138 7.211455 7.213712 7.216186 7.219193 7.22308 7.227902 7.227426 7.231863 7.237527 7.239409 7.241048 7.242771 7.248684 7.250279 7.252216 7.25405 7.255552 7.256862 7.258476 7.26018 7.262591 7.264859 7.266999 7.269515 7.271758 7.273745 7.274599 7.27617 7.277387 7.279009 7.300992
7.06454 7.07116 7.079286 7.088696 7.094318 7.09375 7.097836 7.102713 7.109398 7.115842 7.117449 7.121735 7.125635 7.129627 7.132277 7.135087 7.136455 7.13754 7.142879 7.144289 7.141897 7.14551 7.153602 7.158874 7.16355 7.16656 7.169757 7.172238 7.174404 7.197418 7.206655 7.209737 7.211577 7.214108 7.217128 7.220778 7.225637 7.230587 7.229824 7.2358 7.237913 7.239708 7.241353 7.247313 7.248932 7.250453 7.252532 7.254179 7.255554 7.256895 7.258723 7.261206 7.263379 7.265711 7.267982 7.270264 7.2726 7.273539 7.274739 7.276103 7.277763 7.29987 7.301869
7.065639 7.073903 7.084534 7.090136 7.090158 7.094013 7.099136 7.105157 7.111773 7.113232 7.118263 7.122291 7.126385 7.129166 7.132152 7.133788 7.134684 7.140043 7.14132 7.142675 7.141982 7.149854 7.15556 7.160149 7.163825 7.166769 7.169543 7.171921 7.194944 7.201695 7.207262 7.20962 7.212016 7.215031 7.218497 7.223442 7.228338 7.227416 7.233969 7.236319 7.238192 7.240032 7.246118 7.247533 7.249087 7.250918 7.252656 7.254294 7.255561 7.257206 7.259451 7.262104 7.264235 7.266462 7.268858 7.271107 7.272401 7.273406 7.274817 7.276379 7.278119 7.300382 7.302087
7.069056 7.079289 7.085557 7.093126 7.090241 7.09536 7.100844 7.107643 7.107496 7.115114 7.119061 7.123202 7.125932 7.128931 7.130869 7.131808 7.137031 7.138471 7.139677 7.138266 7.14646 7.151607 7.156735 7.160885 7.163985 7.166741 7.169302 7.172369 7.195484 7.202217 7.207078 7.209999 7.212846 7.216096 7.221122 7.226095 7.230876 7.231911 7.234633 7.236612 7.238446 7.244799 7.246263 7.247795 7.249557 7.251069 7.252795 7.254227 7.255752 7.257808 7.260684 7.262771 7.265096 7.267256 7.26977 7.271211 7.272126 7.273597 7.275094 7.276837 7.299314 7.301109 7.302363
7.072628 7.080764 7.089099 7.086761 7.09179 7.09667 7.103435 7.103502 7.111445 7.115902 7.120371 7.122839 7.125696 7.128126 7.129064 7.130044 7.135587 7.136897 7.134677 7.142979 7.148021 7.153149 7.157703 7.161065 7.164135 7.166748 7.169684 7.190778 7.199825 7.204623 7.207683 7.210803 7.213781 7.218782 7.223864 7.228614 7.23003 7.232864 7.234969 7.236854 7.238665 7.245052 7.246483 7.248096 7.24964 7.25116 7.252568 7.254257 7.256361 7.258814 7.261428 7.263605 7.26581 7.26834 7.269863 7.270943 7.27213 7.27378 7.275555 7.27728 7.299725 7.301411 7.302657
7.074109 7.08281 7.090083 7.087989 7.093042 7.099103 7.099368 7.107634 7.113268 7.117673 7.119647 7.122483 7.124881 7.126248 7.127318 7.132793 7.134134 7.131668 7.139175 7.144706 7.149369 7.154514 7.157927 7.161248 7.164006 7.167153 7.170334 7.197507 7.199801 7.204954 7.208677 7.211712 7.216466 7.221587 7.226424 7.232603 7.231192 7.23318 7.235226 7.237067 7.243499 7.245229 7.246677 7.248206 7.249732 7.251267 7.252621 7.254765 7.257273 7.259829 7.26225 7.264351 7.266606 7.26841 7.269928 7.27085 7.272587 7.274208 7.276031 7.298636 7.300467 7.301628 7.302864
7.077671 7.085946 7.087741 7.089385 7.094871 7.10048 7.104022 7.110664 7.114704 7.117382 7.119107 7.121778 7.123326 7.124368 7.129982 7.131169 7.128734 7.135527 7.140903 7.145898 7.151099 7.154989 7.158173 7.161167 7.164375 7.167762 7.194658 7.19748 7.202689 7.206442 7.209644 7.214012 7.219264 7.224142 7.228602 7.229418 7.231509 7.233464 7.235499 7.242059 7.243783 7.24562 7.246767 7.248289 7.249901 7.251257 7.253032 7.25561 7.258007 7.260723 7.263033 7.26518 7.266844 7.268467 7.269739 7.27125 7.272996 7.274674 7.276338 7.298954 7.300697 7.301941 7.302908
7.078982 7.084857 7.081574 7.090979 7.094766 7.098503 7.107136 7.111952 7.114641 7.115527 7.11829 7.120348 7.121667 7.12687 7.128191 7.125619 7.128557 7.137149 7.142209 7.147282 7.151927 7.155129 7.158315 7.161486 7.164984 7.168338 7.195045 7.197831 7.203665 7.207455 7.211619 7.216863 7.221864 7.226312 7.239123 7.229832 7.231774 7.23366 7.24059 7.24223 7.244121 7.24564 7.246853 7.248364 7.249844 7.251511 7.253928 7.256369 7.258895 7.261528 7.263655 7.265388 7.266862 7.268501 7.269852 7.271715 7.273376 7.275025 7.297856 7.299582 7.300902 7.301921 7.302597
7.082667 7.086561 7.08454 7.091524 7.100236 7.103566 7.109107 7.111954 7.112204 7.11478 7.117032 7.11877 7.124028 7.125296 7.122464 7.125455 7.133583 7.138814 7.143437 7.148767 7.152043 7.1553 7.158453 7.1619 7.165583 7.174756 7.195485 7.198699 7.20497 7.209254 7.214472 7.219599 7.223983 7.231079 7.228127 7.230082 7.23202 7.238938 7.24067 7.242531 7.244186 7.245731 7.246983 7.248389 7.250027 7.252364 7.254748 7.257167 7.259764 7.262335 7.263989 7.265503 7.267014 7.268592 7.270225 7.272107 7.273645 7.275369 7.298174 7.299976 7.300993 7.301657 7.302386
7.08357 7.081695 7.087867 7.097221 7.098068 7.106376 7.109352 7.11151 7.111031 7.1136 7.115675 7.121157 7.122441 7.119488 7.122719 7.130123 7.135358 7.140007 7.14494 7.148927 7.152233 7.155674 7.15902 7.162564 7.171965 7.192994 7.196327 7.202328 7.206754 7.212066 7.217263 7.221909 7.226425 7.237939 7.228406 7.230357 7.237446 7.239268 7.240942 7.242696 7.244213 7.245775 7.247047 7.248507 7.250823 7.253345 7.255453 7.258317 7.260605 7.262666 7.264009 7.26549 7.267321 7.268945 7.270733 7.272649 7.274137 7.297037 7.298937 7.300055 7.300693 7.301403 7.302058
7.085391 7.084499 7.093911 7.099977 7.102928 7.106488 7.108788 7.10837 7.110327 7.112213 7.114006 7.119483 7.117259 7.120181 7.126582 7.131678 7.136513 7.141309 7.145304 7.149191 7.152962 7.156299 7.159679 7.169056 7.172266 7.193728 7.197399 7.203738 7.209599 7.215013 7.21944 7.224018 7.236335 7.22669 7.22869 7.230519 7.237622 7.239471 7.241205 7.242774 7.244364 7.245845 7.247017 7.249258 7.251874 7.254052 7.256373 7.259114 7.260944 7.262607 7.264059 7.265658 7.267556 7.269259 7.271166 7.272979 7.274371 7.297379 7.299071 7.299733 7.300378 7.30115 7.301805
7.08142 7.090769 7.09653 7.099294 7.103778 7.10613 7.105762 7.107757 7.109385 7.111421 7.116407 7.11475 7.117381 7.121795 7.12797 7.13303 7.137886 7.142308 7.145884 7.149799 7.153568 7.156844 7.160185 7.16943 7.191005 7.194779 7.201528 7.207102 7.212763 7.217154 7.221801 7.234795 7.236529 7.226924 7.22887 7.236114 7.237798 7.239509 7.241233 7.242846 7.244304 7.245855 7.247935 7.250446 7.252599 7.254804 7.257391 7.259411 7.260959 7.262397 7.264122 7.266027 7.26792 7.269729 7.2716 7.27319 7.296319 7.298038 7.298742 7.299436 7.30016 7.300874 7.301554
7.087078 7.093468 7.099205 7.101231 7.1035 7.104641 7.105279 7.106853 7.10858 7.113405 7.11238 7.114858 7.118512 7.124393 7.129346 7.134346 7.139265 7.142459 7.146425 7.150696 7.154068 7.157248 7.166681 7.170042 7.191933 7.196185 7.204126 7.210396 7.214939 7.219517 7.233251 7.234927 7.22512 7.227232 7.234613 7.236306 7.237855 7.239807 7.24128 7.242923 7.244384 7.246748 7.248844 7.251235 7.253395 7.255628 7.25773 7.259336 7.260838 7.262508 7.264454 7.26634 7.268142 7.270146 7.271802 7.273468 7.296688 7.297848 7.298412 7.299178 7.29987 7.300561 7.301273
7.090047 7.095986 7.097865 7.10071 7.10193 7.102834 7.104289 7.105936 7.107709 7.109938 7.112203 7.115809 7.120856 7.125855 7.130927 7.135802 7.139453 7.143255 7.147529 7.151299 7.154412 7.163814 7.167296 7.189095 7.193357 7.20152 7.207837 7.212711 7.217196 7.224493 7.233366 7.23509 7.225604 7.233135 7.234804 7.236271 7.238013 7.239877 7.241449 7.242973 7.245234 7.247631 7.249848 7.252028 7.254117 7.25628 7.25765 7.259344 7.260805 7.26265 7.264718 7.266583 7.268509 7.270312 7.27204 7.295438 7.296831 7.297532 7.298203 7.298926 7.299557 7.30028 7.300965
