inputs/Middelgrunden/Resource grid 1   Sector 8   Height 64m   Weibull-A.grd
DSAA
 111           201 
 728800        731000
 6176000       6180000
 6.41155       8.43101
[rows 28 to 55 of 201, columns 0 to 62 of 111]
6.632834 6.638426 6.636956 6.657505 6.665799 6.676878 6.673401 6.691569 6.704496 6.716924 6.7274 6.680819 6.679153 6.687784 6.705168 6.728681 6.835725 6.877617 6.904769 6.856871 6.91621 6.977359 7.006918 7.034688 7.063852 7.092303 7.093988 7.068366 7.094129 7.122105 7.148009 7.190738 7.218891 7.24665 7.270003 7.297144 7.320651 7.343957 7.365569 7.366616 7.390118 7.451413 7.46767 7.482882 7.496462 7.510368 7.522655 7.539685 7.558578 7.573792 7.587021 7.600122 7.611508 7.623154 7.634687 7.643675 7.653754 7.66705 7.674881 7.687889 7.700167 7.684046 7.698595
6.648536 6.656662 6.647308 6.667789 6.686853 6.691298 6.690397 6.707037 6.721798 6.734848 6.750098 6.699225 6.699233 6.702326 6.71444 6.738121 6.844384 6.884183 6.910282 6.860192 6.899404 6.97947 7.008219 7.037427 7.063316 7.0657 7.11909 7.093038 7.095666 7.120723 7.149214 7.175482 7.220207 7.247159 7.271717 7.293942 7.321417 7.345742 7.367934 7.387776 7.388985 7.410064 7.471064 7.487477 7.502281 7.514807 7.558238 7.542809 7.561998 7.577554 7.591865 7.604895 7.616296 7.628345 7.639445 7.65116 7.659301 7.672446 7.686076 7.693385 7.706002 7.71864 7.702957
6.654682 6.658744 6.658867 6.683594 6.699646 6.706492 6.716817 6.717973 6.73462 6.750728 6.763779 6.755007 6.717993 6.718492 6.726142 6.750046 6.777697 6.880598 6.916156 6.946403 6.899714 6.980661 7.010406 7.03822 7.066053 7.092494 7.094706 7.122639 7.117424 7.122389 7.148971 7.175995 7.220655 7.248384 7.273617 7.295971 7.318292 7.345885 7.367478 7.389922 7.390432 7.409684 7.47471 7.491001 7.506653 7.520907 7.536432 7.545931 7.562537 7.580868 7.59596 7.60923 7.621747 7.632724 7.644184 7.655843 7.667085 7.677834 7.691413 7.70462 7.711951 7.723725 7.707545
6.656545 6.666431 6.668896 6.667264 6.708704 6.723867 6.728171 6.740348 6.753129 6.76921 6.779533 6.790872 6.735986 6.73462 6.742253 6.761615 6.785783 6.888201 6.916524 6.953036 6.903464 6.951162 7.01321 7.039913 7.067596 7.094006 7.096015 7.122875 7.118685 7.123986 7.149559 7.175405 7.20271 7.248759 7.275692 7.297753 7.319963 7.34196 7.370324 7.390454 7.41149 7.412159 7.473539 7.49424 7.510559 7.525136 7.540319 7.555362 7.565345 7.581326 7.599549 7.6133 7.626123 7.637777 7.649056 7.660125 7.672415 7.685524 7.696526 7.710209 7.716995 7.729528 7.741812
6.661758 6.688323 6.677128 6.677922 6.714934 6.734883 6.747808 6.75162 6.759929 6.784912 6.796565 6.802011 6.803529 6.753637 6.760101 6.775816 6.797208 6.854789 6.876636 6.880908 6.98752 6.943038 7.015005 7.043134 7.069957 7.095558 7.093689 7.123333 7.119946 7.142267 7.149725 7.176534 7.202261 7.250101 7.276627 7.300466 7.321314 7.344676 7.365848 7.393924 7.412818 7.433359 7.476199 7.492207 7.513693 7.528801 7.544017 7.558949 7.568107 7.584722 7.599415 7.617312 7.630288 7.642073 7.653932 7.664697 7.677239 7.691495 7.704034 7.715333 7.728164 7.734707 7.746939
6.668751 6.67765 6.684408 6.720912 6.688082 6.749658 6.758584 6.764514 6.773557 6.798617 6.812947 6.82285 6.823295 6.843143 6.854044 6.869135 6.844937 6.861198 6.884109 6.958732 6.993626 7.022654 6.981448 7.045454 7.071069 7.097535 7.122452 7.12345 7.150117 7.143485 7.1642 7.176958 7.202456 7.227519 7.277306 7.302741 7.323898 7.344921 7.367921 7.394145 7.415773 7.435433 7.454127 7.494793 7.511694 7.531841 7.547758 7.562694 7.577319 7.587186 7.603344 7.617876 7.63421 7.646764 7.658246 7.669766 7.68247 7.696203 7.709454 7.722632 7.733321 7.745767 7.751815
6.673181 6.681136 6.718734 6.695858 6.707738 6.750818 6.769079 6.781818 6.785598 6.789989 6.825593 6.839815 6.840005 6.855464 6.837214 6.882295 6.855691 6.87209 6.891534 6.913248 6.924918 6.951884 6.985037 7.04728 7.074371 7.100386 7.124685 7.122311 7.150053 7.144732 7.166326 7.17714 7.203247 7.228469 7.252968 7.30389 7.32608 7.346483 7.368602 7.392133 7.415856 7.437743 7.456874 7.518842 7.513055 7.529987 7.550398 7.566239 7.580868 7.59591 7.606574 7.620852 7.635162 7.650795 7.662309 7.674537 7.688176 7.701426 7.715111 7.727842 7.74076 7.75063 7.756955
6.677817 6.683188 6.6982 6.739971 6.750428 6.739181 6.784324 6.790586 6.803595 6.806105 6.811298 6.852282 6.858761 6.860255 6.88513 6.860984 6.910081 6.884532 6.947839 6.921586 6.929383 6.95847 6.987852 7.021503 7.077206 7.102386 7.127278 7.150358 7.150341 7.17512 7.16746 7.187588 7.203558 7.230151 7.252496 7.305357 7.328731 7.348939 7.36921 7.391935 7.414889 7.437098 7.459168 7.522848 7.537161 7.531681 7.548659 7.568985 7.58422 7.599 7.614685 7.62458 7.638376 7.651804 7.666632 7.67987 7.693441 7.706341 7.720346 7.733104 7.74552 7.757984 7.768167
6.682335 6.68876 6.710806 6.748687 6.759404 6.766642 6.788396 6.802808 6.813261 6.816556 6.821019 6.868783 6.875941 6.880591 6.882406 6.877475 6.885309 6.940537 6.910192 6.928816 6.936739 6.966971 6.994211 7.026837 7.07716 7.105197 7.129566 7.153247 7.15076 7.176375 7.168454 7.189403 7.204294 7.229047 7.253699 7.289385 7.33101 7.351466 7.371167 7.396352 7.416738 7.436091 7.458106 7.477268 7.540769 7.555112 7.549747 7.567036 7.587154 7.602334 7.616427 7.633577 7.641688 7.655219 7.667836 7.684687 7.698755 7.711983 7.725063 7.738466 7.750417 7.7626 7.775526
6.672747 6.697999 6.719769 6.759064 6.768311 6.778408 6.786699 6.814664 6.82191 6.834057 6.836735 6.841116 6.890625 6.895425 6.90147 6.92233 6.901389 6.908969 6.921969 6.986921 6.957602 6.971395 7.000865 7.02805 7.060507 7.107547 7.13304 7.155765 7.151938 7.177005 7.198015 7.190832 7.210255 7.228961 7.255469 7.276794 7.330833 7.353769 7.373514 7.393777 7.419862 7.438834 7.459655 7.47907 7.543049 7.558359 7.55216 7.567118 7.585661 7.604727 7.620251 7.634857 7.645212 7.658004 7.672448 7.689889 7.703646 7.71722 7.729971 7.743258 7.756032 7.767792 7.779112
6.68005 6.702236 6.722307 6.754825 6.777801 6.786065 6.79478 6.820858 6.834223 6.843626 6.854353 6.851052 6.86073 6.907028 6.917196 6.922505 6.913677 6.925935 6.935998 6.997405 6.964464 6.978402 7.007775 7.03563 7.065467 7.109165 7.135649 7.127706 7.153263 7.178486 7.200678 7.190214 7.212054 7.23796 7.254735 7.27914 7.312984 7.354709 7.376593 7.395071 7.416088 7.442627 7.459008 7.48022 7.544912 7.56444 7.576152 7.569258 7.585508 7.603603 7.622587 7.636479 7.653249 7.663068 7.677564 7.692056 7.708402 7.722463 7.734991 7.747743 7.761014 7.773589 7.782952
6.71576 6.70664 6.73277 6.762961 6.78329 6.795404 6.804698 6.823591 6.843762 6.851676 6.86325 6.865474 6.869944 6.877913 6.929952 6.938193 6.949998 6.937161 6.950466 6.961421 7.025442 6.992141 7.011195 7.042315 7.067365 7.098356 7.136539 7.162093 7.156038 7.179513 7.202688 7.192947 7.21431 7.24053 7.265223 7.279295 7.30121 7.357052 7.37693 7.397954 7.417375 7.44323 7.460432 7.479469 7.500104 7.563924 7.579797 7.593459 7.586124 7.603284 7.621739 7.640588 7.656739 7.673103 7.682433 7.697092 7.710882 7.727221 7.740115 7.752309 7.765398 7.778376 7.78738
6.702117 6.735157 6.741215 6.769894 6.799509 6.80343 6.812399 6.821522 6.85016 6.864476 6.871939 6.882452 6.879238 6.892139 6.947001 6.951975 6.960397 6.950452 6.961187 6.975542 7.036895 7.000142 7.082161 7.044211 7.075875 7.102569 7.130318 7.165955 7.157915 7.182028 7.204758 7.22478 7.216441 7.243584 7.265289 7.290926 7.303552 7.335992 7.379304 7.399951 7.419063 7.440847 7.464313 7.481597 7.502304 7.565 7.582097 7.598135 7.609959 7.604546 7.621262 7.639662 7.66007 7.677697 7.687664 7.701759 7.716019 7.729415 7.745057 7.757221 7.770541 7.781679 7.791714
6.703586 6.731878 6.749356 6.80178 6.807027 6.806533 6.82006 6.831234 6.857745 6.872312 6.88091 6.891375 6.902966 6.950434 6.912688 6.965446 6.972199 7.000679 6.973104 7.033648 7.049664 7.063912 7.081319 7.051269 7.078031 7.10516 7.134718 7.167673 7.160467 7.184201 7.207408 7.226238 7.220494 7.24429 7.27269 7.291183 7.302821 7.325212 7.357285 7.400759 7.421822 7.441504 7.462099 7.484701 7.50159 7.566876 7.582795 7.597705 7.614867 7.627422 7.616776 7.638772 7.657853 7.680547 7.697305 7.706558 7.720963 7.734042 7.749903 7.762427 7.774595 7.783595 7.795625
6.703254 6.740884 6.766873 6.7851 6.816476 6.841485 6.8261 6.836934 6.856987 6.878832 6.893722 6.898564 6.910405 6.960071 6.968405 6.939528 6.984083 6.993857 6.988658 7.041381 7.059549 7.017847 7.032747 7.057681 7.083243 7.110277 7.140039 7.16542 7.194111 7.186213 7.20949 7.230376 7.253002 7.248198 7.272762 7.291089 7.314925 7.326467 7.360791 7.402959 7.421843 7.442557 7.463356 7.48678 7.50467 7.56644 7.585631 7.600011 7.61546 7.631513 7.642327 7.633906 7.65039 7.672743 7.691911 7.707673 7.725418 7.739207 7.751935 7.767966 7.77847 7.78853 7.797564
6.708915 6.743359 6.787188 6.810012 6.823625 6.84955 6.828725 6.843325 6.855266 6.88503 6.900346 6.909699 6.917304 6.928931 6.982299 6.950203 6.96397 7.005044 7.034577 7.054823 7.067954 7.029781 7.046338 7.061679 7.090654 7.115184 7.145857 7.170341 7.198187 7.219049 7.211167 7.234233 7.256934 7.252517 7.275271 7.290761 7.31581 7.338043 7.351698 7.405696 7.424118 7.442715 7.464727 7.484349 7.506414 7.521761 7.585515 7.602406 7.616964 7.634943 7.645535 7.635234 7.65256 7.67015 7.693542 7.711667 7.726077 7.743649 7.756393 7.770028 7.782544 7.792172 7.802335
6.673924 6.750359 6.782273 6.831334 6.851597 6.859 6.830739 6.847197 6.86033 6.891334 6.905406 6.920511 6.961262 6.935771 6.959067 6.99825 6.975834 6.983682 7.026317 7.011135 7.02708 7.039571 7.057457 7.073143 7.098582 7.12145 7.145445 7.176214 7.202198 7.222778 7.241138 7.236591 7.261833 7.285073 7.279313 7.303332 7.315695 7.338933 7.365427 7.388936 7.426284 7.444452 7.465648 7.485349 7.504843 7.525927 7.587161 7.605683 7.619198 7.633714 7.652498 7.663866 7.655115 7.672802 7.693126 7.714402 7.73033 7.744008 7.761085 7.773521 7.784039 7.796077 7.805863
6.713787 6.755886 6.788357 6.836813 6.870871 6.864397 6.893946 6.850002 6.866157 6.88623 6.910799 6.926498 6.937253 6.981324 6.964292 7.007316 7.020996 6.997042 7.03702 7.067413 7.038746 7.052342 7.066832 7.084528 7.101271 7.130293 7.1511 7.17581 7.206046 7.22681 7.218259 7.263903 7.266642 7.288983 7.283738 7.306423 7.314539 7.340589 7.366403 7.380546 7.429871 7.446639 7.464936 7.48599 7.50539 7.527723 7.590192 7.605628 7.622196 7.636163 7.646939 7.66816 7.681716 7.67516 7.692512 7.7135 7.733662 7.748069 7.766237 7.777208 7.787604 7.797646 7.809463
6.722887 6.75994 6.793705 6.841385 6.87661 6.909606 6.897995 6.923611 6.874365 6.896044 6.916614 6.931649 6.949058 6.991856 7.001136 6.993114 7.030388 7.009364 7.021061 7.058458 7.047964 7.066636 7.078074 7.094252 7.111159 7.13723 7.16043 7.179836 7.210102 7.2384 7.250521 7.245073 7.293093 7.293447 7.286795 7.310187 7.316029 7.341312 7.367858 7.393484 7.405599 7.449745 7.466731 7.487525 7.506573 7.525315 7.546726 7.606263 7.622896 7.638501 7.653565 7.667087 7.685587 7.697527 7.694865 7.711681 7.733444 7.751901 7.766415 7.780814 7.79101 7.801178 7.810833
6.776279 6.762381 6.801306 6.828936 6.885739 6.915425 6.9221 6.931675 6.891764 6.904037 6.926234 6.941843 6.959464 6.974058 7.010604 7.035584 7.013585 7.021513 7.031432 7.043888 7.053764 7.076143 7.091968 7.10416 7.120711 7.13942 7.169405 7.187886 7.209482 7.242146 7.25533 7.274459 7.274944 7.298129 7.319926 7.31375 7.337233 7.343639 7.369226 7.394207 7.420481 7.453236 7.469454 7.488239 7.508463 7.526428 7.544552 7.610477 7.624831 7.639348 7.657399 7.673742 7.686707 7.701874 7.71329 7.714075 7.734782 7.75174 7.770009 7.780632 7.7945 7.804662 7.814219
6.786112 6.708652 6.808042 6.836838 6.887785 6.922695 6.953274 6.934956 6.959487 6.912776 6.934023 6.952856 6.968189 6.985722 7.022404 7.030418 7.022204 7.061633 7.042031 7.053845 7.063774 7.083467 7.101928 7.117153 7.130111 7.146913 7.170517 7.197777 7.214543 7.238594 7.272923 7.28145 7.277568 7.302754 7.324046 7.31663 7.34034 7.34765 7.370186 7.39585 7.420425 7.431777 7.472537 7.488707 7.508795 7.527702 7.545793 7.608809 7.628629 7.643052 7.660966 7.676526 7.693626 7.702604 7.717475 7.728711 7.733168 7.75379 7.769444 7.784206 7.794014 7.807966 7.817407
6.781292 6.712616 6.794557 6.843551 6.896051 6.891858 6.959061 6.956361 6.967456 6.985919 6.941296 6.964799 6.977857 6.995245 7.010927 7.039137 7.061285 7.0478 7.054775 7.065197 7.076534 7.087234 7.111063 7.126709 7.142233 7.15565 7.175126 7.206411 7.224683 7.243053 7.269974 7.30142 7.307061 7.308067 7.328819 7.349728 7.342953 7.350024 7.373677 7.39563 7.421916 7.445466 7.459222 7.491333 7.509281 7.52915 7.54652 7.564415 7.630238 7.646019 7.662347 7.679653 7.696316 7.704915 7.723233 7.732678 7.736557 7.755454 7.771612 7.785197 7.797994 7.811512 7.820844
6.786727 6.820172 6.740368 6.836981 6.893894 6.889174 6.919595 6.992919 6.972524 6.993378 7.01104 6.971537 6.988939 7.03172 7.020242 7.051651 7.062966 7.079595 7.072434 7.075618 7.086562 7.099044 7.117568 7.136166 7.151645 7.168178 7.182394 7.204734 7.23311 7.25114 7.273403 7.304851 7.314423 7.311291 7.334218 7.353771 7.345699 7.369884 7.377665 7.398156 7.421063 7.447433 7.468942 7.477847 7.511195 7.529277 7.548903 7.56475 7.628301 7.6508 7.665954 7.681429 7.699136 7.712002 7.720783 7.739018 7.747597 7.754914 7.773722 7.787672 7.798859 7.811065 7.824485
6.781709 6.810015 6.809669 6.838976 6.886842 6.940897 6.921445 6.946404 6.972613 7.005916 7.002343 7.036976 7.001078 7.012323 7.051101 7.044524 7.066105 7.08561 7.083235 7.107243 7.097615 7.108549 7.126091 7.143369 7.160136 7.177277 7.192912 7.209911 7.239258 7.259808 7.279567 7.303066 7.331319 7.339431 7.336244 7.359243 7.378295 7.369581 7.380468 7.402906 7.423049 7.448861 7.470807 7.497114 7.513715 7.530394 7.549128 7.567272 7.628875 7.649817 7.671136 7.685281 7.698606 7.714541 7.727345 7.735866 7.754423 7.761898 7.776542 7.790365 7.801277 7.811662 7.823937
6.790942 6.818341 6.862307 6.844153 6.876234 6.895617 6.919465 6.948799 6.978632 7.001833 7.009179 7.0246 7.006763 7.018755 7.057854 7.070688 7.078669 7.088475 7.107768 7.103257 7.127197 7.118907 7.130122 7.153479 7.168136 7.184396 7.20298 7.218944 7.238078 7.265505 7.285846 7.309347 7.329189 7.345667 7.342793 7.364874 7.38346 7.374701 7.382216 7.406866 7.426373 7.447898 7.47321 7.493362 7.516334 7.532556 7.549566 7.56861 7.631855 7.650779 7.673578 7.690054 7.702887 7.713669 7.729759 7.742391 7.751147 7.764881 7.776336 7.79327 7.803919 7.814461 7.82453
6.799942 6.823777 6.854527 6.852118 6.880948 6.878292 6.922222 6.953441 6.971893 7.00484 7.031054 7.032371 7.007529 7.032775 7.068136 7.07757 7.08848 7.092562 7.11332 7.114161 7.122621 7.147222 7.139836 7.157835 7.174757 7.191722 7.209846 7.230021 7.245355 7.266815 7.291365 7.315481 7.337265 7.361279 7.371122 7.36682 7.389242 7.427466 7.39985 7.409431 7.431015 7.450266 7.472347 7.495144 7.517727 7.535633 7.55138 7.569626 7.590122 7.652723 7.672078 7.693142 7.707073 7.71766 7.728782 7.744735 7.757061 7.766102 7.779436 7.794005 7.806856 7.817172 7.826541
6.809882 6.830998 6.861372 6.86009 6.884791 6.981337 6.904497 6.949513 6.97802 7.008699 7.032762 7.057797 7.053903 7.036007 7.056029 7.085176 7.095104 7.105701 7.117761 7.123979 7.132883 7.154451 7.150933 7.161283 7.188104 7.198831 7.215459 7.235323 7.255722 7.269734 7.296674 7.318398 7.343696 7.361715 7.377483 7.394098 7.390334 7.412848 7.420992 7.409822 7.435353 7.453995 7.474614 7.494536 7.517066 7.537561 7.553468 7.571682 7.59162 7.655692 7.673298 7.692573 7.712182 7.721003 7.732048 7.743595 7.756042 7.767881 7.780674 7.793612 7.80808 7.82001 7.829695
6.816907 6.839242 6.865772 6.892476 6.892552 6.921469 6.910297 6.930073 6.961185 7.01542 6.982844 7.060445 7.079662 7.03877 7.061238 7.091997 7.102564 7.112172 7.11088 7.140318 7.143557 7.153193 7.173434 7.170571 7.190351 7.211367 7.222058 7.240536 7.261688 7.281587 7.293519 7.322614 7.346935 7.368808 7.363933 7.401275 7.396096 7.41834 7.406489 7.445981 7.437536 7.458294 7.477322 7.498288 7.519433 7.538335 7.556473 7.57432 7.593184 7.657845 7.676102 7.693505 7.711962 7.723782 7.735859 7.746655 7.758201 7.77018 7.7824 7.794562 7.810959 7.823713 7.832595
