inputs/Middelgrunden/Resource grid 1   Sector 2   Height 64m   Sector frequency.grd
DSAA
 111           201 
 728800        731000
 6176000       6180000
 3.977445E-02  4.047586E-02
[rows 161 to 183 of 201, columns 0 to 52 of 111]
3.984566E-02 3.983995E-02 3.984542E-02 3.984349E-02 3.984318E-02 3.985703E-02 3.985768E-02 3.985419E-02 3.985088E-02 3.984856E-02 .0398472 3.984841E-02 3.985384E-02 3.985574E-02 3.984982E-02 3.985246E-02 3.985127E-02 3.984687E-02 3.984303E-02 3.984108E-02 3.983897E-02 3.983741E-02 3.983513E-02 3.983637E-02 3.985882E-02 3.985864E-02 3.985865E-02 3.985911E-02 3.985913E-02 3.986022E-02 3.985845E-02 3.985649E-02 3.985034E-02 3.985341E-02 3.985311E-02 3.985317E-02 3.985216E-02 3.985125E-02 3.986087E-02 3.986055E-02 3.986025E-02 3.985778E-02 3.987674E-02 3.987769E-02 3.987752E-02 3.987808E-02 3.987741E-02 3.987766E-02 3.987779E-02 3.987484E-02 3.987361E-02 3.986342E-02 3.986014E-02
3.983685E-02 3.983437E-02 3.984432E-02 3.984372E-02 3.984172E-02 3.985677E-02 3.985559E-02 3.985285E-02 .0398513 .039855 3.985475E-02 3.985491E-02 3.985454E-02 3.985652E-02 3.984787E-02 3.984693E-02 3.984651E-02 3.984397E-02 3.984182E-02 3.984188E-02 3.984137E-02 .039839 3.983919E-02 3.986159E-02 3.986195E-02 3.986218E-02 3.986264E-02 3.986213E-02 3.986247E-02 3.986289E-02 3.985903E-02 3.985651E-02 3.984994E-02 3.984952E-02 3.985015E-02 3.984816E-02 3.984944E-02 3.984837E-02 3.985823E-02 .0398568 .0398576 3.985824E-02 3.985819E-02 3.987856E-02 3.987793E-02 3.987727E-02 3.987714E-02 .0398767 3.987624E-02 3.987459E-02 3.987281E-02 3.986382E-02 .0398917
3.983685E-02 3.983175E-02 3.983622E-02 3.984312E-02 .0398414 3.985456E-02 3.986232E-02 3.986217E-02 3.986311E-02 3.986127E-02 3.985957E-02 .039859 3.985495E-02 3.985036E-02 3.984277E-02 3.984065E-02 3.984199E-02 3.984518E-02 3.984356E-02 3.984366E-02 3.984332E-02 3.984256E-02 3.984089E-02 3.986599E-02 3.986424E-02 3.986395E-02 3.986503E-02 3.986682E-02 3.986597E-02 3.986183E-02 .0398594 3.985676E-02 3.984818E-02 .0398453 3.984538E-02 3.984597E-02 .0398466 3.984804E-02 3.984938E-02 .0398592 3.985912E-02 3.985843E-02 3.985577E-02 3.988001E-02 .0398787 3.987584E-02 3.987505E-02 .0398745 3.987325E-02 3.987542E-02 3.987308E-02 3.989638E-02 3.989371E-02
3.983592E-02 3.983033E-02 3.983776E-02 3.984996E-02 3.984912E-02 3.986355E-02 3.986417E-02 3.986564E-02 3.986503E-02 3.986337E-02 3.986019E-02 .0398584 3.985189E-02 3.984848E-02 3.983945E-02 3.984218E-02 3.983983E-02 3.984106E-02 3.984399E-02 3.984427E-02 3.984356E-02 3.984442E-02 3.984468E-02 3.986877E-02 3.986916E-02 3.986732E-02 .039866 3.986582E-02 3.986486E-02 3.986109E-02 .0398575 3.985573E-02 3.984927E-02 3.984412E-02 3.984322E-02 3.984601E-02 3.984815E-02 3.984975E-02 3.985416E-02 3.985492E-02 3.986106E-02 3.985918E-02 3.985478E-02 3.987543E-02 3.987521E-02 3.987578E-02 3.987277E-02 3.987344E-02 3.987364E-02 3.990497E-02 3.990581E-02 3.989731E-02 3.989514E-02
3.984158E-02 3.983999E-02 3.984188E-02 3.984827E-02 3.984964E-02 3.986435E-02 3.986434E-02 .0398612 3.986091E-02 .0398573 3.985627E-02 3.985498E-02 3.985399E-02 3.985196E-02 3.984257E-02 3.983904E-02 3.983851E-02 3.983868E-02 3.984096E-02 3.984472E-02 3.984527E-02 3.984634E-02 3.984627E-02 3.987366E-02 3.987323E-02 .0398697 3.986513E-02 3.986285E-02 .0398589 .0398581 3.985555E-02 .0398541 .0398501 3.984765E-02 .0398468 3.984937E-02 3.985178E-02 3.985378E-02 3.985419E-02 3.985454E-02 3.986275E-02 3.985713E-02 3.985281E-02 3.986652E-02 3.987261E-02 3.987465E-02 3.987342E-02 3.986892E-02 3.990304E-02 .0399037 .0398975 3.987327E-02 3.987055E-02
3.984548E-02 3.984265E-02 3.984387E-02 3.984246E-02 3.985122E-02 3.985073E-02 3.986145E-02 3.985893E-02 3.985814E-02 3.985837E-02 3.985726E-02 3.985726E-02 3.985482E-02 3.985292E-02 3.984294E-02 3.984036E-02 3.983597E-02 3.983684E-02 3.983774E-02 3.984135E-02 3.984582E-02 3.984735E-02 .0398473 3.987185E-02 3.987158E-02 3.986762E-02 3.986551E-02 3.986147E-02 3.985644E-02 3.985712E-02 3.985682E-02 3.985671E-02 3.985723E-02 3.985035E-02 3.985004E-02 3.985028E-02 .0398522 3.985221E-02 3.985282E-02 .0398535 3.985136E-02 3.985899E-02 3.985242E-02 3.985193E-02 3.987315E-02 3.987172E-02 3.987139E-02 3.990273E-02 3.987449E-02 3.987486E-02 3.987031E-02 3.987154E-02 3.987102E-02
3.983266E-02 3.984407E-02 .0398465 3.984284E-02 3.984598E-02 3.984319E-02 3.985848E-02 3.985725E-02 3.985471E-02 3.985463E-02 3.985654E-02 3.985632E-02 3.985336E-02 3.984978E-02 3.983989E-02 3.983849E-02 3.983697E-02 3.983359E-02 3.983694E-02 3.984096E-02 3.984236E-02 3.984475E-02 3.984372E-02 3.986814E-02 3.986853E-02 3.986702E-02 3.986435E-02 3.986027E-02 3.985792E-02 3.985925E-02 3.986031E-02 3.986045E-02 3.986009E-02 3.985377E-02 3.985191E-02 3.985048E-02 3.984971E-02 3.984854E-02 3.984849E-02 3.984989E-02 3.985003E-02 3.985048E-02 3.985659E-02 .0398506 3.987021E-02 3.990099E-02 3.987566E-02 .0398768 .0398768 3.987412E-02 3.986597E-02 3.986644E-02 3.987173E-02
3.983407E-02 3.982922E-02 3.982921E-02 3.983806E-02 3.984378E-02 3.984175E-02 3.985383E-02 3.985311E-02 3.985152E-02 3.985067E-02 3.985221E-02 3.985465E-02 3.985085E-02 3.984052E-02 3.983878E-02 3.983875E-02 .0398376 3.983437E-02 3.983491E-02 3.983742E-02 3.983871E-02 3.983997E-02 3.986565E-02 3.986466E-02 3.986637E-02 3.986655E-02 3.986586E-02 3.986203E-02 3.986373E-02 3.986231E-02 3.986186E-02 3.986534E-02 3.986464E-02 3.985513E-02 3.985006E-02 3.984866E-02 3.984571E-02 3.984515E-02 3.984535E-02 3.984889E-02 3.984893E-02 3.984853E-02 3.985356E-02 3.984993E-02 3.986917E-02 3.987656E-02 3.987665E-02 3.987519E-02 3.987543E-02 3.987674E-02 3.986911E-02 3.986928E-02 .039872
3.982918E-02 3.982502E-02 3.982575E-02 3.982473E-02 3.983487E-02 3.984032E-02 3.985097E-02 3.985095E-02 3.985041E-02 3.984936E-02 3.984901E-02 3.985108E-02 3.984936E-02 3.983971E-02 3.983874E-02 3.983753E-02 3.983833E-02 3.983541E-02 3.983252E-02 3.983216E-02 3.983345E-02 3.983357E-02 3.985995E-02 3.986447E-02 3.986797E-02 3.986835E-02 3.986464E-02 3.986637E-02 3.986819E-02 .0398685 3.986717E-02 3.986677E-02 .0398646 3.985495E-02 3.984823E-02 3.984494E-02 3.984371E-02 3.984322E-02 3.984393E-02 3.984548E-02 3.984506E-02 3.981863E-02 3.981837E-02 3.985653E-02 3.986739E-02 .0398742 3.987572E-02 3.987645E-02 3.987884E-02 3.988044E-02 3.987437E-02 3.987198E-02 3.986999E-02
3.982949E-02 3.982637E-02 .0398269 3.982271E-02 3.982081E-02 3.983818E-02 3.985037E-02 3.984778E-02 3.984823E-02 3.984957E-02 3.985059E-02 3.985031E-02 3.984943E-02 .0398414 3.983898E-02 3.983851E-02 3.983631E-02 3.983282E-02 3.982967E-02 3.982955E-02 3.983013E-02 3.983255E-02 3.985848E-02 3.986182E-02 3.986807E-02 3.987031E-02 3.986901E-02 3.987128E-02 3.987311E-02 3.987128E-02 3.987004E-02 3.986834E-02 3.986304E-02 3.985398E-02 .0398463 3.984429E-02 3.984322E-02 3.984149E-02 3.984134E-02 3.981587E-02 .0398162 3.984926E-02 3.985001E-02 3.984634E-02 3.986837E-02 3.986737E-02 3.987702E-02 3.987876E-02 3.987885E-02 3.987868E-02 3.987064E-02 3.987077E-02 3.987065E-02
3.983345E-02 3.983183E-02 3.982929E-02 3.982506E-02 3.982148E-02 3.982946E-02 3.984208E-02 3.985225E-02 3.984978E-02 3.984986E-02 3.985048E-02 3.985051E-02 3.984909E-02 3.984115E-02 3.983862E-02 3.983478E-02 3.983201E-02 3.983082E-02 3.983052E-02 3.982972E-02 3.983159E-02 3.983249E-02 3.985856E-02 3.986144E-02 3.986632E-02 3.986917E-02 3.987126E-02 3.987167E-02 3.987306E-02 3.987242E-02 3.987128E-02 3.986826E-02 3.986273E-02 3.985462E-02 3.984836E-02 3.984329E-02 3.984097E-02 3.981402E-02 3.981355E-02 3.981365E-02 3.984784E-02 3.984933E-02 3.984963E-02 3.984986E-02 .0398584 3.986927E-02 3.987678E-02 3.987619E-02 3.987602E-02 3.987456E-02 3.986652E-02 3.986644E-02 3.986824E-02
3.983579E-02 3.983646E-02 3.983557E-02 3.983166E-02 3.982719E-02 3.983172E-02 3.982961E-02 3.984087E-02 3.984881E-02 3.984647E-02 3.984762E-02 3.985113E-02 .0398495 3.984039E-02 3.983761E-02 .039836 3.983277E-02 3.983091E-02 3.982958E-02 3.983051E-02 3.983305E-02 3.983402E-02 3.985885E-02 .0398619 3.986666E-02 3.986634E-02 3.986925E-02 .0398698 3.986927E-02 .0398687 3.986998E-02 3.987042E-02 .0398665 .0398558 3.982305E-02 3.981718E-02 3.981397E-02 3.981169E-02 .0398127 3.984823E-02 3.985054E-02 3.985181E-02 3.985305E-02 .0398528 3.984982E-02 3.986946E-02 3.987325E-02 3.987114E-02 3.987202E-02 3.987138E-02 3.986499E-02 3.986425E-02 3.986555E-02
3.984259E-02 3.983834E-02 3.983664E-02 3.983113E-02 3.982527E-02 .0398214 3.982462E-02 3.983589E-02 3.983404E-02 3.984505E-02 3.984547E-02 3.984842E-02 .0398482 3.983936E-02 3.983825E-02 3.983684E-02 3.983502E-02 .0398325 3.983108E-02 3.983195E-02 .039835 3.983616E-02 3.985995E-02 3.985989E-02 3.985935E-02 3.986267E-02 3.986242E-02 3.986512E-02 3.986513E-02 .0398674 3.987028E-02 3.986898E-02 3.984013E-02 3.983158E-02 3.982607E-02 3.981956E-02 3.981731E-02 3.984893E-02 3.984983E-02 3.985221E-02 .0398537 3.985334E-02 3.985297E-02 3.985093E-02 3.984795E-02 3.985744E-02 3.986457E-02 3.987032E-02 3.986966E-02 .0398698 3.986258E-02 3.986339E-02 3.986472E-02
3.984391E-02 3.984098E-02 3.983521E-02 3.983048E-02 3.982509E-02 3.981847E-02 3.982111E-02 3.983415E-02 .0398335 3.983182E-02 3.983223E-02 3.984548E-02 3.984628E-02 3.983865E-02 3.983697E-02 3.983726E-02 3.983595E-02 3.983614E-02 3.983466E-02 3.983463E-02 3.983471E-02 3.985801E-02 3.985812E-02 3.985767E-02 .0398552 3.985648E-02 3.985804E-02 3.986068E-02 3.986423E-02 3.986641E-02 3.984238E-02 3.984227E-02 3.984182E-02 3.983465E-02 3.983157E-02 .0398274 3.985737E-02 3.985481E-02 3.985436E-02 3.985367E-02 3.985326E-02 3.985217E-02 3.984984E-02 3.984921E-02 3.984532E-02 3.985702E-02 3.986508E-02 3.987081E-02 3.986843E-02 3.986749E-02 3.986153E-02 3.986354E-02 3.986358E-02
3.984037E-02 3.983886E-02 3.983474E-02 3.982809E-02 3.982283E-02 3.981691E-02 3.982299E-02 .0398333 3.983186E-02 3.983197E-02 3.983193E-02 3.983293E-02 3.984274E-02 3.983606E-02 3.983559E-02 .0398351 3.983404E-02 3.983354E-02 3.983251E-02 3.983357E-02 3.983312E-02 3.985604E-02 3.985559E-02 3.985277E-02 3.985158E-02 3.985368E-02 3.985408E-02 3.983186E-02 3.983318E-02 3.983762E-02 3.984166E-02 3.984333E-02 3.984399E-02 3.984396E-02 3.983776E-02 .0398666 3.986116E-02 3.985703E-02 3.985533E-02 .0398524 3.985125E-02 3.985127E-02 3.984767E-02 3.984789E-02 3.984587E-02 3.984315E-02 3.985453E-02 3.986937E-02 3.986828E-02 3.986907E-02 3.986094E-02 3.986135E-02 3.985906E-02
3.983622E-02 3.983581E-02 3.983094E-02 3.982687E-02 3.982456E-02 3.982129E-02 3.981815E-02 3.983628E-02 3.983312E-02 3.983099E-02 3.983076E-02 3.983277E-02 3.983126E-02 .0398226 3.983368E-02 3.983207E-02 .0398309 3.982996E-02 .0398294 3.982909E-02 3.983035E-02 3.985315E-02 3.985349E-02 .039852 3.985159E-02 3.982531E-02 3.982508E-02 3.982823E-02 3.983315E-02 3.983697E-02 3.984119E-02 3.984303E-02 3.984497E-02 3.987815E-02 3.987338E-02 .03987 3.986418E-02 3.985947E-02 3.985335E-02 .0398507 3.984809E-02 3.984898E-02 3.984894E-02 3.984756E-02 3.984601E-02 .0398431 3.985439E-02 3.985408E-02 3.987123E-02 3.986891E-02 3.985922E-02 .0398568 3.985418E-02
.0398307 3.983017E-02 3.983133E-02 3.983032E-02 3.982537E-02 3.982258E-02 3.981937E-02 3.983769E-02 3.983497E-02 3.983147E-02 3.983123E-02 3.983344E-02 3.982607E-02 3.982277E-02 3.981976E-02 3.983055E-02 3.982893E-02 3.982646E-02 3.982451E-02 3.982581E-02 3.982622E-02 3.985137E-02 3.984918E-02 3.982367E-02 3.982571E-02 3.982699E-02 3.982819E-02 3.983154E-02 3.983187E-02 3.983655E-02 3.983723E-02 3.984155E-02 3.987867E-02 3.987827E-02 3.987189E-02 3.986921E-02 3.986524E-02 3.985854E-02 3.985538E-02 3.985116E-02 .0398484 3.984722E-02 3.984619E-02 3.984727E-02 3.984627E-02 3.984497E-02 3.985779E-02 3.985308E-02 3.986811E-02 3.986639E-02 3.985664E-02 3.985572E-02 3.985843E-02
3.982702E-02 3.983044E-02 3.982976E-02 3.983039E-02 3.982842E-02 3.982441E-02 3.982159E-02 3.982648E-02 3.983718E-02 3.983598E-02 3.983277E-02 3.983425E-02 .039825 .0398217 3.981881E-02 3.981625E-02 3.982598E-02 3.982406E-02 .039821 3.982247E-02 3.979975E-02 3.982311E-02 3.982263E-02 3.982529E-02 3.982773E-02 3.983063E-02 3.983139E-02 3.983185E-02 3.983056E-02 .0398335 3.983663E-02 3.987033E-02 3.987452E-02 3.987665E-02 .0398687 3.986659E-02 3.986387E-02 3.986097E-02 3.985753E-02 3.985404E-02 3.984805E-02 3.984599E-02 3.984694E-02 3.984808E-02 3.984828E-02 3.984169E-02 .0398527 3.985152E-02 3.986151E-02 3.987186E-02 3.986013E-02 3.985881E-02 3.985797E-02
3.982957E-02 3.983302E-02 3.983289E-02 3.983193E-02 3.983169E-02 3.982749E-02 3.982363E-02 3.982056E-02 3.983961E-02 3.983657E-02 3.983437E-02 3.983186E-02 3.982266E-02 3.982024E-02 3.981664E-02 3.981313E-02 3.981123E-02 .0398124 3.979513E-02 3.979601E-02 3.982277E-02 3.982477E-02 3.982537E-02 3.982681E-02 3.982843E-02 3.982936E-02 3.983072E-02 3.983219E-02 3.983235E-02 3.986723E-02 3.986627E-02 .0398693 3.986895E-02 3.987107E-02 3.986818E-02 3.986618E-02 3.986216E-02 3.985977E-02 3.985802E-02 3.985556E-02 3.985357E-02 3.984873E-02 3.984739E-02 3.984623E-02 3.984583E-02 3.984565E-02 3.984309E-02 3.985484E-02 3.985362E-02 3.986128E-02 3.986168E-02 3.985539E-02 3.985284E-02
3.983205E-02 3.983564E-02 3.983557E-02 3.983565E-02 .039833 3.983168E-02 .0398261 3.982255E-02 3.984104E-02 3.983742E-02 3.983236E-02 3.983168E-02 3.981967E-02 3.981714E-02 3.981463E-02 3.981471E-02 3.978581E-02 3.978518E-02 3.978647E-02 3.979872E-02 3.982481E-02 3.982396E-02 3.982589E-02 3.982665E-02 .0398273 3.982855E-02 3.983019E-02 3.983042E-02 3.986619E-02 3.986648E-02 3.986508E-02 3.986482E-02 3.986759E-02 3.986819E-02 3.986416E-02 3.986506E-02 3.986121E-02 3.985868E-02 3.985923E-02 3.986002E-02 3.985547E-02 3.985485E-02 .0398501 3.984835E-02 3.984747E-02 3.984687E-02 3.984322E-02 3.985525E-02 3.985109E-02 3.985281E-02 3.985462E-02 3.985505E-02 3.985249E-02
.0398317 3.983689E-02 3.983738E-02 3.983675E-02 3.983481E-02 3.983268E-02 3.983063E-02 3.982415E-02 3.984143E-02 3.983807E-02 3.983209E-02 3.983146E-02 3.982081E-02 3.982004E-02 3.979196E-02 3.979152E-02 3.979034E-02 3.978892E-02 .039787 3.978778E-02 3.982028E-02 3.982253E-02 3.982458E-02 3.982544E-02 3.982522E-02 3.982689E-02 3.982864E-02 3.986277E-02 3.986634E-02 .0398657 3.986488E-02 3.986421E-02 3.986311E-02 3.986682E-02 3.986029E-02 3.986069E-02 3.986195E-02 3.986253E-02 3.986426E-02 3.986584E-02 3.986194E-02 3.985653E-02 3.985264E-02 3.984874E-02 3.984784E-02 3.984723E-02 3.983971E-02 3.985022E-02 3.984806E-02 3.984312E-02 3.984432E-02 3.985427E-02 3.985471E-02
3.983118E-02 3.983505E-02 3.983521E-02 3.983501E-02 3.983276E-02 3.982916E-02 3.982695E-02 3.982442E-02 3.983993E-02 3.983739E-02 3.983557E-02 3.981098E-02 3.980161E-02 3.979845E-02 3.979532E-02 3.979304E-02 3.979119E-02 3.978839E-02 .0397866 3.978575E-02 3.980833E-02 3.980927E-02 3.982083E-02 3.982096E-02 3.982443E-02 3.985907E-02 3.986197E-02 3.986268E-02 3.986583E-02 3.986564E-02 3.986473E-02 3.986363E-02 .0398619 3.986183E-02 3.986245E-02 3.986678E-02 3.986645E-02 3.986716E-02 3.986265E-02 3.986209E-02 3.986139E-02 3.986014E-02 .0398549 3.984894E-02 3.984522E-02 3.984361E-02 .039839 3.985088E-02 3.984548E-02 3.983687E-02 3.984538E-02 .0398455 3.985538E-02
3.982109E-02 3.983309E-02 3.983387E-02 3.983149E-02 3.982927E-02 .0398265 3.982295E-02 3.981971E-02 3.981929E-02 3.981351E-02 3.981281E-02 3.981454E-02 3.980428E-02 3.979952E-02 3.979525E-02 3.979151E-02 3.979053E-02 3.978762E-02 3.978639E-02 3.978298E-02 3.980477E-02 .0398071 3.980872E-02 3.982145E-02 3.985704E-02 3.986026E-02 3.986136E-02 3.986236E-02 3.986535E-02 3.986439E-02 3.986392E-02 3.986681E-02 3.986924E-02 3.986852E-02 3.986831E-02 3.986475E-02 3.986117E-02 3.986027E-02 3.986246E-02 3.986191E-02 3.985934E-02 3.985821E-02 3.985457E-02 3.985171E-02 3.984793E-02 3.984384E-02 3.983909E-02 3.983818E-02 3.984812E-02 3.983857E-02 3.984562E-02 3.984592E-02 3.985501E-02
