inputs/Middelgrunden/Resource grid 1   Sector 4   Height 64m   Sector frequency.grd
DSAA
 111           201 
 728800        731000
 6176000       6180000
 .0790464      8.066297E-02
[rows 48 to 71 of 201, columns 0 to 52 of 111]
8.008872E-02 8.007532E-02 8.005143E-02 8.002656E-02 8.000116E-02 7.996877E-02 7.993817E-02 7.992224E-02 7.989964E-02 7.987992E-02 .0798666 7.986441E-02 7.986548E-02 7.991922E-02 7.991327E-02 7.991141E-02 7.994317E-02 7.994346E-02 7.994098E-02 7.991812E-02 .079914 7.991029E-02 7.990923E-02 7.990757E-02 .0799025 7.989626E-02 7.988896E-02 7.986481E-02 7.986182E-02 7.985421E-02 7.984194E-02 .0798322 .0798225 7.981595E-02 7.981053E-02 .0798126 7.980572E-02 7.979742E-02 7.979196E-02 7.978348E-02 7.977908E-02 7.977001E-02 .079761 7.975571E-02 7.981056E-02 7.980513E-02 7.979175E-02 .0797675 7.975607E-02 7.974038E-02 7.973862E-02 .0797229 7.971492E-02
8.007023E-02 8.005431E-02 8.003095E-02 8.000044E-02 7.997429E-02 7.994492E-02 7.991807E-02 7.989035E-02 7.987262E-02 7.986123E-02 7.985446E-02 7.985023E-02 7.990991E-02 7.990042E-02 7.989934E-02 7.989478E-02 7.992442E-02 7.992379E-02 7.992139E-02 7.989949E-02 .0798957 7.989504E-02 7.989517E-02 7.989044E-02 7.988737E-02 7.988217E-02 7.987757E-02 7.985322E-02 7.984651E-02 7.983984E-02 .0798273 7.982001E-02 7.981226E-02 .0798023 .079793 7.978304E-02 7.978652E-02 7.978382E-02 7.977951E-02 7.977416E-02 7.976636E-02 .0797611 7.975134E-02 7.980297E-02 7.979637E-02 7.978631E-02 7.977749E-02 7.977059E-02 7.974915E-02 7.973248E-02 7.972214E-02 7.971385E-02 7.970783E-02
.0800532 8.002494E-02 8.000555E-02 7.997114E-02 7.994923E-02 7.992536E-02 7.989196E-02 7.986656E-02 7.984208E-02 7.985376E-02 7.984202E-02 7.983363E-02 .0798881 .0798865 7.988316E-02 7.987318E-02 7.990746E-02 7.990588E-02 .0799032 7.988313E-02 7.988348E-02 7.988219E-02 7.987975E-02 .0798759 7.987431E-02 7.986783E-02 7.986239E-02 7.983997E-02 .0798327 7.982568E-02 7.981553E-02 7.980518E-02 7.979554E-02 7.978815E-02 7.977786E-02 7.976828E-02 7.977592E-02 7.976998E-02 7.976621E-02 7.976077E-02 7.975654E-02 7.974455E-02 .0797351 7.978599E-02 7.977924E-02 .0797731 7.976803E-02 7.976461E-02 7.974222E-02 7.972386E-02 7.971389E-02 7.970599E-02 7.970259E-02
8.003463E-02 8.000144E-02 7.998183E-02 7.995225E-02 7.992699E-02 7.989848E-02 .0798692 7.984437E-02 7.983237E-02 7.982522E-02 7.982365E-02 7.981766E-02 7.987419E-02 7.987308E-02 7.987098E-02 7.985914E-02 7.989201E-02 7.989218E-02 .0798914 7.987442E-02 7.987183E-02 7.987108E-02 7.986658E-02 7.986526E-02 7.985924E-02 7.985629E-02 7.985064E-02 7.982452E-02 7.981895E-02 7.981063E-02 7.980254E-02 7.979231E-02 7.978366E-02 7.976892E-02 7.976378E-02 7.976241E-02 7.975892E-02 7.975986E-02 .0797556 7.974533E-02 7.973666E-02 7.972776E-02 7.972136E-02 7.977825E-02 7.977299E-02 .0797672 7.976114E-02 7.975682E-02 7.973325E-02 7.971005E-02 7.970489E-02 7.969583E-02 7.968792E-02
8.000541E-02 7.997665E-02 7.994837E-02 7.992625E-02 7.990288E-02 7.987671E-02 7.984821E-02 7.982568E-02 7.981411E-02 7.980596E-02 7.980961E-02 7.980978E-02 7.986222E-02 7.986038E-02 7.985547E-02 .0798444 7.987903E-02 7.988098E-02 7.988009E-02 7.985974E-02 .0798554 7.985555E-02 7.985778E-02 7.985017E-02 7.984512E-02 7.983778E-02 7.983353E-02 7.980873E-02 7.980148E-02 7.979459E-02 7.978752E-02 .0797764 7.976887E-02 7.976311E-02 7.975961E-02 7.975104E-02 7.973766E-02 7.974152E-02 7.973701E-02 7.972996E-02 7.972512E-02 .0797203 .0797095 7.976457E-02 .0797629 7.975865E-02 7.975231E-02 7.974724E-02 7.971921E-02 7.970809E-02 7.969196E-02 7.968893E-02 7.968182E-02
7.997484E-02 7.995299E-02 7.992582E-02 7.990451E-02 7.987937E-02 7.985406E-02 7.982858E-02 7.980631E-02 7.979501E-02 7.979145E-02 7.978231E-02 7.979881E-02 7.985001E-02 7.984463E-02 7.983799E-02 .0798348 7.982978E-02 7.986672E-02 7.986213E-02 7.984063E-02 7.984201E-02 7.984472E-02 7.984316E-02 7.983483E-02 7.983135E-02 7.982454E-02 7.981715E-02 7.979017E-02 7.978573E-02 7.977891E-02 7.977398E-02 7.976172E-02 7.975584E-02 7.975307E-02 7.974026E-02 7.973222E-02 7.972076E-02 7.971393E-02 7.972229E-02 7.972023E-02 7.971736E-02 7.971288E-02 .0797039 7.976069E-02 7.975501E-02 7.974256E-02 7.973004E-02 7.973088E-02 7.972258E-02 7.970522E-02 7.968877E-02 7.968668E-02 7.968508E-02
7.994982E-02 7.992492E-02 7.989635E-02 7.987822E-02 7.985417E-02 7.983057E-02 .0798073 7.978898E-02 7.977811E-02 7.977471E-02 7.976828E-02 7.982573E-02 7.983363E-02 7.982706E-02 7.981919E-02 7.982329E-02 7.981375E-02 7.984309E-02 7.984426E-02 7.982878E-02 7.982767E-02 7.983093E-02 7.982734E-02 7.982245E-02 7.981386E-02 7.980947E-02 7.980344E-02 .0797758 7.976821E-02 7.976222E-02 .0797576 7.975283E-02 7.973966E-02 7.972853E-02 7.971984E-02 7.971773E-02 .0797139 7.970975E-02 7.971779E-02 7.971583E-02 7.970748E-02 7.970396E-02 .07976 7.974539E-02 7.973801E-02 7.972945E-02 7.972536E-02 7.972179E-02 .0797134 7.969453E-02 .079682 7.968301E-02 7.968088E-02
7.986884E-02 7.989267E-02 7.986555E-02 .0798405 7.983141E-02 7.980853E-02 7.978357E-02 7.976998E-02 .0797648 7.975916E-02 7.975205E-02 7.980895E-02 .0798032 7.980847E-02 7.980214E-02 7.979906E-02 7.979265E-02 7.982782E-02 .0798305 .0798265 7.981138E-02 7.981165E-02 7.980994E-02 7.980669E-02 7.980097E-02 7.979409E-02 7.979089E-02 7.976823E-02 7.976017E-02 7.974657E-02 7.974323E-02 7.973473E-02 .0797217 7.971617E-02 7.971359E-02 7.971156E-02 7.970775E-02 .0797044 7.971057E-02 7.970678E-02 7.969438E-02 .0796871 7.974315E-02 7.973383E-02 7.973088E-02 7.972563E-02 7.972164E-02 .0797169 7.970922E-02 7.969005E-02 7.967599E-02 7.967548E-02 7.974174E-02
7.984356E-02 7.981969E-02 7.979418E-02 7.981439E-02 7.980799E-02 7.978287E-02 7.976749E-02 7.975412E-02 7.975107E-02 .0797428 7.973618E-02 7.979336E-02 7.978625E-02 .0797902 7.978375E-02 7.978033E-02 7.977783E-02 7.981888E-02 .0798137 7.980885E-02 7.979759E-02 7.979835E-02 7.979539E-02 7.978816E-02 7.978859E-02 7.978442E-02 7.978006E-02 7.975046E-02 7.974246E-02 7.973497E-02 7.972804E-02 7.972028E-02 7.971162E-02 7.970967E-02 7.970726E-02 7.970499E-02 7.969855E-02 7.968505E-02 7.967623E-02 7.968675E-02 7.968456E-02 7.967996E-02 7.973428E-02 7.972742E-02 7.972236E-02 7.971812E-02 7.971495E-02 .0797084 7.970741E-02 7.970285E-02 7.966802E-02 .0797306 7.972765E-02
7.981141E-02 7.978547E-02 7.977016E-02 7.974794E-02 7.973715E-02 7.976502E-02 7.975235E-02 7.973896E-02 7.973669E-02 7.972656E-02 7.972159E-02 7.977894E-02 .0797702 7.975904E-02 7.977202E-02 7.976827E-02 7.977027E-02 7.976571E-02 .079799 7.979684E-02 7.978451E-02 7.978207E-02 7.978044E-02 7.977853E-02 7.977549E-02 .079768 7.974214E-02 7.973503E-02 7.973203E-02 7.972338E-02 7.971874E-02 7.971387E-02 7.971136E-02 7.970227E-02 7.969189E-02 7.967972E-02 7.967529E-02 7.967149E-02 7.966843E-02 .0796757 7.967255E-02 .0796667 7.972366E-02 7.971751E-02 7.971541E-02 .0797122 7.970939E-02 7.969936E-02 7.969767E-02 7.969407E-02 7.974025E-02 7.972367E-02 7.971778E-02
7.979496E-02 7.976798E-02 7.974406E-02 .0797229 7.970269E-02 7.969164E-02 7.969426E-02 7.972665E-02 7.972594E-02 7.971583E-02 7.976912E-02 7.976858E-02 .0797522 7.974462E-02 7.974143E-02 .0797547 7.975322E-02 7.974813E-02 7.978431E-02 7.978109E-02 7.977022E-02 7.977077E-02 .079769 7.976199E-02 7.975599E-02 7.974902E-02 7.972902E-02 7.972725E-02 .0797221 7.971526E-02 7.971182E-02 7.970603E-02 7.969242E-02 .0796816 .0796749 7.966824E-02 7.966334E-02 7.966184E-02 7.965894E-02 7.965492E-02 .079664 7.965969E-02 7.971562E-02 7.970682E-02 7.970695E-02 7.970501E-02 7.969966E-02 7.969698E-02 7.969608E-02 7.975482E-02 7.973035E-02 7.971682E-02 7.971235E-02
.0797869 7.975974E-02 7.973213E-02 7.971086E-02 .0796859 7.967535E-02 7.966805E-02 7.965916E-02 7.970448E-02 7.969991E-02 7.975244E-02 7.975412E-02 7.973745E-02 7.973087E-02 7.972777E-02 7.972719E-02 7.974055E-02 7.973139E-02 7.976744E-02 7.976668E-02 7.975165E-02 7.974914E-02 7.974519E-02 7.974138E-02 7.974095E-02 7.973997E-02 7.972056E-02 7.971676E-02 7.971244E-02 7.970053E-02 .0796925 7.968664E-02 .0796789 7.967119E-02 7.966676E-02 7.966142E-02 .0796552 7.964983E-02 7.964628E-02 7.964702E-02 7.964975E-02 7.964641E-02 7.970572E-02 7.970241E-02 7.970072E-02 7.970155E-02 .0796969 7.969505E-02 7.975923E-02 7.974958E-02 7.974111E-02 7.970885E-02 7.965438E-02
7.977974E-02 7.975116E-02 7.972214E-02 7.970002E-02 7.967675E-02 7.966548E-02 7.965609E-02 7.964442E-02 7.964763E-02 7.964106E-02 7.973818E-02 7.973447E-02 7.971962E-02 7.972201E-02 7.971662E-02 7.971293E-02 7.972662E-02 7.972232E-02 7.975363E-02 7.974881E-02 7.973202E-02 7.973479E-02 7.973152E-02 7.973079E-02 7.973135E-02 7.972812E-02 7.970207E-02 7.969472E-02 7.969295E-02 7.968748E-02 7.968345E-02 7.967695E-02 .0796696 7.966518E-02 7.965829E-02 7.965385E-02 7.964641E-02 7.963825E-02 7.963648E-02 .0796336 7.963226E-02 7.970206E-02 .079705 7.970199E-02 7.969968E-02 7.969131E-02 7.969037E-02 7.975607E-02 7.975051E-02 7.974187E-02 7.973457E-02 7.965132E-02 7.964637E-02
7.976793E-02 7.974249E-02 7.971358E-02 7.969206E-02 7.966647E-02 7.964636E-02 7.964408E-02 7.963485E-02 7.963707E-02 7.962699E-02 7.968283E-02 7.968467E-02 7.971265E-02 7.970176E-02 7.970017E-02 7.969771E-02 7.969941E-02 7.970671E-02 7.970482E-02 7.973737E-02 7.972669E-02 7.972069E-02 7.972181E-02 7.971738E-02 7.970836E-02 7.970375E-02 7.968646E-02 7.968503E-02 7.968156E-02 7.967683E-02 7.967131E-02 7.966582E-02 7.966008E-02 .0796469 7.963815E-02 7.963365E-02 7.963228E-02 7.963214E-02 7.963075E-02 7.962939E-02 7.963011E-02 7.969704E-02 7.969885E-02 7.969517E-02 7.969488E-02 7.968725E-02 7.974989E-02 7.974135E-02 7.973499E-02 .0796781 7.967427E-02 7.964493E-02 7.964119E-02
7.976236E-02 7.973302E-02 7.970136E-02 7.967564E-02 7.965159E-02 7.963669E-02 7.963873E-02 7.962441E-02 7.961911E-02 7.967362E-02 7.967607E-02 7.967442E-02 7.967204E-02 7.965894E-02 7.968592E-02 7.967919E-02 7.968202E-02 7.968217E-02 7.969292E-02 .07973 7.971393E-02 7.970342E-02 7.969958E-02 7.970142E-02 7.969487E-02 7.969283E-02 7.967465E-02 7.967266E-02 7.966851E-02 7.966523E-02 7.965408E-02 7.964811E-02 7.964146E-02 7.963434E-02 7.962737E-02 7.962515E-02 7.962542E-02 7.962371E-02 .0796217 7.962076E-02 7.962177E-02 7.968741E-02 7.968987E-02 7.968532E-02 7.968352E-02 7.974277E-02 7.973832E-02 7.968049E-02 7.967562E-02 7.967041E-02 7.966524E-02 7.963626E-02 7.963422E-02
7.976056E-02 7.972509E-02 7.969306E-02 7.966387E-02 7.963938E-02 7.962963E-02 7.961445E-02 7.961547E-02 7.961688E-02 7.967071E-02 7.966454E-02 7.966136E-02 7.965825E-02 7.964911E-02 7.964728E-02 7.967322E-02 7.967521E-02 7.967371E-02 7.966378E-02 7.970388E-02 7.969296E-02 7.969212E-02 7.968887E-02 7.969137E-02 7.969054E-02 7.968383E-02 7.966095E-02 .0796553 7.964843E-02 .079648 7.964459E-02 7.963856E-02 7.963504E-02 7.962992E-02 .079628 7.962041E-02 7.961486E-02 7.961218E-02 7.961075E-02 7.961068E-02 7.960951E-02 .0796671 7.968306E-02 7.967745E-02 .0797348 .0796754 7.967854E-02 .0796771 7.967247E-02 7.966645E-02 7.966041E-02 7.965598E-02 7.962757E-02
7.975301E-02 7.971913E-02 7.968875E-02 7.965861E-02 7.963108E-02 7.962178E-02 7.960908E-02 7.961103E-02 7.961625E-02 7.966549E-02 7.965261E-02 7.965332E-02 7.965297E-02 7.964773E-02 7.964774E-02 7.963752E-02 7.963505E-02 7.965821E-02 7.965564E-02 .0797013 7.970063E-02 7.968418E-02 .0796779 7.967182E-02 7.966852E-02 7.966233E-02 7.964515E-02 7.964242E-02 7.964122E-02 7.963972E-02 7.963867E-02 7.963553E-02 7.963181E-02 .0796289 7.962093E-02 7.960883E-02 7.960279E-02 7.960242E-02 7.960328E-02 7.960346E-02 7.960536E-02 7.966191E-02 7.967842E-02 7.974294E-02 .0796784 7.967521E-02 7.967453E-02 7.967246E-02 7.966776E-02 7.966103E-02 7.965446E-02 7.965078E-02 7.962194E-02
7.975166E-02 .079717 7.967748E-02 7.964945E-02 7.963029E-02 7.962187E-02 7.960469E-02 7.960924E-02 7.960508E-02 7.965758E-02 .0796509 7.965456E-02 7.964885E-02 .0796318 7.963276E-02 7.963225E-02 7.963029E-02 7.962703E-02 7.962282E-02 7.964515E-02 7.968622E-02 7.966681E-02 7.966326E-02 .0796603 7.966016E-02 7.963639E-02 .0796328 7.963154E-02 7.962966E-02 7.963195E-02 7.962842E-02 .0796257 7.961836E-02 7.961368E-02 7.960594E-02 7.959627E-02 7.959704E-02 7.959572E-02 7.959726E-02 7.959874E-02 7.960117E-02 7.965522E-02 7.966964E-02 7.967716E-02 7.967646E-02 7.967327E-02 7.967257E-02 7.966867E-02 7.966226E-02 7.965622E-02 7.964799E-02 7.964193E-02 7.961216E-02
7.974201E-02 7.970349E-02 7.967732E-02 7.964894E-02 7.961973E-02 .0796171 .0796049 7.959868E-02 7.966823E-02 7.965587E-02 .0796407 7.964351E-02 7.964299E-02 7.964088E-02 7.963228E-02 7.962647E-02 7.961806E-02 7.961567E-02 7.961442E-02 7.960354E-02 7.966349E-02 7.966113E-02 7.965659E-02 7.965413E-02 7.965037E-02 7.963131E-02 7.962609E-02 7.962266E-02 7.961991E-02 7.961652E-02 7.961211E-02 7.960499E-02 7.959966E-02 7.960017E-02 7.959934E-02 7.959682E-02 7.959368E-02 .0795944 7.959554E-02 7.959665E-02 7.960556E-02 .07966 7.966208E-02 7.966998E-02 .0796667 7.966574E-02 7.966504E-02 .0796587 .0796522 7.964513E-02 7.963842E-02 7.963252E-02 7.961547E-02
7.973228E-02 7.969939E-02 7.966199E-02 .0796392 7.963023E-02 7.962262E-02 7.960919E-02 7.959275E-02 7.966173E-02 7.965457E-02 .0796485 7.964543E-02 7.964257E-02 7.963362E-02 7.962008E-02 7.961514E-02 7.960801E-02 7.961249E-02 7.960889E-02 7.959896E-02 7.963337E-02 7.961593E-02 7.964802E-02 7.964355E-02 7.964353E-02 7.962515E-02 7.962202E-02 7.961604E-02 7.961234E-02 7.960901E-02 7.960372E-02 7.959533E-02 7.959084E-02 7.959033E-02 7.958785E-02 7.958973E-02 7.959268E-02 .0795932 7.954165E-02 7.954109E-02 7.965741E-02 7.965305E-02 7.964911E-02 7.965094E-02 7.965608E-02 7.965411E-02 7.965167E-02 7.964619E-02 7.964031E-02 7.963372E-02 7.962784E-02 .0796223 7.960944E-02
7.971654E-02 7.968182E-02 7.965947E-02 7.963814E-02 7.962453E-02 7.961424E-02 7.960881E-02 7.959644E-02 7.966555E-02 7.965738E-02 7.964501E-02 7.964036E-02 7.963531E-02 7.962494E-02 7.961563E-02 7.961371E-02 7.960763E-02 7.960946E-02 7.960418E-02 7.959317E-02 7.962365E-02 7.960746E-02 .0796202 7.961645E-02 7.963885E-02 7.961762E-02 .0796169 7.961357E-02 7.960938E-02 7.960582E-02 7.959876E-02 7.959205E-02 7.958934E-02 7.958768E-02 7.958721E-02 7.958888E-02 7.958556E-02 7.953476E-02 7.953486E-02 .0795961 7.965385E-02 7.964925E-02 7.964294E-02 7.963809E-02 7.964361E-02 .0796415 7.963915E-02 .0796364 7.963176E-02 .0796254 7.962117E-02 7.962029E-02 7.960529E-02
7.970241E-02 .079673 7.964436E-02 7.962496E-02 7.962367E-02 7.961053E-02 7.960254E-02 7.959434E-02 7.964507E-02 7.964551E-02 7.963784E-02 .0796347 7.963023E-02 7.962146E-02 .0796135 7.960683E-02 7.959829E-02 7.959947E-02 7.959736E-02 7.958736E-02 7.958563E-02 7.960687E-02 7.960753E-02 7.961486E-02 7.960869E-02 7.959002E-02 7.961502E-02 7.961226E-02 7.960819E-02 7.960194E-02 7.959826E-02 7.959729E-02 7.959433E-02 7.959258E-02 7.959077E-02 7.953347E-02 7.953272E-02 7.958996E-02 7.958855E-02 7.958505E-02 7.963961E-02 7.962947E-02 .0796277 .0796281 7.963525E-02 7.963607E-02 7.963565E-02 7.962902E-02 7.962424E-02 7.962253E-02 7.962083E-02 .0796193 7.961616E-02
7.968731E-02 7.966589E-02 7.964295E-02 7.961682E-02 7.961363E-02 7.960708E-02 7.959614E-02 .0795923 7.964232E-02 7.964545E-02 7.963564E-02 7.962527E-02 7.961985E-02 7.961508E-02 7.960821E-02 7.960038E-02 7.959309E-02 7.958953E-02 7.959133E-02 7.959085E-02 7.958739E-02 .079606 7.960488E-02 7.960175E-02 7.960985E-02 7.959107E-02 7.958982E-02 7.960992E-02 7.960787E-02 7.960818E-02 7.960416E-02 7.960053E-02 7.960124E-02 .0795461 7.953928E-02 7.953537E-02 7.958989E-02 7.958231E-02 .07958 7.957776E-02 7.963084E-02 7.961887E-02 7.961962E-02 7.961958E-02 7.961744E-02 7.962728E-02 7.962813E-02 7.962469E-02 7.962143E-02 7.961821E-02 7.961673E-02 7.961492E-02 7.961213E-02
7.967658E-02 7.965399E-02 7.962935E-02 7.961202E-02 7.960937E-02 7.959905E-02 7.959011E-02 7.964749E-02 7.963541E-02 7.963547E-02 .0796237 7.962212E-02 7.961497E-02 7.960626E-02 7.960095E-02 7.959333E-02 7.958975E-02 7.958646E-02 7.958838E-02 7.958667E-02 7.958173E-02 7.960226E-02 .0796017 7.960414E-02 7.960095E-02 7.959183E-02 7.958772E-02 7.958565E-02 7.958588E-02 7.961016E-02 7.960789E-02 7.960422E-02 7.954701E-02 7.954358E-02 7.953568E-02 7.958761E-02 7.958022E-02 7.957152E-02 7.956938E-02 7.962492E-02 .0796198 7.961219E-02 7.961318E-02 7.961398E-02 7.960935E-02 7.962204E-02 7.962071E-02 7.961707E-02 7.961348E-02 7.961459E-02 7.961148E-02 7.960882E-02 7.960812E-02
