inputs/Middelgrunden/Resource grid 1   Sector 10   Height 64m   Weibull-A.grd
DSAA
 111           201 
 728800        731000
 6176000       6180000
 6.513293      9.127136
[rows 84 to 111 of 201, columns 0 to 62 of 111]
7.168357 7.173554 7.178966 7.184394 7.189823 7.195259 7.201885 7.20855 7.215909 7.220481 7.347725 7.353392 7.359053 7.238832 7.245438 7.261899 7.288183 7.313801 7.338909 7.425744 7.448598 7.470911 7.428749 7.450148 7.471011 7.491482 7.573018 7.592219 7.610259 7.633184 7.573264 7.610312 7.644406 7.664048 7.680582 7.697074 7.713161 7.728838 7.693323 7.710832 7.779494 7.793757 7.807242 7.819954 7.83249 7.846948 7.86253 7.878035 7.941054 7.898231 7.911947 7.925591 7.938736 7.951921 7.966163 7.980586 7.994853 8.009424 8.025419 8.040596 8.055949 8.071408 8.079503
7.18038 7.186086 7.182057 7.187737 7.193474 7.199422 7.205593 7.211326 7.217807 7.224785 7.231242 7.298813 7.237647 7.24213 7.247982 7.260517 7.288415 7.315452 7.344467 7.36842 7.391886 7.414993 7.437331 7.459021 7.480371 7.509434 7.440561 7.479663 7.514733 7.533978 7.552701 7.579303 7.597868 7.619463 7.641243 7.660584 7.68008 7.6971 7.713445 7.729707 7.745773 7.761299 7.776579 7.792035 7.80723 7.821759 7.923425 7.933397 7.943868 7.957072 7.970871 7.984905 7.998829 8.013184 8.027835 7.987427 8.00174 7.984253 8.000714 8.016839 8.033181 8.076618 8.090812
7.174304 7.181126 7.187771 7.194593 7.213077 7.219488 7.226616 7.233298 7.239396 7.244707 7.250985 7.256958 7.26289 7.268656 7.27461 7.280544 7.305209 7.330099 7.35448 7.377535 7.400965 7.435814 7.413812 7.440508 7.468864 7.476798 7.489177 7.5164 7.536297 7.559089 7.579711 7.598904 7.616986 7.634765 7.652099 7.669203 7.686499 7.703374 7.719959 7.736133 7.753238 7.769873 7.785975 7.802052 7.817535 7.832117 7.847008 7.862103 7.877329 7.892387 7.907082 7.915491 7.957179 7.971618 7.989006 8.006109 7.992025 8.005505 8.019071 8.032598 8.046057 8.059484 8.073228
7.196928 7.203376 7.209557 7.217441 7.223756 7.229652 7.235912 7.242188 7.248649 7.254903 7.261113 7.26759 7.273734 7.279829 7.286583 7.293267 7.317021 7.434977 7.472614 7.432383 7.449374 7.454899 7.471687 7.480739 7.492109 7.501327 7.508756 7.528552 7.548483 7.567781 7.586578 7.605148 7.623421 7.641421 7.658979 7.676426 7.693625 7.710519 7.726948 7.74223 7.75792 7.773689 7.789832 7.806248 7.80753 7.827594 7.847024 7.866177 7.885007 7.902941 7.920265 7.934217 7.948081 8.045022 8.057055 8.067467 8.076846 8.038593 8.051186 8.064727 8.078305 8.091753 8.10535
7.282877 7.289989 7.296618 7.303796 7.310712 7.317303 7.254374 7.260641 7.267119 7.272917 7.278675 7.284483 7.302271 7.345068 7.380414 7.410672 7.436299 7.444495 7.453751 7.464438 7.473154 7.481695 7.490236 7.498615 7.508207 7.514106 7.519652 7.538079 7.558253 7.578032 7.597304 7.616264 7.634753 7.651745 7.667011 7.683836 7.701049 7.718317 7.73558 7.737999 7.758797 7.779214 7.799079 7.818216 7.837038 7.85201 7.86631 7.880724 7.894773 7.908638 7.922858 7.936542 7.950455 8.051511 8.063691 8.075749 8.087605 8.099266 8.111258 8.12235 8.132123 8.14172 8.108932
7.298828 7.30532 7.31156 7.31762 7.324314 7.258253 7.265427 7.272096 7.302941 7.338253 7.388819 7.418458 7.418824 7.427912 7.436338 7.444492 7.452529 7.460524 7.468151 7.476124 7.484055 7.491978 7.500063 7.50839 7.516315 7.524605 7.532816 7.546436 7.5662 7.583954 7.60212 7.621604 7.64109 7.677601 7.691941 7.705714 7.718967 7.731863 7.751999 7.770104 7.785827 7.801309 7.815393 7.829937 7.844554 7.858789 7.873075 7.886888 7.900787 7.914587 7.927987 8.03545 8.04802 8.060599 8.07374 8.085582 8.098078 8.110471 8.122956 8.135119 8.147221 8.159273 8.170493
7.223487 7.231991 7.240642 7.248986 7.295708 7.322146 7.359256 7.387812 7.400877 7.410266 7.419634 7.428851 7.437703 7.446496 7.455111 7.463845 7.465771 7.47432 7.481737 7.489123 7.496544 7.502966 7.520445 7.539226 7.558014 7.567172 7.585077 7.627584 7.64314 7.658108 7.672568 7.686615 7.701196 7.711833 7.718798 7.782495 7.791032 7.799556 7.814809 7.831002 7.847088 7.862913 7.825474 7.840943 7.8562 7.870921 7.885396 7.89986 7.914687 7.928358 7.942397 7.956578 7.970808 7.985039 7.998727 8.012586 8.024597 8.08761 8.101048 8.114547 8.128161 8.141623 8.190155
7.33236 7.363588 7.402313 7.428408 7.438147 7.447992 7.457711 7.467314 7.477022 7.485786 7.493441 7.501207 7.509039 7.517569 7.525997 7.534307 7.545029 7.563686 7.583739 7.564682 7.58523 7.642236 7.659312 7.675303 7.689952 7.703964 7.71681 7.729746 7.738161 7.746044 7.753894 7.762428 7.770802 7.779068 7.787231 7.795366 7.804583 7.810732 7.821689 7.837537 7.853531 7.869333 7.885 7.900503 7.915614 7.930327 7.945841 7.961442 7.978884 7.994828 8.010379 8.025517 8.040175 8.054797 8.063396 8.077945 8.0925 8.106793 8.165558 8.178712 8.189335 8.202402 8.21556
7.32103 7.335345 7.347712 7.358191 7.435917 7.445954 7.455894 7.465693 7.475583 7.485402 7.492067 7.510788 7.529541 7.548209 7.565485 7.582902 7.596863 7.615257 7.63262 7.649367 7.665524 7.681177 7.693396 7.703022 7.712423 7.721746 7.73099 7.74009 7.749265 7.697111 7.704762 7.712231 7.720043 7.727675 7.735321 7.743612 7.751975 7.760276 7.771777 7.788045 7.808587 7.822954 7.895858 7.912367 7.929289 7.946031 7.962347 7.978713 7.995178 8.011564 8.027866 8.044158 8.059951 8.116902 8.132252 8.146779 8.16119 8.175501 8.189672 8.203812 8.219689 8.234057 8.246894
7.314803 7.328736 7.329321 7.340719 7.350755 7.358173 7.377041 7.396151 7.41543 7.434985 7.454058 7.46279 7.484491 7.505091 7.524704 7.543509 7.63855 7.649504 7.658748 7.667682 7.676515 7.686075 7.695679 7.705263 7.714573 7.723822 7.733046 7.742203 7.751331 7.760358 7.769336 7.779028 7.786517 7.799583 7.812439 7.823454 7.835224 7.847193 7.859683 7.824085 7.838191 7.88818 7.901007 7.913868 7.943742 7.966533 7.982481 7.998232 8.014954 8.031058 8.046802 8.104926 8.123049 8.13815 8.153116 8.167917 8.182625 8.197309 8.211866 8.224451 8.237268 8.249956 8.26244
7.30593 7.326507 7.347223 7.367086 7.38561 7.380202 7.404355 7.421055 7.443409 7.464899 7.485318 7.498701 7.511208 7.523508 7.535929 7.548097 7.5597 7.571511 7.582932 7.594222 7.605571 7.616725 7.627268 7.635981 7.719074 7.732023 7.745321 7.75849 7.771603 7.784719 7.797947 7.811055 7.824127 7.832384 7.846411 7.865529 7.879691 7.893463 7.907112 7.919867 7.933089 7.945159 7.956769 7.969932 7.98273 7.994912 8.007309 8.023211 8.033913 8.097212 8.1114 8.124506 8.138101 8.151845 8.165479 8.178959 8.192236 8.205428 8.218107 8.231971 8.245481 8.258899 8.272079
7.302885 7.325064 7.353253 7.379825 7.402815 7.419526 7.432463 7.446159 7.459725 7.47328 7.486585 7.499686 7.512583 7.52565 7.546891 7.550486 7.565915 7.581677 7.667429 7.68157 7.695878 7.710145 7.724556 7.738972 7.753603 7.76809 7.782495 7.794395 7.80707 7.820189 7.83404 7.847992 7.861891 7.875838 7.888582 7.903129 7.916165 7.926523 7.939714 7.952857 7.966065 7.978116 7.989064 7.998342 8.008047 8.017657 8.073399 8.08131 8.094247 8.108183 8.121778 8.135265 8.141312 8.160466 8.17332 8.187208 8.200801 8.214361 8.227548 8.240835 8.253949 8.26733 8.28054
7.337064 7.354924 7.372825 7.390305 7.406304 7.421075 7.433634 7.449095 7.465595 7.481849 7.498162 7.514398 7.530666 7.546886 7.563026 7.579124 7.594884 7.611009 7.62707 7.642844 7.658461 7.736272 7.750525 7.764681 7.778941 7.792173 7.807366 7.823213 7.838626 7.853585 7.867582 7.881771 7.895014 7.906724 7.91743 7.927576 7.937931 7.948196 7.958306 7.968429 7.97845 7.985048 7.995053 8.004934 8.014713 8.024502 8.034028 8.089322 8.102337 8.116842 8.130977 8.14624 8.160353 8.174185 8.187345 8.200072 8.152202 8.224591 8.238042 8.251348 8.264975 8.278608 8.292026
7.313612 7.334606 7.355677 7.376677 7.397711 7.418564 7.439034 7.458558 7.476219 7.493749 7.511236 7.528222 7.556144 7.572318 7.588444 7.604185 7.620016 7.687199 7.701622 7.716282 7.73144 7.747316 7.771174 7.786963 7.802003 7.815617 7.828181 7.84027 7.852316 7.864235 7.876131 7.887939 7.899759 7.911371 7.922342 7.932341 7.990979 8.000269 8.010075 8.020059 8.030062 8.039953 8.05002 8.059955 8.0697 8.079397 8.089566 8.098942 8.115722 8.080729 8.093946 8.107171 8.119826 8.132857 8.14623 8.15933 8.172765 8.185755 8.198379 8.210499 8.225767 8.235872 8.245509
7.339698 7.360259 7.381094 7.401783 7.475341 7.490672 7.505747 7.594986 7.607216 7.62151 7.638457 7.655101 7.671746 7.688365 7.70482 7.720648 7.736311 7.705641 7.719448 7.732842 7.746774 7.759852 7.772775 7.785901 7.798709 7.811462 7.824037 7.83653 7.906103 7.917475 7.927985 7.93839 7.952968 7.964883 7.977147 7.989256 8.001407 8.013406 8.025331 8.036028 8.046587 8.05712 8.069064 8.08092 8.092587 8.104073 8.115007 8.125859 8.136907 8.149369 8.163759 8.131159 8.145322 8.156758 8.170055 8.183419 8.196882 8.21032 8.223004 8.236039 8.249567 8.263152 8.276683
7.4961 7.494335 7.513184 7.531024 7.548756 7.566426 7.584197 7.602551 7.619383 7.635079 7.604267 7.618882 7.633164 7.647138 7.661918 7.677063 7.691893 7.706648 7.770046 7.783788 7.797535 7.832122 7.845001 7.857923 7.870927 7.883932 7.897011 7.910173 7.923195 7.935744 7.949103 7.961946 7.974765 7.987109 7.999752 8.012318 8.024876 8.037313 8.0507 8.063657 8.07656 8.089004 8.101378 8.112326 8.123114 8.134284 8.149233 8.160532 8.171782 8.183161 8.194844 8.206803 8.218567 8.232529 8.246976 8.212008 8.225696 8.237128 8.250495 8.263554 8.275812 8.288546 8.301287
7.485225 7.504906 7.524436 7.542375 7.559972 7.577395 7.594486 7.611061 7.628744 7.646332 7.663463 7.680354 7.696799 7.712965 7.729321 7.745522 7.760339 7.796248 7.809975 7.823617 7.837456 7.851142 7.864716 7.878386 7.892066 7.905732 7.919264 7.932756 7.946101 7.959388 7.972612 7.985519 7.99808 8.010951 8.025004 8.038342 8.051355 8.064054 8.076613 8.088699 8.101151 8.114056 8.127028 8.139934 8.153706 8.167286 8.180571 8.193119 8.204908 8.216243 8.22789 8.240462 8.25302 8.265841 8.278216 8.289984 8.303694 8.307138 8.319908 8.332309 8.344639 8.356898 8.378798
7.491578 7.51202 7.532208 7.552455 7.571234 7.589703 7.607904 7.625737 7.643314 7.660866 7.678066 7.6954 7.711982 7.755236 7.769773 7.784337 7.798781 7.813169 7.827559 7.841649 7.855881 7.869915 7.883772 7.897701 7.911213 7.92526 7.939081 7.952729 7.96634 7.980424 7.994421 8.00801 8.02181 8.0351 8.047788 8.060902 8.073985 8.087548 8.101832 8.11636 8.130579 8.144576 8.158536 8.172245 8.185999 8.200672 8.212076 8.223282 8.234756 8.238424 8.249528 8.260488 8.269948 8.278977 8.288331 8.298294 8.308651 8.32064 8.331609 8.343389 8.355166 8.366568 8.377751
7.383342 7.404656 7.426099 7.562484 7.58201 7.60077 7.619282 7.519456 7.687061 7.704901 7.722527 7.738055 7.753591 7.76753 7.782919 7.798245 7.813295 7.828324 7.843359 7.857982 7.872733 7.887274 7.901614 7.915826 7.92988 7.944783 7.959525 7.973778 7.989005 8.00178 8.013784 8.025838 8.038707 8.053021 8.067262 8.081026 8.094323 8.107491 8.120489 8.133367 8.146052 8.158641 8.171446 8.184196 8.189286 8.200842 8.212264 8.223093 8.234194 8.245316 8.256695 8.267635 8.278086 8.28791 8.298547 8.309194 8.318821 8.329819 8.340746 8.35204 8.363418 8.37444 8.384971
7.38592 7.401442 7.423762 7.445376 7.46698 7.488329 7.509413 7.679602 7.698213 7.716752 7.735421 7.753664 7.76965 7.784554 7.799357 7.813901 7.828215 7.842299 7.856449 7.870273 7.88406 7.898971 7.913369 7.927477 7.941256 7.954792 7.967234 7.982481 7.997398 8.012456 8.026691 8.040841 8.054795 8.068491 8.081953 8.095436 8.108666 8.121789 8.134928 8.14821 8.161222 8.163879 8.175909 8.187557 8.19916 8.210675 8.221704 8.232833 8.242937 8.254457 8.26545 8.27598 8.286733 8.297024 8.307265 8.31746 8.328202 8.34074 8.35287 8.364995 8.375927 8.386471 8.395555
7.532353 7.573449 7.433809 7.455598 7.477038 7.498003 7.518795 7.539455 7.706254 7.723987 7.741191 7.758551 7.774209 7.789535 7.804412 7.819178 7.833878 7.849676 7.864713 7.879332 7.893582 7.908842 7.923689 7.938739 7.954131 7.969543 7.984923 7.999573 8.013968 8.027905 8.041935 8.055746 8.069431 8.082856 8.096637 8.110313 8.111191 8.123588 8.135723 8.147847 8.159838 8.17174 8.183722 8.195457 8.207116 8.218437 8.230501 8.24255 8.254685 8.266113 8.277282 8.288731 8.301007 8.314268 8.326268 8.337736 8.349355 8.360772 8.372037 8.383224 8.392329 8.401554 8.410913
7.457829 7.570905 7.590688 7.610226 7.629603 7.648665 7.676699 7.6949 7.712857 7.730824 7.748241 7.765997 7.783393 7.799744 7.815184 7.831117 7.847679 7.863952 7.879008 7.894282 7.910045 7.926026 7.941682 7.956593 7.971504 7.986198 8.000808 8.015032 8.028748 8.042994 8.057766 8.072507 8.073109 8.086697 8.100236 8.113024 8.126825 8.139092 8.151958 8.163993 8.175961 8.187724 8.19965 8.210914 8.222093 8.233068 8.243932 8.25494 8.266321 8.278141 8.289965 8.301909 8.313528 8.325612 8.337779 8.349522 8.361316 8.372746 8.383715 8.393356 8.402364 8.411474 8.420645
7.555441 7.575799 7.606187 7.626054 7.645838 7.665086 7.683935 7.702597 7.721841 7.740325 7.761029 7.781162 7.800335 7.817225 7.833998 7.8505 7.868285 7.885242 7.902031 7.918431 7.93387 7.949136 7.964179 7.978957 7.993241 8.007496 8.021615 8.021549 8.034551 8.047521 8.060532 8.072724 8.085405 8.097903 8.110382 8.122781 8.135001 8.147191 8.159166 8.171103 8.182511 8.193744 8.205203 8.21867 8.231095 8.242496 8.254214 8.265655 8.27751 8.288881 8.300693 8.311929 8.323171 8.334258 8.341168 8.352306 8.363666 8.374796 8.384581 8.393864 8.402504 8.411055 8.419576
7.666994 7.694303 7.719125 7.739318 7.760441 7.781415 7.801691 7.820791 7.839545 7.857329 7.87431 7.891327 7.908612 7.925504 7.940508 7.955135 7.96979 7.984377 7.99875 8.012554 7.947496 7.962375 7.963539 7.999632 7.96362 7.97962 7.995758 8.01201 8.028121 8.044029 8.059478 8.073545 8.087551 8.101445 8.115225 8.12889 8.14193 8.154788 8.167808 8.180993 8.19388 8.205615 8.218448 8.230599 8.243009 8.255569 8.267093 8.278113 8.289485 8.300502 8.307301 8.31846 8.329537 8.340607 8.351578 8.36282 8.374138 8.385001 8.394572 8.40367 8.413069 8.422461 8.431862
7.65074 7.678763 7.70433 7.728106 7.850939 7.80809 7.828706 7.849174 7.869366 7.889072 7.908184 7.926749 7.865795 7.88317 7.900024 7.916925 7.955729 7.971929 7.987988 8.002656 8.016784 7.994753 8.009882 8.024804 8.03988 8 8.01463 8.029358 8.044052 8.05882 8.072655 8.086265 8.099536 8.112769 8.125954 8.139065 8.151917 8.166013 8.179596 8.193336 8.205048 8.216594 8.224079 8.235833 8.247833 8.259056 8.269902 8.281445 8.293062 8.304449 8.315676 8.326985 8.342996 8.354066 8.365181 8.376145 8.382847 8.392242 8.401016 8.410129 8.419194 8.428403 8.437527
7.601635 7.625036 7.648306 7.705813 7.730362 7.754187 7.776093 7.796939 7.817324 7.837561 7.857517 7.876952 7.895969 8.006856 7.933122 7.950055 7.943888 7.960835 7.976946 7.992504 7.99263 8.007374 7.968367 7.983572 7.998852 8.014048 8.02916 8.043962 8.059265 8.073797 8.088123 8.10272 8.116157 8.129029 8.140681 8.153158 8.165608 8.177731 8.190643 8.202844 8.214424 8.225919 8.237085 8.248566 8.25976 8.270474 8.281466 8.292323 8.303278 8.314105 8.324745 8.335574 8.345881 8.356608 8.367438 8.378539 8.388402 8.397858 8.404381 8.413778 8.42295 8.431934 8.441166
7.622612 7.635949 7.658349 7.680273 7.701487 7.722661 7.743423 7.763824 7.783767 7.84052 7.859715 7.880298 7.899025 7.917788 7.936348 7.954439 7.972133 7.989483 7.915046 7.932878 7.949228 7.965098 7.980731 7.996235 8.0115 8.027302 8.042503 8.05795 8.072357 8.086415 8.100941 8.116104 8.129948 8.144119 8.157222 8.170025 8.182828 8.195189 8.207229 8.219421 8.231277 8.242426 8.254027 8.264172 8.275229 8.286487 8.297964 8.30852 8.318854 8.329231 8.339583 8.35004 8.36051 8.370885 8.381085 8.389901 8.401385 8.410172 8.41788 8.425978 8.43316 8.440345 8.447879
7.653411 7.662823 7.672704 7.689906 7.710238 7.732017 7.753827 7.773915 7.793402 7.812567 7.831631 7.850473 7.868913 7.887044 7.904898 7.907811 7.925906 7.910223 7.926243 7.944644 7.96295 7.980133 7.997283 8.01359 8.028744 8.0432 8.057761 8.072146 8.086479 8.100142 8.113823 8.127411 8.140907 8.154288 8.169177 8.182103 8.194916 8.208125 8.220021 8.232224 8.244384 8.256344 8.268734 8.280106 8.291696 8.303075 8.31444 8.325644 8.33631 8.346306 8.356324 8.364955 8.375259 8.386286 8.394773 8.402902 8.410804 8.419289 8.427574 8.435819 8.444112 8.452465 8.465272
