inputs/Middelgrunden/Resource grid 1   Sector 12   Height 64m   Weibull-A.grd
DSAA
 111           201 
 728800        731000
 6176000       6180000
 6.590877      7.378915
[rows 56 to 83 of 201, columns 0 to 62 of 111]
7.045549 7.059766 7.062964 7.066563 7.067222 7.068256 7.062504 7.070321 7.073883 7.076861 7.082644 7.0874 7.088636 7.105585 7.109981 7.108153 7.11222 7.119699 7.129884 7.124474 7.127262 7.131608 7.140257 7.146262 7.150793 7.143944 7.148641 7.150951 7.152866 7.15583 7.168192 7.165665 7.16812 7.170131 7.172615 7.17031 7.18031 7.184152 7.189804 7.192498 7.193717 7.195307 7.197083 7.200436 7.203734 7.207098 7.210359 7.225639 7.228174 7.230946 7.237849 7.237351 7.240411 7.244854 7.251214 7.25386 7.254874 7.255416 7.256313 7.252105 7.252518 7.252954 7.259166
7.056235 7.059763 7.063694 7.063967 7.064912 7.065013 7.064111 7.070285 7.072449 7.077468 7.083555 7.091501 7.090026 7.107012 7.104936 7.108359 7.113576 7.119873 7.121077 7.123733 7.127784 7.13603 7.147899 7.147917 7.14054 7.145987 7.148471 7.150485 7.152983 7.156316 7.15889 7.16552 7.167646 7.169978 7.167636 7.171019 7.181226 7.185493 7.19044 7.191941 7.193132 7.195131 7.198061 7.201606 7.204899 7.208256 7.211272 7.226311 7.228946 7.232028 7.235392 7.238489 7.242495 7.249326 7.252139 7.253148 7.253985 7.254811 7.255617 7.251182 7.251618 7.257662 7.25884
7.056362 7.060886 7.061611 7.061409 7.061064 7.059315 7.066356 7.068765 7.073259 7.07825 7.075991 7.086428 7.104174 7.101869 7.105049 7.109834 7.107064 7.117166 7.120435 7.123923 7.128415 7.137404 7.145041 7.138049 7.14083 7.145822 7.148156 7.150196 7.153537 7.165605 7.162983 7.165353 7.16726 7.164945 7.167883 7.178218 7.182525 7.187981 7.190015 7.191315 7.193219 7.195839 7.199053 7.202677 7.206035 7.20935 7.224106 7.22688 7.229952 7.233456 7.236497 7.240209 7.24714 7.250389 7.251407 7.252606 7.253352 7.254172 7.249692 7.250241 7.250764 7.257385 7.258687
7.058042 7.058693 7.057806 7.057847 7.054372 7.061882 7.066086 7.068942 7.074233 7.071394 7.08265 7.086186 7.103107 7.101722 7.105497 7.10345 7.112203 7.117318 7.119823 7.124436 7.133068 7.146642 7.14483 7.137833 7.143045 7.145657 7.147749 7.150773 7.16313 7.160569 7.163001 7.164691 7.167737 7.169559 7.175297 7.179558 7.184971 7.187901 7.189584 7.191286 7.193766 7.197053 7.200223 7.203725 7.207158 7.20996 7.224989 7.227807 7.230899 7.234538 7.237901 7.245106 7.248202 7.249718 7.251048 7.251818 7.252691 7.253144 7.248778 7.249326 7.255901 7.257223 7.258491
7.055906 7.055081 7.054767 7.049613 7.057189 7.062375 7.065043 7.07026 7.067491 7.078033 7.081988 7.087368 7.098465 7.10179 7.108141 7.103871 7.112179 7.116668 7.120265 7.126146 7.141214 7.145274 7.134797 7.140252 7.143041 7.145341 7.147906 7.151339 7.15821 7.160511 7.162345 7.165026 7.162067 7.172082 7.176532 7.180651 7.185607 7.187427 7.189622 7.191582 7.194756 7.198094 7.201155 7.204797 7.207819 7.221536 7.225708 7.228699 7.232357 7.235754 7.239879 7.246292 7.247804 7.249484 7.250111 7.251066 7.251701 7.247298 7.24781 7.254419 7.255726 7.257066 7.257349
7.053465 7.051307 7.055498 7.051925 7.057395 7.062401 7.065738 7.063468 7.075968 7.078237 7.084165 7.094898 7.098405 7.103096 7.100371 7.10816 7.112074 7.11649 7.121742 7.137396 7.142067 7.131867 7.13487 7.140267 7.142875 7.145086 7.148488 7.160555 7.158074 7.160147 7.162485 7.159591 7.169013 7.173405 7.177678 7.183082 7.185147 7.187619 7.189454 7.192577 7.195881 7.199238 7.202247 7.205624 7.208434 7.223972 7.226528 7.229931 7.233701 7.237471 7.244071 7.246111 7.247602 7.248644 7.249665 7.250101 7.250598 7.246311 7.253058 7.25426 7.255579 7.255692 7.257518
7.048569 7.052093 7.04719 7.052479 7.05855 7.061735 7.059224 7.072679 7.073886 7.077942 7.081364 7.094976 7.099057 7.096933 7.104623 7.108223 7.112688 7.116907 7.122647 7.139952 7.142109 7.131845 7.137415 7.140336 7.142524 7.145527 7.15811 7.15563 7.15778 7.159931 7.157039 7.166442 7.170365 7.174809 7.180212 7.183042 7.185474 7.187564 7.190329 7.193658 7.197009 7.200452 7.20308 7.206297 7.205717 7.22463 7.227777 7.231632 7.235085 7.242007 7.244815 7.245726 7.24703 7.248126 7.248773 7.249192 7.244699 7.246016 7.252801 7.254084 7.254127 7.255939 7.257277
7.048703 7.043463 7.048228 7.053468 7.05904 7.062206 7.07064 7.076092 7.072237 7.078286 7.091497 7.095747 7.101788 7.096323 7.104337 7.108081 7.112739 7.118456 7.133553 7.138984 7.128561 7.134488 7.137529 7.139997 7.142589 7.145999 7.153086 7.155424 7.1575 7.154452 7.156869 7.167339 7.171675 7.175753 7.180656 7.183201 7.185427 7.187985 7.191372 7.194699 7.198082 7.201209 7.203921 7.203492 7.222556 7.225815 7.2293 7.232749 7.239859 7.242721 7.243954 7.24545 7.246285 7.247384 7.24776 7.248234 7.244318 7.251404 7.252605 7.25252 7.254276 7.255733 7.257321
7.03966 7.04349 7.048548 7.054913 7.058346 7.066559 7.068105 7.075441 7.071895 7.076269 7.092341 7.09856 7.099273 7.100407 7.104097 7.107625 7.11411 7.129597 7.135353 7.128947 7.128763 7.134449 7.13744 7.13976 7.143187 7.150621 7.152942 7.154917 7.157735 7.154206 7.164336 7.168669 7.17276 7.177903 7.180724 7.183496 7.185696 7.188871 7.192407 7.195689 7.198617 7.201772 7.204532 7.204093 7.223514 7.227013 7.230417 7.237759 7.240687 7.242043 7.243684 7.244676 7.245588 7.246128 7.246772 7.242757 7.249833 7.251215 7.252418 7.252628 7.254446 7.255729 7.259551
7.039672 7.043581 7.049739 7.055494 7.062555 7.064249 7.07176 7.067483 7.071874 7.076443 7.095588 7.09606 7.096647 7.100423 7.102989 7.109106 7.11512 7.130498 7.135587 7.125584 7.131546 7.134661 7.137192 7.140185 7.148011 7.150387 7.15239 7.155195 7.151568 7.161589 7.165478 7.169668 7.175145 7.178504 7.181139 7.183754 7.186637 7.190173 7.19337 7.196495 7.199196 7.202532 7.201705 7.219752 7.224754 7.22834 7.235476 7.238529 7.239924 7.241645 7.243019 7.244027 7.244475 7.245146 7.24636 7.24838 7.24958 7.250885 7.252387 7.252729 7.254138 7.257919 7.259525
7.038609 7.044474 7.051498 7.058318 7.061629 7.068154 7.06336 7.069474 7.072932 7.08972 7.092749 7.095055 7.103435 7.099041 7.103243 7.108937 7.126458 7.132246 7.125682 7.125885 7.131718 7.134551 7.137215 7.145344 7.147897 7.149992 7.152524 7.148942 7.159112 7.162406 7.166529 7.170518 7.176413 7.178824 7.181661 7.184338 7.187613 7.191052 7.194084 7.19703 7.200005 7.199707 7.202137 7.220963 7.226132 7.229423 7.236415 7.238006 7.239824 7.241353 7.242429 7.243009 7.243491 7.244668 7.240941 7.248148 7.24937 7.25079 7.251061 7.252505 7.254607 7.258014 7.259651
7.038819 7.045986 7.054111 7.057585 7.064417 7.067021 7.065059 7.067861 7.081111 7.089334 7.091556 7.099366 7.103598 7.098587 7.10501 7.122405 7.128919 7.1224 7.127042 7.128717 7.131898 7.134252 7.142408 7.145258 7.147497 7.149875 7.151463 7.150294 7.159373 7.163565 7.167503 7.173574 7.176548 7.179534 7.182153 7.185279 7.189002 7.1919 7.194847 7.197632 7.197308 7.199993 7.218418 7.223689 7.226928 7.234354 7.235911 7.237909 7.23969 7.24072 7.241498 7.241962 7.242987 7.24439 7.246446 7.247737 7.249248 7.25097 7.251069 7.25297 7.256515 7.258164 7.260376
7.040216 7.049379 7.05384 7.057506 7.06318 7.059586 7.065568 7.068891 7.074425 7.087801 7.095515 7.099449 7.094658 7.098746 7.104967 7.123047 7.129243 7.123822 7.125361 7.128671 7.131476 7.139338 7.142461 7.144858 7.147203 7.148848 7.146354 7.156744 7.160456 7.164425 7.170401 7.174363 7.177087 7.179976 7.183063 7.186198 7.189799 7.192607 7.195448 7.19496 7.197434 7.200983 7.220183 7.224576 7.228937 7.233884 7.235928 7.23773 7.239082 7.239877 7.240452 7.241432 7.242913 7.244928 7.246234 7.24755 7.249245 7.249638 7.251317 7.255008 7.256586 7.258669 7.260946
7.033145 7.049592 7.053461 7.059508 7.055315 7.061434 7.066478 7.070748 7.08416 7.087156 7.09547 7.099025 7.102016 7.099152 7.119024 7.125497 7.119684 7.123884 7.125406 7.128783 7.136416 7.139696 7.142357 7.144606 7.14608 7.143658 7.154024 7.157194 7.161252 7.165708 7.171919 7.174685 7.177802 7.180785 7.183933 7.187409 7.190411 7.193201 7.192581 7.19517 7.198316 7.21757 7.222308 7.225965 7.231809 7.233856 7.235816 7.237462 7.238271 7.238779 7.239735 7.241063 7.248389 7.244716 7.245981 7.247615 7.249316 7.249626 7.25348 7.255168 7.257046 7.259513 7.26203
7.044906 7.049592 7.055722 7.059122 7.057125 7.062251 7.065488 7.069639 7.08347 7.091422 7.095159 7.090161 7.094199 7.11482 7.121364 7.116147 7.120826 7.120286 7.125607 7.133526 7.136858 7.139792 7.142076 7.14322 7.140985 7.15128 7.15418 7.158054 7.162533 7.168822 7.172191 7.175549 7.178462 7.18165 7.184674 7.188073 7.190771 7.190322 7.192806 7.195869 7.199736 7.218813 7.22331 7.230278 7.231829 7.233704 7.2356 7.236629 7.237185 7.238064 7.239368 7.240751 7.243126 7.244323 7.245897 7.247636 7.247888 7.251949 7.251903 7.255328 7.258057 7.260483 7.263335
7.04488 7.049176 7.055089 7.05119 7.058029 7.061271 7.066609 7.067835 7.087728 7.091218 7.093706 7.098392 7.098627 7.115605 7.122412 7.11756 7.123794 7.120522 7.12543 7.133822 7.136997 7.139372 7.140461 7.138166 7.142138 7.151516 7.15487 7.159338 7.165497 7.169693 7.173136 7.176266 7.179455 7.182425 7.185269 7.188653 7.188012 7.190496 7.19337 7.197273 7.200681 7.22297 7.22798 7.227498 7.231851 7.233805 7.234907 7.235427 7.236386 7.237665 7.23901 7.246397 7.242854 7.244028 7.245883 7.247708 7.248493 7.250352 7.25347 7.256256 7.258994 7.261745 7.264789
7.044333 7.051778 7.054791 7.053741 7.051012 7.060509 7.064482 7.079566 7.080135 7.091084 7.09444 7.09315 7.111001 7.118667 7.112913 7.117617 7.117219 7.122669 7.13049 7.13408 7.136716 7.137779 7.140846 7.139313 7.148809 7.151626 7.156067 7.160926 7.167262 7.17064 7.173873 7.177155 7.180189 7.183041 7.186318 7.185648 7.188154 7.190769 7.194558 7.197958 7.216981 7.2237 7.225668 7.229538 7.232113 7.233174 7.233756 7.234662 7.236036 7.237413 7.244711 7.241024 7.242484 7.244262 7.246217 7.246764 7.24875 7.250458 7.254443 7.257188 7.260036 7.26315 7.267147
7.047979 7.051116 7.049238 7.052743 7.057187 7.061206 7.063999 7.083834 7.089586 7.089417 7.087756 7.105632 7.114347 7.109478 7.113899 7.12071 7.124813 7.127491 7.130908 7.133993 7.136403 7.137981 7.135429 7.146178 7.142373 7.14699 7.157678 7.164 7.168073 7.171523 7.174985 7.177945 7.180833 7.183645 7.186893 7.185971 7.188334 7.192 7.195431 7.198601 7.221054 7.223324 7.22693 7.229627 7.231761 7.232136 7.233012 7.234365 7.235669 7.237153 7.244596 7.240767 7.242553 7.244617 7.245049 7.247065 7.248857 7.252686 7.255609 7.258398 7.261415 7.265645 7.268316
7.047611 7.043343 7.048337 7.053012 7.056114 7.060583 7.072488 7.086025 7.086529 7.090203 7.090191 7.107796 7.115781 7.110572 7.114024 7.120649 7.124589 7.127855 7.131081 7.133651 7.135124 7.132581 7.141669 7.139603 7.14331 7.154338 7.160963 7.165539 7.16913 7.172551 7.175876 7.178591 7.181417 7.184577 7.183683 7.186038 7.189517 7.192736 7.196121 7.21895 7.219981 7.223439 7.227302 7.229591 7.230738 7.231404 7.232728 7.234077 7.235421 7.24287 7.239124 7.24062 7.242869 7.243384 7.245434 7.247191 7.250993 7.253995 7.256857 7.259831 7.263013 7.266969 7.268447
7.047057 7.044275 7.0424 7.045968 7.055265 7.059526 7.08205 7.085591 7.086249 7.084641 7.102012 7.109491 7.107263 7.110635 7.117243 7.121461 7.124676 7.128268 7.130715 7.132311 7.129593 7.138959 7.136934 7.139914 7.145445 7.156088 7.162838 7.16654 7.169937 7.173609 7.176416 7.179131 7.181952 7.181308 7.183759 7.187225 7.190104 7.193469 7.195884 7.217328 7.220926 7.224797 7.227807 7.228805 7.229824 7.231118 7.232389 7.233799 7.241254 7.242744 7.238889 7.240989 7.241743 7.243906 7.245473 7.249233 7.252483 7.255289 7.258282 7.261446 7.265397 7.267006 7.268505
7.039923 7.037889 7.042186 7.044669 7.055948 7.063311 7.08159 7.08192 7.079562 7.097246 7.104671 7.103052 7.107317 7.111633 7.117313 7.121093 7.12537 7.12792 7.12949 7.126732 7.13613 7.13908 7.136785 7.141967 7.152792 7.159494 7.16393 7.167336 7.171234 7.174255 7.176979 7.179725 7.178976 7.181246 7.184861 7.187651 7.190765 7.193374 7.214048 7.218209 7.222455 7.225684 7.227134 7.227759 7.229543 7.230758 7.232006 7.239576 7.241125 7.237326 7.239159 7.239732 7.242397 7.244046 7.245898 7.250669 7.253714 7.256697 7.259902 7.264053 7.265599 7.267263 7.271069
7.033234 7.044521 7.040823 7.049639 7.05485 7.077505 7.07829 7.086177 7.081688 7.09887 7.106892 7.103892 7.107187 7.113986 7.118022 7.121975 7.125101 7.126723 7.129262 7.133239 7.136354 7.139255 7.138442 7.148572 7.156111 7.161305 7.164711 7.168581 7.171904 7.174713 7.17756 7.17647 7.179047 7.182268 7.185291 7.187963 7.190726 7.193715 7.214543 7.21833 7.222955 7.22552 7.225986 7.227521 7.229219 7.230407 7.231889 7.239413 7.240901 7.237293 7.23838 7.240394 7.242389 7.244102 7.248769 7.252227 7.255066 7.258329 7.2627 7.264391 7.265821 7.26739 7.271519
7.033503 7.0372 7.039187 7.050815 7.058609 7.076907 7.082228 7.076176 7.093772 7.100461 7.100451 7.103765 7.107167 7.114037 7.118407 7.122018 7.124742 7.126314 7.129502 7.133707 7.136479 7.135107 7.145233 7.151153 7.158431 7.162089 7.16574 7.169471 7.172469 7.175353 7.174347 7.176427 7.179351 7.182948 7.189079 7.188051 7.190667 7.194495 7.215549 7.219986 7.223369 7.224379 7.225739 7.227183 7.228607 7.230207 7.237832 7.239192 7.235537 7.238059 7.238615 7.240525 7.242424 7.247049 7.250709 7.253606 7.256775 7.261367 7.263104 7.264531 7.26618 7.26997 7.271827
7.033124 7.035842 7.044027 7.054643 7.057716 7.075983 7.07183 7.097225 7.095492 7.093508 7.100551 7.103517 7.116062 7.114696 7.11896 7.12181 7.123315 7.126575 7.130544 7.133609 7.131957 7.141768 7.147792 7.155088 7.159691 7.162999 7.166881 7.170061 7.173005 7.172193 7.174356 7.176894 7.180294 7.186723 7.185414 7.187776 7.191656 7.21284 7.217434 7.220834 7.222551 7.224121 7.225419 7.226914 7.22822 7.23608 7.237621 7.238971 7.236235 7.236852 7.238851 7.240531 7.245028 7.248991 7.252063 7.255235 7.259383 7.261718 7.263268 7.264802 7.2688 7.270539 7.272221
7.03202 7.033719 7.045566 7.05372 7.073582 7.078217 7.073234 7.090411 7.097393 7.094177 7.09831 7.110836 7.110886 7.11521 7.118862 7.120476 7.123555 7.127513 7.130455 7.129183 7.133399 7.144314 7.151578 7.157038 7.160347 7.164008 7.167627 7.170618 7.169884 7.172117 7.174322 7.177703 7.184094 7.1864 7.189898 7.188824 7.191882 7.213162 7.218267 7.219973 7.222239 7.223732 7.225108 7.226661 7.234101 7.235909 7.237377 7.234486 7.234984 7.23711 7.238853 7.243019 7.246978 7.250444 7.253746 7.256911 7.260444 7.262003 7.263457 7.267435 7.268977 7.270858 7.272929
7.030059 7.031164 7.049541 7.054934 7.073906 7.076487 7.093778 7.092418 7.091514 7.096822 7.107216 7.11292 7.111043 7.115498 7.117864 7.120644 7.1244 7.127601 7.125976 7.130095 7.136488 7.146259 7.154109 7.157756 7.161252 7.16511 7.168386 7.167562 7.169758 7.171973 7.175231 7.181558 7.183822 7.187211 7.18578 7.188987 7.210096 7.215517 7.218104 7.220022 7.22176 7.223497 7.224836 7.226413 7.233928 7.235623 7.237997 7.233285 7.235403 7.237145 7.239233 7.24497 7.248698 7.252117 7.25542 7.259065 7.260746 7.262199 7.266313 7.267571 7.269487 7.271492 7.273501
7.027757 7.04493 7.050552 7.054866 7.072116 7.089053 7.0873 7.086568 7.091536 7.096472 7.107392 7.107644 7.112171 7.114741 7.11751 7.121416 7.124348 7.128185 7.126713 7.13307 7.142718 7.150625 7.155227 7.158489 7.162241 7.165946 7.168712 7.167375 7.169639 7.172713 7.179043 7.181462 7.184486 7.182569 7.186171 7.191236 7.212812 7.215932 7.217772 7.219737 7.221525 7.223192 7.224548 7.232299 7.233673 7.236118 7.231416 7.233802 7.235407 7.237355 7.242846 7.24702 7.250406 7.253829 7.257859 7.25926 7.260842 7.265157 7.266423 7.267807 7.270132 7.272208 7.274101
7.035633 7.046301 7.05044 7.067662 7.073276 7.090037 7.089335 7.085145 7.091705 7.103761 7.104374 7.107732 7.112968 7.114526 7.117669 7.121256 7.12481 7.123491 7.129262 7.139132 7.147167 7.152543 7.155674 7.159407 7.163369 7.166446 7.165082 7.167293 7.17027 7.176686 7.179014 7.181957 7.180944 7.183182 7.188398 7.207856 7.213614 7.215615 7.217825 7.219636 7.221209 7.22292 7.230462 7.232045 7.233985 7.23694 7.231916 7.233773 7.235556 7.240823 7.244788 7.248671 7.25212 7.256541 7.258079 7.259571 7.26103 7.265228 7.266567 7.268753 7.270816 7.27287 7.274436
