inputs/Middelgrunden/Resource grid 1   Sector 8   Height 64m   Weibull-A.grd
DSAA
 111           201 
 728800        731000
 6176000       6180000
 6.41155       8.43101
[rows 168 to 195 of 201, columns 0 to 62 of 111]
7.569726 7.568465 7.6165 7.623443 7.622513 7.630937 7.631575 7.630971 7.63523 7.638334 7.633968 7.586844 7.594147 7.614463 7.632175 7.642956 7.660951 7.656325 7.658476 7.664328 7.675219 7.66945 7.696299 7.718377 7.724643 7.743048 7.756928 7.752595 7.748724 7.740387 7.758218 7.755668 7.804181 7.808529 7.819695 7.842409 7.848014 7.82431 7.827974 7.834459 7.84293 7.849062 7.873601 7.887016 7.906975 7.900908 7.917324 7.899663 7.899938 7.907951 7.909924 7.922113 7.912223 7.922347 7.949723 7.973873 7.981549 7.997963 8.000427 8.00843 8.018894 8.017305 8.016973
7.605875 7.566702 7.583072 7.631771 7.639939 7.637599 7.646948 7.648061 7.647651 7.649367 7.650995 7.64794 7.602988 7.610949 7.631705 7.650722 7.658446 7.673518 7.663244 7.66783 7.677433 7.688461 7.696774 7.718147 7.720083 7.739646 7.754869 7.75713 7.762868 7.753466 7.748205 7.755879 7.774708 7.802454 7.816827 7.84749 7.853308 7.856477 7.834619 7.83921 7.846763 7.853983 7.868069 7.885195 7.90733 7.908114 7.922775 7.928166 7.901053 7.911305 7.916063 7.918406 7.918236 7.923771 7.938473 7.967417 7.9864 8.001001 8.009095 8.01175 8.019114 8.027451 8.019544
7.542864 7.594032 7.577613 7.639915 7.647503 7.64706 7.651066 7.663987 7.664143 7.660971 7.665409 7.663451 7.663461 7.61934 7.627944 7.649325 7.664527 7.674367 7.67945 7.671124 7.677708 7.689376 7.699692 7.695309 7.731603 7.735085 7.752553 7.766368 7.769759 7.765951 7.755708 7.760903 7.773078 7.792755 7.823244 7.846587 7.857774 7.863477 7.864336 7.845557 7.850925 7.858578 7.866084 7.878475 7.892477 7.918291 7.918382 7.933627 7.929378 7.911836 7.939732 7.924167 7.935063 7.926388 7.928615 7.954407 7.98329 7.992753 8.012906 8.020272 8.022877 8.031772 8.031565
7.607294 7.555916 7.572729 7.590227 7.654714 7.654693 7.661699 7.667137 7.679256 7.678869 7.674675 7.678173 7.676744 7.639136 7.635779 7.645432 7.670034 7.677876 7.68578 7.686231 7.680487 7.692386 7.702937 7.7104 7.706913 7.74497 7.748316 7.763989 7.771456 7.780734 7.770931 7.766165 7.774111 7.789182 7.814847 7.845589 7.861279 7.86828 7.872537 7.852667 7.867411 7.862245 7.868326 7.874564 7.899662 7.916888 7.919886 7.928556 7.93734 7.93646 7.923054 7.931804 7.932251 7.929379 7.937515 7.949245 7.967071 7.997509 8.011454 8.020006 8.031748 8.032687 8.038108
7.593215 7.549969 7.567784 7.583824 7.650153 7.664545 7.670654 7.675875 7.682474 7.690993 7.691584 7.693196 7.69088 7.691736 7.654294 7.651397 7.664532 7.686083 7.690983 7.694954 7.693111 7.691373 7.704238 7.713454 7.722566 7.718907 7.748745 7.761001 7.775156 7.783557 7.785843 7.777748 7.777369 7.789142 7.806585 7.838745 7.857367 7.871678 7.87897 7.881987 7.874906 7.878778 7.8731 7.880303 7.890324 7.905429 7.918838 7.930135 7.932494 7.94842 7.945906 7.9324 7.939968 7.942815 7.93996 7.949819 7.967368 7.979864 8.009833 8.022918 8.030323 8.034853 8.040651
7.595647 7.607271 7.561796 7.61566 7.599 7.665911 7.680241 7.68468 7.690771 7.696898 7.70273 7.704183 7.705623 7.704728 7.668835 7.66956 7.665582 7.684474 7.69977 7.693654 7.703793 7.701975 7.707302 7.716033 7.724043 7.726655 7.731699 7.761731 7.772871 7.78577 7.790469 7.791151 7.781152 7.790999 7.804948 7.828335 7.85722 7.854994 7.882617 7.888364 7.889035 7.884128 7.88863 7.883907 7.889038 7.905357 7.917221 7.929437 7.938652 7.948644 7.956528 7.955176 7.948446 7.950044 7.942295 7.953856 7.971024 7.98001 7.994524 8.021483 8.033983 8.042011 8.043983
7.582995 7.613425 7.566828 7.576721 7.629986 7.614544 7.680182 7.692677 7.6987 7.70531 7.710287 7.714405 7.71758 7.717939 7.719737 7.68344 7.689396 7.686418 7.706958 7.71267 7.712389 7.712388 7.713275 7.715744 7.726135 7.735553 7.738757 7.745629 7.77459 7.784147 7.785946 7.797585 7.797906 7.79421 7.805107 7.823911 7.849874 7.868853 7.883626 7.893174 7.896282 7.898263 7.893989 7.899526 7.895808 7.903551 7.916536 7.922114 7.940496 7.949486 7.9692 7.9634 7.953936 7.951538 7.959271 7.955225 7.957943 7.975799 7.992019 8.011851 8.032483 8.041516 8.053517
7.589912 7.60278 7.622474 7.631019 7.591354 7.612626 7.667341 7.699491 7.710278 7.713481 7.719117 7.721744 7.725239 7.729169 7.732378 7.696718 7.700079 7.703918 7.698784 7.719886 7.712314 7.71615 7.721334 7.719482 7.728572 7.736746 7.747923 7.751385 7.774396 7.785877 7.792461 7.795197 7.809737 7.807493 7.808268 7.821774 7.844678 7.865827 7.866351 7.894035 7.903307 7.903316 7.909691 7.904542 7.900067 7.906281 7.920219 7.918182 7.938704 7.949841 7.959543 7.97917 7.967029 7.964711 7.967051 7.961764 7.966482 7.984731 7.987814 8.005264 8.027081 8.044682 8.052641
7.596373 7.607072 7.619223 7.635842 7.639761 7.637784 7.661234 7.683717 7.715254 7.723931 7.727336 7.730721 7.733201 7.72482 7.730236 7.72836 7.710527 7.714067 7.717772 7.726693 7.732174 7.728908 7.725508 7.731842 7.732215 7.73906 7.747937 7.760116 7.767332 7.789845 7.797523 7.801243 7.806362 7.819063 7.811177 7.823371 7.840869 7.860103 7.879768 7.87757 7.888824 7.892904 7.91314 7.908339 7.916989 7.911131 7.92459 7.932168 7.929158 7.948858 7.960248 7.980595 7.98097 7.969375 7.987073 7.976316 7.97234 7.982882 7.996552 8.003895 8.016487 8.040737 8.056045
7.601757 7.613783 7.622963 7.629929 7.645316 7.6096 7.65299 7.669965 7.683803 7.731233 7.737934 7.740352 7.741717 7.74385 7.732853 7.742507 7.742615 7.723562 7.728433 7.716517 7.738742 7.731277 7.733579 7.734476 7.743273 7.741758 7.749603 7.760784 7.771896 7.781885 7.804537 7.807244 7.810025 7.819487 7.82765 7.825743 7.84023 7.859006 7.875115 7.889977 7.888944 7.900144 7.899142 7.924829 7.91988 7.917112 7.92236 7.939513 7.929861 7.93986 7.959073 7.98056 7.990407 7.986676 7.97878 7.983075 7.98003 7.984612 7.997934 8.000523 8.017885 8.027225 8.054327
7.628064 7.617793 7.632067 7.635059 7.638771 7.614262 7.653201 7.663722 7.684769 7.697514 7.744831 7.756926 7.751167 7.75239 7.754579 7.740093 7.755525 7.737253 7.73664 7.742981 7.728846 7.742619 7.740356 7.745697 7.75084 7.756056 7.753082 7.760904 7.773258 7.785016 7.807018 7.812865 7.816427 7.820573 7.831594 7.84087 7.840958 7.859429 7.870981 7.889469 7.888671 7.90041 7.90624 7.918432 7.933418 7.940678 7.945146 7.94081 7.932638 7.940683 7.952414 7.979736 7.990818 7.999846 7.983902 7.994717 7.993048 7.991005 8.004017 8.008871 8.011819 8.030014 8.03909
7.636221 7.625773 7.635227 7.647692 7.648129 7.619229 7.628086 7.665901 7.678289 7.698371 7.74232 7.758742 7.769381 7.77229 7.76296 7.752179 7.751204 7.769405 7.748384 7.751047 7.751368 7.751475 7.750713 7.752459 7.75551 7.761752 7.766335 7.765246 7.776227 7.787135 7.797771 7.821343 7.822701 7.826203 7.834107 7.846588 7.842684 7.859595 7.871362 7.885314 7.899987 7.900115 7.91048 7.914315 7.929801 7.944955 7.952156 7.94222 7.952937 7.941841 7.951149 7.966473 7.990394 8.000323 8.00591 8.002371 8.000528 8.00398 8.002295 8.015294 8.020619 8.032033 8.042185
7.668102 7.65067 7.635776 7.652582 7.65982 7.654541 7.633776 7.643184 7.675054 7.692113 7.711929 7.750311 7.771434 7.780115 7.782371 7.759236 7.761549 7.783619 7.763337 7.761889 7.760353 7.7658 7.760857 7.760283 7.769499 7.765965 7.773672 7.771226 7.77937 7.789438 7.800714 7.81038 7.834372 7.840787 7.836674 7.842988 7.861707 7.860439 7.873751 7.883121 7.898441 7.910944 7.910963 7.918435 7.923663 7.942843 7.95585 7.965544 7.959665 7.947489 7.953514 7.960247 7.987755 8.000649 8.009469 8.0015 8.010568 8.005744 8.0156 8.020869 8.026373 8.025897 8.04419
7.686426 7.673174 7.666117 7.65431 7.666214 7.674419 7.661513 7.649575 7.679208 7.689437 7.707842 7.721736 7.764401 7.787795 7.791016 7.792068 7.769874 7.770957 7.783401 7.77177 7.770532 7.773643 7.782285 7.768479 7.772278 7.776532 7.778084 7.783327 7.784286 7.793766 7.803081 7.812995 7.822742 7.836493 7.852287 7.848679 7.859137 7.876358 7.876056 7.886039 7.894688 7.910333 7.910577 7.920145 7.926486 7.934284 7.958072 7.967158 7.985872 7.9684 7.956417 7.962969 7.970887 7.99923 8.009563 8.018531 8.012957 8.022888 8.016956 8.028645 8.038358 8.044071 8.037731
7.694814 7.693852 7.672791 7.659172 7.670275 7.680029 7.680243 7.669525 7.675495 7.691491 7.702284 7.721788 7.77212 7.776374 7.799023 7.80099 7.786623 7.780092 7.7809 7.79432 7.778896 7.783796 7.784972 7.789915 7.787293 7.783748 7.786915 7.787879 7.79343 7.797905 7.808699 7.815667 7.825048 7.839648 7.84129 7.865052 7.860658 7.875549 7.880657 7.887335 7.897337 7.899428 7.9121 7.920666 7.929479 7.936655 7.957602 7.969607 7.98057 7.97457 7.962827 7.965489 7.972767 7.982912 8.01044 8.018668 8.018271 8.023291 8.02249 8.032679 8.044422 8.049179 8.049009
7.697351 7.708129 7.699328 7.688325 7.670218 7.681729 7.695027 7.6818 7.679375 7.699172 7.704817 7.714645 7.732718 7.786863 7.787437 7.809619 7.811225 7.790048 7.789724 7.790675 7.797013 7.792461 7.794499 7.796879 7.803126 7.807893 7.796118 7.797915 7.797208 7.806865 7.81163 7.822392 7.821166 7.837112 7.843676 7.871304 7.879066 7.872332 7.894841 7.893041 7.898334 7.899245 7.910783 7.922322 7.931273 7.938899 7.947815 7.956912 7.980763 8.003938 7.972901 7.971393 7.976821 7.984149 8.011382 8.021068 8.027365 8.024775 8.036653 8.034201 8.047196 8.05473 8.060102
7.703228 7.712208 7.715861 7.69322 7.703836 7.683103 7.697614 7.704177 7.686836 7.700162 7.711056 7.717928 7.726907 7.780626 7.788293 7.798862 7.819319 7.822458 7.803975 7.799654 7.836264 7.811901 7.805274 7.806569 7.807 7.812039 7.819329 7.809322 7.80778 7.807827 7.820223 7.825994 7.835848 7.839626 7.855092 7.853645 7.883233 7.89226 7.890963 7.913479 7.900418 7.910513 7.910255 7.924312 7.931143 7.941006 7.948967 7.959941 7.982936 7.997977 8.014741 7.981316 7.980053 7.985201 7.992898 8.021954 8.031117 8.034738 8.037269 8.042539 8.050945 8.053493 8.057754
7.725696 7.714013 7.724164 7.721484 7.709301 7.690793 7.696645 7.713476 7.706757 7.687324 7.713526 7.723781 7.730569 7.741185 7.795625 7.799492 7.809306 7.829685 7.812538 7.812526 7.800718 7.828769 7.824415 7.817677 7.817312 7.820446 7.821882 7.812344 7.818446 7.817163 7.824036 7.833099 7.839446 7.836949 7.845252 7.858106 7.870009 7.896586 7.907457 7.908947 7.93216 7.911358 7.913108 7.92126 7.933923 7.940607 7.950736 7.960187 7.970843 7.998405 8.011551 8.015069 7.988155 7.990168 7.997472 8.003159 8.032718 8.03504 8.043117 8.049675 8.053295 8.063129 8.064914
7.690945 7.730597 7.724039 7.735804 7.726933 7.724018 7.699338 7.712326 7.726937 7.710942 7.714503 7.726292 7.735743 7.741485 7.75221 7.806599 7.810397 7.819775 7.841154 7.825534 7.812831 7.829539 7.838391 7.836591 7.828699 7.832637 7.831285 7.831097 7.82474 7.827744 7.826516 7.836607 7.842373 7.852963 7.847647 7.858643 7.868649 7.880131 7.911031 7.908993 7.922345 7.917729 7.922132 7.925577 7.934199 7.942761 7.953206 7.961869 7.971919 7.980927 8.012904 8.016159 8.003675 7.996524 8.000823 8.010318 8.02698 8.041105 8.048797 8.053038 8.05406 8.063195 8.072578
7.684115 7.748239 7.749557 7.739788 7.741919 7.721663 7.736819 7.713255 7.735023 7.728188 7.726616 7.727712 7.740274 7.747829 7.754829 7.802399 7.817242 7.820076 7.830485 7.830657 7.830735 7.821042 7.84446 7.85115 7.847767 7.838652 7.839289 7.841099 7.84249 7.835835 7.837181 7.837351 7.849049 7.856016 7.865748 7.859667 7.872221 7.879366 7.892086 7.928001 7.923003 7.920636 7.923864 7.934771 7.933316 7.945154 7.953683 7.965057 7.97189 7.982741 7.994841 8.024192 8.02937 8.010779 8.001234 8.010296 8.029308 8.044533 8.049057 8.062585 8.064032 8.068644 8.079324
7.68276 7.704418 7.747424 7.760514 7.75175 7.731997 7.734593 7.746599 7.727621 7.747429 7.726372 7.738489 7.743284 7.752076 7.758902 7.769073 7.814569 7.829085 7.830319 7.842041 7.842989 7.831246 7.829477 7.857014 7.864082 7.859074 7.853335 7.847964 7.850286 7.852664 7.845626 7.84725 7.84919 7.862082 7.868824 7.863809 7.872308 7.882369 7.896136 7.905396 7.944117 7.934128 7.954572 7.93516 7.936345 7.944613 7.953798 7.967325 7.976032 7.982809 7.993117 8.028085 8.026577 8.036773 8.018076 8.016223 8.023092 8.039005 8.049643 8.064301 8.069724 8.0691 8.082086
7.668423 7.74044 7.763024 7.775387 7.764776 7.756848 7.737291 7.744947 7.735582 7.743276 7.75782 7.739464 7.748916 7.755191 7.763496 7.771648 7.778362 7.828403 7.840459 7.841411 7.839276 7.85123 7.839347 7.861371 7.868232 7.876429 7.868068 7.860355 7.856956 7.856162 7.86292 7.855464 7.857211 7.861115 7.871725 7.881267 7.874856 7.885243 7.892461 7.909179 7.923132 7.954365 7.945574 7.965487 7.945951 7.944396 7.955389 7.966723 7.98183 7.986601 7.993876 8.009094 8.028788 8.039505 8.040946 8.021168 8.025858 8.042275 8.046441 8.062266 8.075974 8.078389 8.083176
7.692571 7.68638 7.762532 7.78037 7.786737 7.771718 7.762485 7.748716 7.757923 7.748881 7.766505 7.74993 7.760946 7.759772 7.766831 7.774208 7.782577 7.829825 7.838918 7.85196 7.851177 7.844758 7.858307 7.848134 7.872987 7.877985 7.88766 7.876725 7.86862 7.865606 7.86515 7.870202 7.865231 7.868271 7.872868 7.884182 7.893211 7.888577 7.894866 7.903574 7.924469 7.938225 7.964808 7.942818 7.950728 7.946592 7.958783 7.967467 7.981529 7.991306 7.997477 8.007812 8.040223 8.041214 8.047327 8.03216 8.028839 8.035046 8.052053 8.060345 8.076546 8.086649 8.084058
7.699923 7.727726 7.757835 7.77711 7.791963 7.800749 7.777664 7.775857 7.760428 7.771567 7.763239 7.766424 7.762691 7.771466 7.769141 7.777858 7.785274 7.793305 7.842642 7.850289 7.849032 7.859958 7.852198 7.862708 7.856789 7.884183 7.890278 7.896254 7.885029 7.877246 7.874606 7.874178 7.879145 7.875222 7.878863 7.886547 7.896567 7.887296 7.898226 7.904915 7.924775 7.940057 7.970537 7.975239 7.969886 7.959378 7.956139 7.970971 7.979388 7.996011 8.000433 8.00759 8.02522 8.044209 8.051087 8.053171 8.04039 8.041306 8.047314 8.055601 8.076751 8.089262 8.087635
7.702906 7.691135 7.702023 7.780604 7.792114 7.802856 7.803485 7.790714 7.786626 7.77285 7.785268 7.776614 7.770424 7.772203 7.781744 7.782196 7.789887 7.79742 7.844857 7.854042 7.861959 7.859273 7.845682 7.873461 7.870902 7.891098 7.90035 7.900866 7.905215 7.868247 7.884195 7.883487 7.883706 7.894158 7.886517 7.889819 7.898751 7.893716 7.902888 7.908136 7.917841 7.941324 7.954375 7.96236 7.985773 7.993041 7.972281 7.96624 7.982327 7.993979 8.006785 8.009634 8.022814 8.052995 8.054222 8.060753 8.064004 8.043405 8.049421 8.059146 8.067523 8.088889 8.100424
7.706071 7.716563 7.736437 7.768847 7.793156 7.803153 7.819238 7.806714 7.803892 7.770555 7.785778 7.803661 7.787536 7.782928 7.792986 7.792783 7.794374 7.803093 7.808808 7.856462 7.861829 7.87348 7.868492 7.857943 7.87879 7.874263 7.901604 7.90875 7.909469 7.912606 7.87765 7.892292 7.892848 7.892455 7.902983 7.897486 7.901626 7.910887 7.904846 7.914141 7.920136 7.940244 7.953469 7.965225 7.973923 7.985784 7.981518 7.981724 7.976942 7.993447 8.007628 8.014793 8.019081 8.037248 8.054987 8.063838 8.067981 8.072377 8.051141 8.056454 8.068912 8.081247 8.101771
7.701379 7.701189 7.732424 7.743722 7.785856 7.806335 7.814758 7.825247 7.818848 7.811219 7.79834 7.797136 7.796664 7.800342 7.792709 7.804476 7.803537 7.807973 7.814078 7.819115 7.866196 7.872497 7.884781 7.868522 7.867252 7.882733 7.882197 7.912792 7.918258 7.918791 7.895566 7.887109 7.901854 7.902479 7.900143 7.911516 7.907496 7.913412 7.923516 7.920196 7.925652 7.936057 7.955995 7.965889 7.986602 7.986091 7.986271 7.988812 7.990455 7.991112 8.006983 8.019732 8.023798 8.034714 8.055515 8.065911 8.073474 8.076065 8.059543 8.064083 8.060904 8.082694 8.099714
7.717835 7.711455 7.71411 7.724643 7.780228 7.80691 7.818673 7.833868 7.829441 7.82042 7.791667 7.810958 7.802913 7.810448 7.803183 7.814156 7.815572 7.814765 7.820936 7.823757 7.871083 7.876351 7.88327 7.869567 7.867988 7.876266 7.891437 7.894058 7.926191 7.926768 7.927482 7.9028 7.895932 7.911217 7.91188 7.907832 7.91966 7.917698 7.93334 7.922953 7.931332 7.938992 7.959061 7.968033 7.964183 7.987749 8.002095 7.99564 7.996613 7.990794 8.006542 8.019374 8.030035 8.03764 8.046023 8.065951 8.075891 8.080936 8.084027 8.066005 8.075664 8.083851 8.094244
