inputs/Middelgrunden/Resource grid 1   Sector 1   Height 64m   Sector frequency.grd
DSAA
 111           201 
 728800        731000
 6176000       6180000
 6.254308E-02  6.349213E-02
[rows 161 to 183 of 201, columns 53 to 105 of 111]
6.271661E-02 6.271438E-02 6.271156E-02 6.271234E-02 6.271341E-02 6.271298E-02 6.271535E-02 6.266859E-02 6.269975E-02 .0626999 6.269879E-02 6.269383E-02 6.269163E-02 6.268518E-02 6.268029E-02 6.267934E-02 6.267142E-02 6.266566E-02 6.266641E-02 6.266162E-02 6.265758E-02 6.265212E-02 6.265067E-02 6.265165E-02 6.265248E-02 6.265131E-02 6.265031E-02 6.264962E-02 6.264946E-02 6.265254E-02 6.265226E-02 6.266185E-02 6.265941E-02 6.265665E-02 6.264177E-02 6.263792E-02 6.263238E-02 6.262824E-02 6.262567E-02 6.263444E-02 6.263283E-02 6.263615E-02 6.262859E-02 6.262397E-02 6.266055E-02 6.266145E-02 6.265943E-02 6.266104E-02 6.265035E-02 6.264719E-02 6.264463E-02 6.264476E-02 6.265006E-02
6.271283E-02 .0627123 6.271105E-02 6.271078E-02 6.271253E-02 6.267201E-02 .0626746 .0627058 6.270108E-02 .0626958 6.269358E-02 6.268792E-02 6.268843E-02 6.268579E-02 6.268275E-02 6.268082E-02 6.267168E-02 6.266416E-02 6.266107E-02 6.265492E-02 6.265026E-02 6.265084E-02 6.264977E-02 6.265073E-02 6.264927E-02 6.264506E-02 6.264669E-02 6.264848E-02 6.263509E-02 .0626525 6.265066E-02 6.265012E-02 6.265828E-02 .0626545 6.263833E-02 6.263418E-02 6.263058E-02 6.262774E-02 6.262569E-02 6.263427E-02 6.263254E-02 6.263155E-02 6.262645E-02 6.262197E-02 6.265934E-02 6.265076E-02 6.264952E-02 6.265132E-02 6.265181E-02 6.265264E-02 6.265077E-02 6.264938E-02 6.265061E-02
6.271461E-02 6.271216E-02 6.267062E-02 6.267055E-02 6.267048E-02 6.266777E-02 6.266622E-02 6.270219E-02 6.269734E-02 6.269434E-02 .0626938 6.268902E-02 6.268984E-02 6.268609E-02 6.268063E-02 6.267916E-02 6.266629E-02 6.266028E-02 .0626579 6.265224E-02 6.265108E-02 6.264934E-02 .06265 6.264739E-02 6.264796E-02 6.264391E-02 6.264442E-02 6.264526E-02 6.264792E-02 6.263359E-02 6.262863E-02 6.264222E-02 6.265233E-02 6.264936E-02 6.263621E-02 6.263291E-02 .0626286 6.262723E-02 6.262066E-02 6.261932E-02 .0626316 6.262979E-02 .0626203 6.261288E-02 6.265146E-02 6.265502E-02 6.265851E-02 6.265834E-02 6.265588E-02 6.265323E-02 6.265058E-02 6.264928E-02 6.265146E-02
6.267597E-02 6.267174E-02 6.266838E-02 6.266599E-02 6.266584E-02 .0626615 6.265939E-02 6.270023E-02 6.269787E-02 6.269936E-02 6.269541E-02 6.268547E-02 6.268489E-02 6.267898E-02 6.267395E-02 .0626736 6.266397E-02 6.265964E-02 6.266144E-02 6.265377E-02 6.265018E-02 .0626467 6.264766E-02 6.264699E-02 .0626482 6.264211E-02 .0626402 6.264067E-02 .0626423 6.262586E-02 6.262255E-02 .0626214 6.264763E-02 .0626482 6.263567E-02 .0626338 6.262824E-02 6.262124E-02 6.261964E-02 6.261528E-02 6.261055E-02 6.262312E-02 6.262414E-02 6.262124E-02 6.265919E-02 6.265752E-02 6.265973E-02 6.265689E-02 6.265529E-02 6.265226E-02 6.265077E-02 6.265032E-02 6.265314E-02
.0626749 6.266907E-02 6.266391E-02 6.266162E-02 6.266139E-02 6.265376E-02 6.265812E-02 6.269955E-02 6.269725E-02 6.269564E-02 6.269111E-02 6.268061E-02 6.267907E-02 .0626758 6.267142E-02 6.266973E-02 6.267005E-02 6.265886E-02 6.266438E-02 6.265549E-02 6.265054E-02 .0626474 6.264643E-02 6.264335E-02 6.264611E-02 6.264219E-02 6.263737E-02 6.263413E-02 6.263512E-02 6.262089E-02 6.261829E-02 6.261805E-02 6.261925E-02 6.263126E-02 6.263172E-02 6.263221E-02 6.262591E-02 6.261253E-02 6.261534E-02 6.261873E-02 .0626184 6.261549E-02 6.262486E-02 6.261966E-02 6.265833E-02 .0626568 6.266152E-02 6.265723E-02 6.265422E-02 6.265278E-02 6.265125E-02 6.265063E-02 6.265529E-02
6.267331E-02 6.266899E-02 .0626649 6.266069E-02 6.265861E-02 6.265499E-02 6.265242E-02 6.269278E-02 6.269068E-02 .0626897 6.268989E-02 .0626808 6.267934E-02 6.267592E-02 6.267078E-02 6.266986E-02 .0626701 6.265602E-02 6.266385E-02 6.265879E-02 .0626544 6.264879E-02 6.264597E-02 6.264106E-02 6.264012E-02 .0626358 6.263351E-02 6.263079E-02 6.262703E-02 6.263344E-02 6.261515E-02 6.261407E-02 6.261525E-02 6.262752E-02 6.260592E-02 6.262726E-02 6.262305E-02 6.261943E-02 6.261702E-02 6.261674E-02 6.261734E-02 6.261257E-02 6.262361E-02 6.261866E-02 6.265818E-02 6.265634E-02 6.265899E-02 6.265642E-02 6.265382E-02 6.265161E-02 .0626521 .0626481 6.264016E-02
6.268302E-02 6.267515E-02 6.267151E-02 6.266353E-02 6.265409E-02 6.265011E-02 6.264588E-02 6.268702E-02 6.268764E-02 6.268797E-02 6.268878E-02 6.267963E-02 6.267932E-02 6.267681E-02 6.267241E-02 6.266979E-02 6.267029E-02 6.265647E-02 6.266413E-02 6.266006E-02 6.265716E-02 6.265236E-02 .0626442 .0626355 6.263456E-02 6.262846E-02 6.262849E-02 6.262773E-02 6.262424E-02 6.262886E-02 6.261101E-02 6.260747E-02 6.261272E-02 6.261485E-02 6.261112E-02 6.261019E-02 6.260929E-02 6.261776E-02 6.261589E-02 6.261466E-02 .0626143 .0626105 6.260724E-02 6.261837E-02 6.265772E-02 6.265607E-02 6.265869E-02 6.265654E-02 6.265385E-02 6.264662E-02 6.264686E-02 6.263951E-02 6.264167E-02
6.268448E-02 6.267925E-02 6.267156E-02 6.265625E-02 6.265001E-02 6.264746E-02 6.264269E-02 6.268534E-02 6.268635E-02 6.268644E-02 6.268733E-02 .0626833 6.268156E-02 6.268102E-02 6.267451E-02 6.267116E-02 .0626683 6.265561E-02 .0626625 6.265989E-02 6.265375E-02 .0626499 .0626455 6.263407E-02 6.263218E-02 .0626261 6.262431E-02 6.262412E-02 6.262102E-02 6.262901E-02 .062609 6.260833E-02 6.260984E-02 6.261004E-02 6.260605E-02 6.260537E-02 6.260535E-02 6.260717E-02 6.261361E-02 6.261314E-02 6.261289E-02 6.260879E-02 6.260713E-02 6.260463E-02 6.265806E-02 .0626578 6.265911E-02 6.265065E-02 6.264962E-02 6.264915E-02 6.263965E-02 6.264357E-02 6.264365E-02
6.268171E-02 6.267416E-02 6.266502E-02 6.265397E-02 6.265257E-02 6.264769E-02 6.264209E-02 6.268489E-02 6.268637E-02 6.268636E-02 6.268972E-02 6.268426E-02 6.268122E-02 6.268281E-02 6.267636E-02 6.267244E-02 6.266885E-02 6.265312E-02 6.265713E-02 6.265637E-02 6.265209E-02 6.264684E-02 6.264371E-02 6.263807E-02 6.263451E-02 6.263068E-02 6.262417E-02 6.262255E-02 6.261881E-02 6.262562E-02 6.260667E-02 6.260492E-02 6.260394E-02 6.260546E-02 6.258654E-02 6.260225E-02 6.260039E-02 6.260296E-02 6.260571E-02 6.260508E-02 6.261081E-02 6.260831E-02 6.260609E-02 6.260393E-02 6.264336E-02 6.265492E-02 .0626551 6.265266E-02 6.265117E-02 6.264068E-02 6.264155E-02 6.264661E-02 6.264263E-02
.0626798 6.267172E-02 6.266135E-02 6.265493E-02 6.265178E-02 6.265014E-02 6.268068E-02 6.268542E-02 6.269094E-02 6.268902E-02 6.268935E-02 6.268393E-02 6.267963E-02 6.268089E-02 6.267662E-02 6.267233E-02 6.266692E-02 6.265041E-02 6.265102E-02 6.265168E-02 6.265036E-02 6.264995E-02 .0626504 6.264085E-02 6.264195E-02 .0626311 6.262527E-02 6.262323E-02 6.261689E-02 6.262217E-02 6.261855E-02 6.260223E-02 6.260528E-02 6.260291E-02 6.258188E-02 6.259712E-02 6.259593E-02 6.259791E-02 6.260221E-02 .0626007 6.260505E-02 .0626074 6.259997E-02 6.263642E-02 6.263981E-02 6.265871E-02 6.265671E-02 6.265406E-02 6.264342E-02 6.264211E-02 6.264117E-02 6.264705E-02 6.264511E-02
6.268404E-02 6.266768E-02 6.266295E-02 6.266055E-02 6.265254E-02 6.265294E-02 6.268441E-02 6.268324E-02 .0626914 6.268895E-02 6.268935E-02 6.268457E-02 6.267803E-02 6.267896E-02 6.267423E-02 6.266957E-02 6.266472E-02 6.265418E-02 6.265381E-02 .062659 6.265145E-02 6.264877E-02 6.264381E-02 6.264184E-02 6.264517E-02 6.263572E-02 6.262851E-02 6.262209E-02 6.261385E-02 6.261903E-02 6.261604E-02 6.259979E-02 6.259955E-02 6.259384E-02 6.258661E-02 6.259459E-02 .0625943 6.259656E-02 6.259809E-02 6.259682E-02 6.259596E-02 6.259587E-02 6.259423E-02 6.263824E-02 6.264081E-02 6.264678E-02 6.265853E-02 6.264412E-02 6.264193E-02 6.264362E-02 6.264656E-02 .0626496 6.264549E-02
6.268414E-02 6.267276E-02 6.266601E-02 6.266126E-02 .062661 6.265719E-02 .0626887 .0626848 6.268893E-02 6.268802E-02 6.268577E-02 6.268451E-02 6.267737E-02 6.267679E-02 6.267273E-02 6.267413E-02 6.267302E-02 6.265979E-02 6.264976E-02 6.265094E-02 .0626478 .0626474 .0626424 6.264207E-02 6.264558E-02 .0626355 6.262922E-02 .0626241 6.261503E-02 .0626194 .0626134 6.259643E-02 6.259064E-02 6.258877E-02 6.258681E-02 6.258468E-02 6.259369E-02 6.259367E-02 6.259177E-02 .0625878 6.259429E-02 6.259551E-02 6.259575E-02 6.263512E-02 6.264227E-02 6.264371E-02 6.263198E-02 6.264441E-02 6.264417E-02 6.264485E-02 6.264656E-02 6.264472E-02 6.263805E-02
6.267662E-02 .0626725 6.267221E-02 6.266268E-02 6.265835E-02 6.265624E-02 6.268743E-02 6.268614E-02 6.269063E-02 6.269138E-02 6.268767E-02 6.268501E-02 6.268078E-02 .0626843 6.268042E-02 6.266921E-02 6.266712E-02 6.265769E-02 6.265131E-02 6.265288E-02 6.264783E-02 6.264655E-02 6.263967E-02 6.263831E-02 6.264236E-02 6.263694E-02 6.263168E-02 6.262852E-02 .0626167 6.261985E-02 .0626123 6.260981E-02 6.258875E-02 6.258724E-02 6.258574E-02 .0625791 6.258924E-02 6.258977E-02 6.259058E-02 6.258959E-02 6.259275E-02 6.259576E-02 6.259553E-02 6.263433E-02 6.263772E-02 6.263209E-02 6.263193E-02 .0626271 6.263817E-02 6.263597E-02 6.264011E-02 6.263694E-02 6.263083E-02
.0626771 6.267057E-02 .0626672 6.266545E-02 6.266013E-02 .0626559 6.268956E-02 6.268767E-02 6.269599E-02 6.269928E-02 6.269514E-02 6.269251E-02 6.267676E-02 6.267622E-02 6.267485E-02 6.267221E-02 6.266954E-02 6.266127E-02 6.265285E-02 6.265602E-02 6.265014E-02 6.264604E-02 6.263921E-02 6.263788E-02 6.264298E-02 6.263854E-02 6.263342E-02 6.262878E-02 .0626188 6.261995E-02 6.261502E-02 6.260696E-02 6.258933E-02 6.257921E-02 6.257705E-02 .0625746 6.257665E-02 6.259262E-02 6.259025E-02 .0625942 6.259121E-02 6.259156E-02 6.259494E-02 6.263474E-02 6.262811E-02 .0626277 6.262217E-02 6.262273E-02 6.263462E-02 6.263226E-02 6.263629E-02 6.263212E-02 .0626754
6.267256E-02 6.266912E-02 .0626651 6.266288E-02 6.266321E-02 6.266686E-02 6.270089E-02 6.269613E-02 .0626981 6.269345E-02 6.268558E-02 6.268539E-02 6.267837E-02 6.267801E-02 6.268041E-02 6.267531E-02 6.267183E-02 6.266095E-02 6.265333E-02 6.265694E-02 6.264973E-02 6.264634E-02 6.264047E-02 6.264103E-02 6.264482E-02 6.263732E-02 .0626322 6.262449E-02 6.262166E-02 6.262518E-02 .0626107 6.260359E-02 6.258471E-02 6.257989E-02 6.257503E-02 6.257471E-02 6.257565E-02 6.259272E-02 6.258819E-02 6.259273E-02 6.258872E-02 6.258698E-02 6.257679E-02 6.261697E-02 6.262267E-02 6.262366E-02 6.261951E-02 6.261437E-02 6.261183E-02 6.263063E-02 6.268194E-02 6.268064E-02 6.267764E-02
6.266983E-02 6.267004E-02 6.267366E-02 6.267264E-02 6.266978E-02 6.266741E-02 6.269914E-02 6.268702E-02 6.268611E-02 6.269136E-02 6.268768E-02 .062688 .0626803 6.267899E-02 6.268129E-02 .0626775 6.267285E-02 6.266122E-02 6.264998E-02 6.265584E-02 6.265451E-02 6.264971E-02 6.264228E-02 6.264059E-02 6.264585E-02 6.264112E-02 6.263556E-02 6.262775E-02 6.262045E-02 .0626208 .0626106 6.260708E-02 .062605 6.258551E-02 6.257724E-02 6.257483E-02 6.257266E-02 .062574 6.258363E-02 6.258865E-02 6.258453E-02 6.256947E-02 6.257054E-02 .0626118 6.262065E-02 6.261761E-02 .0626139 .0626121 6.261218E-02 6.266271E-02 .0626822 6.268124E-02 6.267843E-02
6.267509E-02 6.267665E-02 6.267288E-02 6.266973E-02 6.265969E-02 6.265685E-02 .0626943 6.269012E-02 6.268838E-02 6.268957E-02 6.268861E-02 6.268694E-02 6.268191E-02 6.267789E-02 .0626793 6.267584E-02 6.267054E-02 6.266253E-02 6.266154E-02 6.265459E-02 6.265379E-02 6.265092E-02 6.264636E-02 6.264433E-02 6.264766E-02 .0626443 6.263431E-02 6.262322E-02 .0626224 6.261949E-02 6.261632E-02 .062613 6.260478E-02 6.258328E-02 6.257426E-02 6.256847E-02 6.256756E-02 6.256703E-02 6.257595E-02 6.258283E-02 6.257075E-02 6.256812E-02 6.256593E-02 6.260481E-02 6.261434E-02 6.261545E-02 6.261349E-02 6.266048E-02 6.265996E-02 6.266571E-02 6.266506E-02 6.267744E-02 6.267857E-02
6.267051E-02 6.266209E-02 6.266163E-02 6.265932E-02 6.265975E-02 6.265747E-02 6.269459E-02 6.269155E-02 6.269173E-02 6.269327E-02 .0626894 6.268604E-02 6.267937E-02 6.267813E-02 6.267625E-02 6.267583E-02 6.267356E-02 6.266404E-02 6.266361E-02 6.265713E-02 .0626549 6.265158E-02 6.264469E-02 6.264136E-02 6.263912E-02 6.263904E-02 6.263913E-02 6.263071E-02 6.262238E-02 6.262228E-02 6.261772E-02 6.261089E-02 6.260034E-02 6.258021E-02 6.257233E-02 6.256786E-02 6.256472E-02 6.255955E-02 6.256931E-02 .0625644 6.256346E-02 6.256163E-02 6.256285E-02 6.260395E-02 6.261227E-02 6.265893E-02 6.265992E-02 6.266028E-02 6.266091E-02 6.266657E-02 6.266508E-02 6.267455E-02 6.267057E-02
.0626599 6.265967E-02 6.265588E-02 6.265979E-02 6.266005E-02 6.269851E-02 .0626964 6.269265E-02 6.269176E-02 6.269476E-02 6.269408E-02 6.268456E-02 6.267596E-02 6.267574E-02 6.267796E-02 6.267848E-02 6.267554E-02 6.266686E-02 6.266417E-02 6.265707E-02 6.265737E-02 6.264865E-02 6.263819E-02 6.263853E-02 6.264222E-02 6.263895E-02 6.263557E-02 6.263199E-02 6.262296E-02 6.261991E-02 6.261295E-02 6.261026E-02 6.260166E-02 6.258179E-02 6.257206E-02 6.256662E-02 6.256429E-02 6.255759E-02 6.254308E-02 6.255744E-02 .0625561 6.255844E-02 6.256159E-02 6.260154E-02 6.265851E-02 .0626558 6.265682E-02 6.265996E-02 6.266079E-02 6.266326E-02 .0626595 6.265526E-02 6.266636E-02
6.266118E-02 6.266173E-02 6.265874E-02 6.265858E-02 6.266004E-02 6.269854E-02 .0626967 6.269142E-02 6.269101E-02 6.269025E-02 6.269348E-02 6.268858E-02 6.267612E-02 .062676 .0626795 .0626831 6.267764E-02 6.266757E-02 6.266413E-02 6.264955E-02 6.265034E-02 6.264982E-02 6.264205E-02 6.264074E-02 6.264053E-02 6.263714E-02 6.262939E-02 6.261595E-02 6.261531E-02 .062622 6.261455E-02 .0626098 .0626029 6.260135E-02 6.257455E-02 6.256688E-02 6.256327E-02 6.254528E-02 6.254366E-02 6.255733E-02 6.255495E-02 6.255493E-02 6.260745E-02 6.265039E-02 6.265683E-02 6.265458E-02 6.265194E-02 6.265228E-02 6.265617E-02 6.265817E-02 .0626552 6.265393E-02 6.265145E-02
6.266216E-02 6.266204E-02 .0626585 6.266088E-02 6.265879E-02 6.269731E-02 6.269707E-02 .06269 6.268754E-02 6.268806E-02 .0626917 6.269249E-02 6.268325E-02 6.267846E-02 .062677 6.268264E-02 6.267729E-02 6.266205E-02 6.265944E-02 6.265013E-02 .0626497 6.264694E-02 .0626381 6.263512E-02 6.263501E-02 6.263432E-02 6.262417E-02 .0626146 6.261194E-02 6.261499E-02 6.261217E-02 6.260834E-02 .062602 6.259891E-02 6.257404E-02 6.256835E-02 6.255724E-02 6.254941E-02 6.254802E-02 6.255068E-02 6.255665E-02 6.260321E-02 6.260484E-02 6.265032E-02 6.265233E-02 6.264848E-02 6.264783E-02 .0626489 6.265544E-02 6.265794E-02 6.265534E-02 6.265326E-02 6.265278E-02
6.266508E-02 6.266138E-02 6.265824E-02 6.265663E-02 6.265726E-02 .0626929 6.269333E-02 6.269065E-02 6.268996E-02 6.268929E-02 .0626939 .0626936 6.268781E-02 6.268149E-02 6.267281E-02 .0626739 6.267259E-02 6.266348E-02 6.265868E-02 6.265309E-02 6.264589E-02 6.264304E-02 6.263264E-02 6.263119E-02 6.263147E-02 6.263068E-02 6.262404E-02 6.261387E-02 6.261043E-02 .0626132 6.261042E-02 6.260294E-02 6.259689E-02 6.259386E-02 6.257419E-02 6.256182E-02 6.255788E-02 6.255232E-02 6.255491E-02 6.260406E-02 6.260891E-02 6.260306E-02 6.260093E-02 6.264697E-02 6.264932E-02 6.264771E-02 6.264871E-02 6.265011E-02 6.265801E-02 .0626582 6.265984E-02 6.265878E-02 6.265946E-02
6.266636E-02 6.266213E-02 6.265772E-02 6.265209E-02 6.265225E-02 6.268992E-02 6.269262E-02 6.268996E-02 .0626925 6.269348E-02 6.269614E-02 6.269531E-02 6.267866E-02 6.267487E-02 6.266997E-02 6.267038E-02 6.266674E-02 6.266037E-02 6.265914E-02 6.265194E-02 6.264324E-02 .0626386 6.263119E-02 6.262942E-02 6.262928E-02 .0626247 6.262019E-02 6.261481E-02 6.261033E-02 6.260759E-02 6.260474E-02 6.259749E-02 .0625964 6.259484E-02 6.257711E-02 6.255973E-02 6.255747E-02 6.255339E-02 6.260334E-02 6.259994E-02 6.259542E-02 6.260514E-02 6.260412E-02 6.265153E-02 6.265095E-02 6.265062E-02 6.265273E-02 6.265624E-02 6.266387E-02 6.266423E-02 6.266467E-02 6.266395E-02 .0626613
