inputs/Middelgrunden/Resource grid 1   Sector 12   Height 64m   Sector frequency.grd
DSAA
 111           201 
 728800        731000
 6176000       6180000
 5.494025E-02  5.575248E-02
[rows 161 to 183 of 201, columns 53 to 105 of 111]
5.539038E-02 5.539014E-02 5.539098E-02 5.539169E-02 5.539494E-02 5.539671E-02 5.539991E-02 5.543065E-02 5.545983E-02 5.546025E-02 5.546012E-02 5.546708E-02 5.546247E-02 5.545947E-02 5.545571E-02 5.545538E-02 5.543702E-02 5.543237E-02 5.543203E-02 5.543076E-02 5.543013E-02 5.542722E-02 5.542684E-02 5.542835E-02 5.542983E-02 5.543241E-02 .0554318 5.543201E-02 .0554298 5.543147E-02 5.543559E-02 5.544816E-02 5.544643E-02 .0554448 5.543128E-02 5.542791E-02 .0554288 5.542777E-02 5.542687E-02 5.550221E-02 .0554998 5.549873E-02 5.549769E-02 5.549479E-02 5.552789E-02 5.552776E-02 5.552481E-02 5.552017E-02 5.551115E-02 5.551001E-02 5.549906E-02 5.549795E-02 5.549988E-02
.0553868 5.538814E-02 5.539155E-02 5.539327E-02 5.539559E-02 5.536265E-02 5.536402E-02 5.546272E-02 5.546089E-02 5.545712E-02 5.546565E-02 5.546179E-02 5.545956E-02 5.545895E-02 5.545759E-02 5.544557E-02 5.543711E-02 5.543164E-02 5.542699E-02 5.542605E-02 5.542484E-02 5.542714E-02 5.542606E-02 5.542779E-02 5.542588E-02 5.542486E-02 5.542746E-02 5.542996E-02 5.541839E-02 5.543268E-02 5.543583E-02 .0554383 5.544566E-02 5.544381E-02 5.542965E-02 5.542618E-02 5.542824E-02 5.542794E-02 5.542728E-02 5.550192E-02 5.549957E-02 5.549728E-02 .055495 5.549271E-02 5.552603E-02 5.551765E-02 5.551618E-02 5.551235E-02 5.551364E-02 5.551609E-02 5.550451E-02 5.550148E-02 .0554991
5.538818E-02 5.538888E-02 5.535688E-02 5.535824E-02 5.535946E-02 5.536202E-02 5.542729E-02 5.545945E-02 5.545796E-02 5.546582E-02 .0554651 5.546377E-02 5.545981E-02 5.545838E-02 5.544504E-02 5.544407E-02 5.543213E-02 5.542899E-02 5.542484E-02 5.542497E-02 5.542667E-02 5.542691E-02 5.542795E-02 .0554246 5.542452E-02 5.542368E-02 5.542489E-02 5.542694E-02 5.542896E-02 5.541616E-02 .0554152 5.543073E-02 5.544148E-02 5.543825E-02 5.542778E-02 5.542611E-02 5.542704E-02 5.542804E-02 5.549061E-02 5.548877E-02 5.549867E-02 5.549828E-02 5.549018E-02 5.548461E-02 5.551845E-02 .0555211 5.552115E-02 5.551833E-02 5.551803E-02 5.550708E-02 5.550347E-02 5.550169E-02 5.549821E-02
5.535475E-02 .0553536 5.535476E-02 5.535494E-02 5.535669E-02 5.535727E-02 5.542216E-02 5.545981E-02 5.547019E-02 5.547047E-02 5.546599E-02 5.546079E-02 5.545554E-02 5.545253E-02 5.543897E-02 5.543944E-02 5.543065E-02 5.542932E-02 5.542867E-02 5.542722E-02 5.542601E-02 5.542467E-02 5.542423E-02 5.542577E-02 5.542527E-02 5.542202E-02 5.542071E-02 5.542298E-02 5.542423E-02 .0554091 5.540943E-02 5.541059E-02 5.543629E-02 5.543881E-02 5.542847E-02 5.542849E-02 5.542694E-02 5.549083E-02 5.548935E-02 .0554853 5.547948E-02 5.549249E-02 5.549356E-02 5.549234E-02 5.552572E-02 5.552347E-02 5.552024E-02 5.551775E-02 5.550794E-02 5.550609E-02 5.550356E-02 5.550013E-02 5.549682E-02
5.535312E-02 5.535153E-02 5.535001E-02 5.535124E-02 5.535307E-02 .0554195 5.542225E-02 .0554692 5.546894E-02 5.546747E-02 5.546246E-02 5.545627E-02 5.545129E-02 5.543789E-02 5.543663E-02 5.543594E-02 .0554354 .0554309 5.543233E-02 5.542909E-02 5.542658E-02 5.542435E-02 5.542299E-02 5.542315E-02 5.542365E-02 .0554229 5.542018E-02 .0554174 5.541812E-02 5.540422E-02 5.540549E-02 5.540802E-02 5.541211E-02 5.542396E-02 5.542753E-02 .0554261 5.542424E-02 5.548297E-02 5.548596E-02 5.548901E-02 5.548565E-02 .0554853 5.549418E-02 5.549097E-02 5.552464E-02 5.552242E-02 5.552147E-02 5.551008E-02 5.550855E-02 5.550696E-02 5.550281E-02 .0554997 5.549543E-02
5.535112E-02 5.535132E-02 5.534992E-02 5.535114E-02 5.542008E-02 5.542089E-02 5.542865E-02 5.546136E-02 5.546052E-02 5.546059E-02 5.546083E-02 5.545733E-02 5.544167E-02 .0554379 5.543564E-02 5.543529E-02 5.543643E-02 5.543029E-02 5.543249E-02 5.543257E-02 5.542941E-02 5.542524E-02 .0554227 5.542163E-02 5.541801E-02 5.541833E-02 .0554169 5.541642E-02 5.541524E-02 5.541606E-02 5.540388E-02 5.540499E-02 5.540947E-02 5.542273E-02 5.540776E-02 5.542272E-02 5.548913E-02 5.548886E-02 5.548707E-02 5.548614E-02 5.548402E-02 5.548192E-02 5.549293E-02 5.549004E-02 5.552449E-02 5.552384E-02 .0555216 5.551038E-02 5.550805E-02 5.550511E-02 5.550275E-02 5.549674E-02 .0554812
5.536081E-02 5.535755E-02 5.535678E-02 5.535388E-02 5.541717E-02 5.542641E-02 5.542325E-02 5.545604E-02 5.545643E-02 5.545872E-02 5.546004E-02 5.545597E-02 5.544238E-02 5.543854E-02 5.543723E-02 5.543523E-02 5.543698E-02 5.543069E-02 5.543289E-02 5.543299E-02 .0554317 5.542832E-02 5.542121E-02 5.541702E-02 5.541398E-02 5.541127E-02 5.541348E-02 .0554132 .0554144 5.541242E-02 5.540112E-02 5.540138E-02 5.540876E-02 5.541086E-02 5.541216E-02 5.547583E-02 5.547705E-02 5.548721E-02 .0554853 5.548306E-02 5.548048E-02 5.547904E-02 5.547838E-02 5.548976E-02 5.552502E-02 5.552593E-02 .0555128 5.551106E-02 5.550823E-02 5.549992E-02 5.549724E-02 5.548578E-02 5.548174E-02
5.536316E-02 5.536122E-02 5.535789E-02 5.541851E-02 5.542406E-02 5.542339E-02 5.542219E-02 5.545512E-02 5.545571E-02 5.545841E-02 .0554592 5.544805E-02 5.544494E-02 5.544159E-02 5.543908E-02 5.543835E-02 5.543745E-02 5.543112E-02 5.543343E-02 5.543212E-02 5.542821E-02 5.542612E-02 5.542171E-02 5.541661E-02 5.541103E-02 .0554095 5.540957E-02 .0554102 5.541185E-02 5.541404E-02 5.540067E-02 5.540279E-02 5.540748E-02 5.540675E-02 5.540748E-02 5.547144E-02 5.547359E-02 5.547683E-02 5.548263E-02 5.548061E-02 5.547837E-02 5.547791E-02 5.547848E-02 5.547776E-02 5.552682E-02 5.551631E-02 5.551354E-02 5.550586E-02 5.550444E-02 5.550143E-02 5.549005E-02 5.548732E-02 .0554834
5.535974E-02 5.535737E-02 5.535279E-02 5.542644E-02 .0554268 5.542347E-02 5.542178E-02 5.545492E-02 5.545603E-02 5.545846E-02 5.545034E-02 5.544831E-02 5.544567E-02 5.544265E-02 5.544262E-02 5.544183E-02 5.544002E-02 5.543124E-02 5.542968E-02 5.542885E-02 5.542755E-02 .0554227 .0554219 5.542088E-02 5.541395E-02 5.541406E-02 5.540897E-02 5.540826E-02 5.541061E-02 5.541046E-02 5.539937E-02 5.540195E-02 .0554027 5.540264E-02 5.545877E-02 .0554702 5.547069E-02 5.547406E-02 5.547401E-02 5.547438E-02 5.547844E-02 5.547741E-02 5.547811E-02 5.547823E-02 5.550405E-02 5.551138E-02 5.550873E-02 5.550676E-02 5.550421E-02 5.549291E-02 5.549065E-02 5.548682E-02 5.548185E-02
5.535774E-02 5.535741E-02 5.543145E-02 5.542691E-02 5.542618E-02 5.542402E-02 5.545592E-02 5.545739E-02 5.546007E-02 5.546011E-02 .0554494 5.544715E-02 5.544527E-02 5.544264E-02 5.544262E-02 .0554424 5.543924E-02 5.542852E-02 5.542578E-02 5.542605E-02 5.542646E-02 5.542607E-02 5.543076E-02 5.542541E-02 5.542164E-02 5.541454E-02 5.541058E-02 5.540984E-02 5.540958E-02 5.540933E-02 5.541187E-02 5.540001E-02 5.540379E-02 5.540013E-02 5.545514E-02 5.546522E-02 5.546628E-02 5.546791E-02 5.547107E-02 5.547331E-02 5.547301E-02 .0554777 5.547363E-02 5.550754E-02 5.550027E-02 5.551183E-02 .0555096 5.550748E-02 5.549604E-02 5.549248E-02 5.548908E-02 5.548554E-02 5.548321E-02
5.536197E-02 .0554352 5.543274E-02 .0554323 5.542752E-02 5.542558E-02 5.545928E-02 5.545617E-02 5.546002E-02 5.544855E-02 .0554493 5.544773E-02 5.544588E-02 5.544318E-02 5.544126E-02 5.544087E-02 5.543772E-02 5.543323E-02 5.543041E-02 5.543229E-02 5.542765E-02 5.542718E-02 5.542693E-02 .0554276 5.542513E-02 5.542035E-02 5.541479E-02 5.541028E-02 .0554088 5.540885E-02 5.541074E-02 5.539766E-02 5.539751E-02 5.546491E-02 5.545318E-02 5.546333E-02 5.546311E-02 5.546626E-02 5.546698E-02 5.547019E-02 5.546568E-02 5.546786E-02 5.546945E-02 5.549891E-02 5.550158E-02 5.549971E-02 5.551059E-02 5.549797E-02 5.549453E-02 5.549286E-02 5.549125E-02 5.548665E-02 5.548479E-02
5.537193E-02 5.543904E-02 5.543492E-02 .0554321 5.543282E-02 5.543081E-02 5.546321E-02 5.545904E-02 5.544687E-02 5.544642E-02 5.544622E-02 5.544831E-02 5.544625E-02 5.544403E-02 5.544125E-02 5.544465E-02 5.544517E-02 5.543938E-02 5.542735E-02 5.542571E-02 5.542624E-02 5.542669E-02 5.542752E-02 .0554283 5.542639E-02 5.542054E-02 5.541691E-02 .0554125 5.541128E-02 5.541041E-02 5.540901E-02 5.539494E-02 5.545944E-02 5.546302E-02 5.545413E-02 5.545369E-02 5.546298E-02 .055464 5.546143E-02 5.546285E-02 5.546395E-02 5.546877E-02 .0554611 .0554969 5.550237E-02 5.549672E-02 5.548634E-02 5.549571E-02 5.549457E-02 5.549283E-02 5.548738E-02 .0554836 5.547849E-02
5.543573E-02 5.543842E-02 .0554401 5.543191E-02 5.543002E-02 5.542913E-02 .055461 5.546047E-02 5.544867E-02 5.544866E-02 5.544862E-02 5.544847E-02 5.545097E-02 .0554524 5.544729E-02 5.544033E-02 .0554403 5.543783E-02 5.542968E-02 5.542831E-02 5.542647E-02 5.542658E-02 5.542671E-02 5.542574E-02 .0554241 .0554222 5.541957E-02 5.541845E-02 5.541429E-02 5.541169E-02 5.540825E-02 5.540728E-02 5.545793E-02 5.546131E-02 5.545158E-02 5.544873E-02 5.545956E-02 5.546108E-02 5.546272E-02 5.546362E-02 5.546427E-02 5.546016E-02 5.546179E-02 5.549561E-02 5.549788E-02 5.548678E-02 5.548541E-02 5.548067E-02 5.548843E-02 5.548335E-02 5.547931E-02 5.547576E-02 5.547236E-02
5.543506E-02 5.543554E-02 5.543398E-02 5.543461E-02 5.543133E-02 .0554294 5.546144E-02 5.545105E-02 5.545451E-02 5.545599E-02 5.545527E-02 5.545534E-02 5.544798E-02 .0554466 5.544187E-02 5.544341E-02 5.544128E-02 5.544033E-02 5.543362E-02 5.543146E-02 5.542963E-02 5.542716E-02 5.542668E-02 .0554266 5.542522E-02 5.542498E-02 5.542266E-02 .0554204 5.541804E-02 5.541204E-02 5.541122E-02 5.547492E-02 5.545879E-02 5.545311E-02 5.544379E-02 5.544481E-02 5.544895E-02 .0554639 5.546465E-02 5.546473E-02 5.546514E-02 5.545761E-02 5.546157E-02 5.549669E-02 5.548762E-02 5.548268E-02 5.547759E-02 5.547736E-02 5.548443E-02 5.548096E-02 5.547502E-02 5.547285E-02 5.551164E-02
.0554301 5.543195E-02 5.543195E-02 .0554317 5.543331E-02 5.543835E-02 5.545965E-02 5.545846E-02 5.545827E-02 5.545134E-02 5.544779E-02 .0554502 5.545028E-02 5.544943E-02 5.544798E-02 .055446 5.544276E-02 5.543967E-02 5.543334E-02 5.543207E-02 5.542924E-02 5.542726E-02 5.542869E-02 5.543004E-02 .0554279 5.542504E-02 5.542319E-02 5.542294E-02 5.542059E-02 5.541786E-02 .0554781 5.547152E-02 5.545374E-02 5.545367E-02 5.544433E-02 5.544565E-02 .055449 5.546343E-02 5.546435E-02 5.546471E-02 5.545406E-02 5.545388E-02 5.544548E-02 5.548046E-02 .0554814 5.547874E-02 5.547465E-02 5.546881E-02 5.546521E-02 5.547802E-02 5.551706E-02 .0555167 5.551368E-02
5.542748E-02 5.543191E-02 5.543838E-02 5.543871E-02 5.543806E-02 5.543803E-02 5.545706E-02 5.545096E-02 5.544945E-02 .0554502 5.545102E-02 5.545323E-02 .0554525 5.545177E-02 5.544966E-02 5.544774E-02 .0554445 5.544029E-02 5.543116E-02 5.543111E-02 5.543349E-02 5.543051E-02 5.543013E-02 5.542925E-02 5.542973E-02 5.542999E-02 5.542745E-02 .0554265 5.542013E-02 5.541531E-02 5.547808E-02 .0554752 5.547228E-02 5.545859E-02 5.544696E-02 5.544696E-02 5.544699E-02 5.544741E-02 5.546125E-02 5.545121E-02 5.545105E-02 5.543983E-02 5.543993E-02 5.547519E-02 5.547715E-02 5.547367E-02 5.546927E-02 5.546721E-02 .0554653 5.550408E-02 5.551803E-02 5.551697E-02 5.551459E-02
5.543181E-02 5.543667E-02 5.543678E-02 5.543538E-02 5.542805E-02 5.541603E-02 .0554523 5.545378E-02 5.545222E-02 5.545085E-02 .0554518 5.545169E-02 .055454 5.545184E-02 5.544828E-02 5.544653E-02 5.544332E-02 5.544139E-02 5.544122E-02 5.543213E-02 5.543306E-02 5.543143E-02 5.543394E-02 5.543417E-02 5.543189E-02 5.543352E-02 5.542725E-02 5.542349E-02 5.542287E-02 5.548504E-02 5.548216E-02 5.547869E-02 5.547604E-02 5.545724E-02 5.544504E-02 5.544106E-02 .0554424 5.544224E-02 .055446 .0554482 5.543863E-02 .0554383 5.543537E-02 5.546742E-02 5.547107E-02 .0554713 5.546988E-02 5.550979E-02 .0555073 5.550458E-02 5.550189E-02 5.551326E-02 5.551475E-02
5.542722E-02 5.542145E-02 .0554261 5.542587E-02 5.541644E-02 5.541632E-02 5.545207E-02 .0554546 5.545624E-02 5.545528E-02 5.545078E-02 5.545081E-02 5.545218E-02 5.545118E-02 .0554468 5.544671E-02 5.544544E-02 .0554429 5.544372E-02 5.543523E-02 5.543378E-02 5.543218E-02 5.543314E-02 5.543092E-02 5.542602E-02 .05543 5.543193E-02 5.543022E-02 5.549223E-02 5.548666E-02 5.548392E-02 .0554782 5.547326E-02 .0554543 5.544301E-02 5.544055E-02 5.544034E-02 5.543995E-02 5.544046E-02 5.543158E-02 5.543267E-02 5.543275E-02 5.543253E-02 5.546735E-02 5.546771E-02 5.550981E-02 5.551093E-02 5.550879E-02 5.550717E-02 5.550269E-02 5.550169E-02 5.551077E-02 5.550719E-02
.0554161 5.541771E-02 5.542038E-02 5.542542E-02 5.541669E-02 5.545334E-02 5.545346E-02 5.545614E-02 5.545782E-02 5.545792E-02 .055456 5.544964E-02 5.544879E-02 5.544904E-02 5.544991E-02 5.544831E-02 5.544788E-02 5.544653E-02 .0554448 5.543578E-02 5.543612E-02 .0554292 5.542742E-02 5.542998E-02 5.543009E-02 5.543099E-02 5.542912E-02 5.543114E-02 5.549224E-02 .0554838 5.547992E-02 5.547769E-02 5.547498E-02 .0554564 5.544296E-02 .0554404 5.544243E-02 5.543138E-02 5.541822E-02 5.542589E-02 5.542614E-02 .0554281 5.543123E-02 5.546597E-02 5.550944E-02 5.550684E-02 5.550665E-02 5.550871E-02 5.550436E-02 5.550001E-02 5.549694E-02 5.549384E-02 5.550466E-02
5.541729E-02 5.541836E-02 5.542123E-02 5.541279E-02 5.541616E-02 5.545267E-02 5.545345E-02 5.545531E-02 5.545825E-02 5.545731E-02 5.545606E-02 5.545444E-02 5.544874E-02 5.544998E-02 5.545144E-02 5.545176E-02 5.544993E-02 5.544787E-02 .0554453 5.543024E-02 5.542932E-02 5.543197E-02 5.543135E-02 .0554328 .0554307 5.542849E-02 5.542279E-02 5.548663E-02 5.548567E-02 5.548585E-02 5.548111E-02 5.547647E-02 .0554757 5.547355E-02 5.544589E-02 5.544348E-02 5.543266E-02 5.542182E-02 5.542077E-02 .0554261 5.542595E-02 5.542518E-02 5.547092E-02 5.550795E-02 5.550838E-02 5.550506E-02 5.550315E-02 5.549992E-02 5.549699E-02 5.549436E-02 5.549221E-02 5.549347E-02 .0554914
5.541751E-02 5.541871E-02 5.542124E-02 5.541453E-02 5.541544E-02 5.545133E-02 5.545379E-02 5.545439E-02 5.545528E-02 5.545613E-02 5.545655E-02 5.545741E-02 5.545645E-02 5.545222E-02 5.545118E-02 5.545142E-02 5.545034E-02 5.544235E-02 5.544127E-02 5.543199E-02 .0554311 5.542971E-02 5.542933E-02 5.542956E-02 5.542651E-02 5.542644E-02 5.548816E-02 5.548489E-02 5.548155E-02 5.548036E-02 5.547873E-02 5.547542E-02 5.547428E-02 .0554716 5.544715E-02 5.544674E-02 5.542835E-02 .0554252 5.542326E-02 5.542104E-02 5.542787E-02 5.546978E-02 5.546935E-02 5.550546E-02 5.550408E-02 5.550155E-02 5.549853E-02 5.549615E-02 5.549472E-02 5.549502E-02 5.549438E-02 5.549247E-02 5.549235E-02
5.542057E-02 5.541881E-02 5.540855E-02 5.541175E-02 5.541411E-02 5.544735E-02 5.545054E-02 5.545519E-02 5.545771E-02 5.545881E-02 5.545925E-02 5.545938E-02 .0554603 5.545621E-02 5.544886E-02 5.544643E-02 5.544652E-02 5.544404E-02 5.544039E-02 .0554356 .055427 5.542747E-02 5.542619E-02 5.542728E-02 5.542459E-02 5.542265E-02 5.548774E-02 5.548365E-02 5.548092E-02 5.547769E-02 5.547645E-02 5.547296E-02 .0554703 5.546821E-02 5.545003E-02 5.543103E-02 5.543157E-02 .0554275 5.542746E-02 5.546822E-02 5.547513E-02 5.546946E-02 5.546599E-02 5.550037E-02 5.550288E-02 .0555003 5.549853E-02 5.549641E-02 5.549499E-02 5.549605E-02 5.549891E-02 5.549787E-02 5.549806E-02
5.542179E-02 5.540796E-02 5.540815E-02 5.540769E-02 5.540924E-02 5.544585E-02 5.545104E-02 5.545465E-02 .0554609 .055463 5.546316E-02 5.546089E-02 5.545196E-02 5.545079E-02 .0554486 5.544545E-02 5.544201E-02 5.544231E-02 5.544279E-02 5.543703E-02 5.542545E-02 5.542408E-02 5.542588E-02 5.542641E-02 5.542345E-02 5.548873E-02 5.548564E-02 5.548543E-02 5.548062E-02 5.547268E-02 5.547129E-02 .0554707 5.547021E-02 5.547304E-02 5.544211E-02 5.542926E-02 5.543375E-02 5.542824E-02 5.546686E-02 5.546644E-02 5.546358E-02 5.547081E-02 5.546929E-02 5.550475E-02 5.550348E-02 5.550358E-02 .055502 5.550085E-02 5.550088E-02 5.550291E-02 5.550286E-02 5.550296E-02 5.550204E-02
