inputs/Middelgrunden/Resource grid 1   Sector 9   Height 64m   Weibull-A.grd
DSAA
 111           201 
 728800        731000
 6176000       6180000
 7.1678        9.123199
[rows 28 to 55 of 201, columns 0 to 62 of 111]
7.3338 7.349067 7.364551 7.381337 7.397415 7.413988 7.427722 7.440898 7.456751 7.469602 7.476533 7.485619 7.492095 7.493212 7.491627 7.49366 7.490614 7.496132 7.524672 7.55033 7.576049 7.595476 7.624006 7.648479 7.672201 7.696949 7.719104 7.739629 7.758541 7.776875 7.795065 7.815569 7.835996 7.855966 7.875807 7.89994 7.922126 7.939106 7.960273 7.998585 8.018536 8.040199 7.918852 7.93599 7.958187 7.974208 7.996313 8.024138 8.070889 8.22143 8.238771 8.255038 8.166004 8.190215 8.200215 8.21292 8.228221 8.238546 8.254633 8.261504 8.283086 8.307604 8.329029
7.329048 7.34353 7.358782 7.37506 7.389687 7.407809 7.422225 7.438631 7.450574 7.465725 7.479334 7.48701 7.493265 7.499976 7.505165 7.503562 7.504982 7.514668 7.543001 7.569038 7.596206 7.619502 7.640079 7.668249 7.691354 7.714079 7.73738 7.759657 7.780481 7.801408 7.816641 7.833937 7.852803 7.872422 7.892749 7.911487 7.931294 7.952168 7.972332 7.989987 8.027058 8.047791 8.071127 7.94277 7.958849 7.98454 7.995724 8.015337 8.042612 8.065948 8.247312 8.264138 8.28109 8.297813 8.199645 8.214752 8.233739 8.245823 8.261084 8.27615 8.281095 8.296131 8.318178
7.323884 7.338659 7.353153 7.368424 7.384363 7.398459 7.416607 7.433604 7.446856 7.461048 7.474993 7.488461 7.496442 7.502638 7.507564 7.514556 7.515182 7.527565 7.548964 7.567601 7.612541 7.639682 7.663105 7.684376 7.705999 7.733131 7.75473 7.776721 7.798507 7.8189 7.83942 7.856077 7.868475 7.885276 7.907944 7.926833 7.945577 7.964188 7.98308 8.000729 8.021611 8.037942 8.074953 8.098831 7.964497 7.982272 8.008104 8.02187 8.034571 8.05848 8.082672 8.24893 8.289658 8.304827 8.321125 8.337873 8.234499 8.254061 8.265416 8.279974 8.285405 8.301395 8.309939
7.319251 7.330203 7.347742 7.362968 7.377843 7.393064 7.408535 7.425132 7.441727 7.458608 7.469542 7.486606 7.501008 7.505882 7.510598 7.516052 7.528575 7.545918 7.563289 7.583514 7.602218 7.654458 7.679274 7.704464 7.724272 7.747637 7.772007 7.794194 7.815143 7.836384 7.856363 7.874096 7.892861 7.910199 7.926332 7.942955 7.960864 7.97859 7.99645 8.014336 7.876346 8.047578 8.068343 8.084685 8.122453 7.984245 8.001694 8.028019 8.044012 8.059907 8.078968 8.098543 8.293714 8.289231 8.328744 8.34464 8.360603 8.253936 8.275235 8.285979 8.298224 8.308656 8.321777
7.319657 7.330544 7.342182 7.353498 7.371695 7.387522 7.402652 7.419137 7.434335 7.450715 7.467473 7.482184 7.492496 7.511474 7.519562 7.524851 7.539689 7.563697 7.583981 7.598617 7.616176 7.636014 7.695003 7.718582 7.740595 7.763816 7.786882 7.810547 7.831274 7.852413 7.872941 7.892217 7.909362 7.927058 7.945111 7.962207 7.974144 7.990342 8.007808 8.024805 8.039032 8.059523 8.063678 8.081546 8.109233 8.130908 8.005033 8.022534 8.048953 8.064724 8.073378 8.089559 8.119049 8.175193 8.314203 8.327724 8.36677 8.38259 8.399546 8.286703 8.30599 8.317399 8.329329
7.318614 7.331175 7.342904 7.354251 7.366279 7.378653 7.397035 7.413208 7.429592 7.444571 7.460514 7.475506 7.491288 7.504589 7.520352 7.537732 7.564023 7.59165 7.599117 7.618549 7.635646 7.649829 7.66625 7.682178 7.699184 7.722773 7.801001 7.823197 7.847369 7.867342 7.883024 7.907754 7.927086 7.943807 7.960185 7.978379 7.995373 8.008378 8.023593 8.039672 8.055801 8.071745 8.078808 8.103153 8.076263 7.900093 8.152379 8.004873 8.035522 8.062994 8.073381 8.09082 8.107101 8.118867 8.199692 8.360353 8.353581 8.365443 8.404356 8.418715 8.304933 8.324944 8.335584
7.316725 7.329641 7.343009 7.355495 7.367107 7.378912 7.391237 7.403318 7.422275 7.44002 7.456246 7.470609 7.48509 7.500787 7.518101 7.553217 7.581192 7.607999 7.635731 7.636437 7.652651 7.66954 7.685276 7.699114 7.713398 7.728409 7.744564 7.761546 7.779511 7.794725 7.902871 7.922105 7.940892 7.96058 7.977063 7.993263 8.009652 8.027069 8.043153 8.056286 8.07141 8.086713 8.101472 8.099006 8.102907 8.100622 7.894813 7.91311 7.960893 8.040013 8.05895 8.065333 8.107176 8.123453 8.139426 8.20993 8.38444 8.378648 8.390038 8.403765 8.441173 8.32159 8.339855
7.309536 7.325537 7.339255 7.352874 7.367027 7.378804 7.391198 7.404028 7.415409 7.428361 7.446625 7.467575 7.481294 7.50021 7.532737 7.564682 7.597557 7.627963 7.651696 7.677886 7.668979 7.685956 7.702533 7.717498 7.732556 7.745931 7.757995 7.771942 7.787453 7.806318 7.821586 7.936924 7.954755 7.973135 7.991541 8.008847 8.0251 8.040874 8.057796 8.073425 8.079111 8.093173 8.108566 8.122973 8.131308 8.119817 8.124577 7.912668 7.915893 7.945667 8.054368 8.057751 8.069653 8.085811 8.135036 8.151206 8.161071 8.190246 8.401473 8.414578 8.425363 8.437997 8.342028
7.290513 7.312282 7.330011 7.348084 7.361915 7.376834 7.389743 7.402208 7.41543 7.427062 7.440454 7.454611 7.473558 7.511127 7.546137 7.578339 7.609071 7.640277 7.669867 7.695997 7.678855 7.698718 7.716301 7.735166 7.749279 7.763941 7.777631 7.790279 7.800091 7.814715 7.83177 7.847984 7.971145 7.987525 8.00443 8.021949 8.038608 8.055335 8.071486 8.087091 8.103056 8.098564 8.098731 8.110291 8.126357 8.143077 8.132677 8.139824 7.932048 7.92212 7.964703 8.069236 8.05011 8.099975 8.100266 8.13182 8.165926 8.181763 8.213684 8.420786 8.435749 8.448681 8.46033
7.248963 7.273934 7.281376 7.317974 7.350274 7.36596 7.384331 7.403764 7.416365 7.426001 7.438237 7.451011 7.483075 7.516644 7.551757 7.584354 7.62089 7.651473 7.681278 7.710628 7.735872 7.760939 7.728241 7.745171 7.763567 7.780557 7.795135 7.807878 7.8203 7.831514 7.842361 7.857073 7.873365 7.886736 8.019923 8.035931 8.052216 8.068244 8.083861 8.100611 8.115744 8.131718 8.116851 8.117726 8.116059 8.126628 8.145947 7.957611 7.950885 7.957887 7.937544 7.975916 8.086808 8.051426 8.086637 8.110885 8.120064 8.18102 8.195747 8.26852 8.252288 8.455313 8.469852
7.205947 7.229574 7.254413 7.287609 7.319743 7.35592 7.360798 7.388002 7.408075 7.422916 7.439036 7.459198 7.497523 7.529155 7.561337 7.592879 7.624661 7.656672 7.690575 7.720787 7.750136 7.774484 7.798275 7.759499 7.773167 7.795981 7.813208 7.824499 7.838721 7.850014 7.860745 7.871059 7.885504 7.897358 7.911953 8.051573 8.06708 8.082526 8.09778 8.112904 8.128406 8.14447 8.15901 8.172411 8.135336 8.136693 8.135531 8.146121 7.948099 7.960149 7.961536 7.950696 7.979468 8.097693 8.122581 8.101875 8.107253 8.130661 8.165696 8.204016 8.446196 8.266169 8.269875
7.184237 7.199659 7.223169 7.249877 7.280163 7.319166 7.347084 7.378294 7.399436 7.422003 7.445576 7.461938 7.489847 7.517555 7.573226 7.604249 7.635016 7.662 7.694195 7.723336 7.753268 7.727597 7.747238 7.766898 7.786485 7.806492 7.822021 7.838849 7.854773 7.867157 7.879519 7.889776 7.899259 7.911615 7.924773 7.93645 7.948983 8.097365 8.111876 8.126173 8.141046 8.152072 8.171816 8.186625 8.188196 8.190563 8.153494 8.154201 8.157147 7.924598 7.968024 7.984941 7.972296 7.986676 8.032342 8.136949 8.110545 8.117719 8.133875 8.163052 8.161227 8.459503 8.280112
7.174025 7.181202 7.205332 7.233749 7.265562 7.291658 7.320056 7.349248 7.372867 7.398931 7.432899 7.457779 7.488013 7.514216 7.588019 7.613808 7.644783 7.675033 7.702841 7.728751 7.758311 7.788013 7.741952 7.773699 7.792645 7.811739 7.831258 7.848826 7.863867 7.879474 7.994367 8.012549 7.917877 7.928255 7.938229 7.933594 7.942689 7.952565 8.125233 8.140844 8.154707 8.161866 8.165927 8.170532 8.204054 8.20543 8.203609 8.20899 8.171736 8.175284 7.935282 7.972146 7.982232 7.958059 8.004396 8.031391 8.138487 8.120668 8.129004 8.145598 8.172457 8.194153 8.296312
7.180062 7.184558 7.199699 7.21655 7.247594 7.27334 7.297148 7.323711 7.350946 7.38807 7.438187 7.472986 7.510053 7.540938 7.574394 7.569118 7.653944 7.682644 7.711738 7.740812 7.765714 7.790827 7.819783 7.85226 7.787693 7.815301 7.835467 7.854431 7.872572 7.888855 7.903287 8.032152 8.042228 8.059197 7.955339 7.963399 7.948731 7.935764 7.953651 8.009933 8.168428 8.173908 8.176296 8.179274 8.183887 8.216342 8.219095 8.2212 8.219572 8.186763 8.192129 7.96321 7.9892 7.99875 7.953204 8.020461 8.039395 8.115164 8.131887 8.143355 8.162404 8.186958 8.217279
7.191877 7.190064 7.206518 7.213434 7.232401 7.259906 7.281492 7.320103 7.356731 7.394382 7.444911 7.480478 7.515331 7.547704 7.582233 7.612445 7.641993 7.610869 7.720425 7.745588 7.775967 7.799631 7.824709 7.850068 7.879566 7.81002 7.836806 7.85615 7.8759 7.894726 7.910872 7.92658 8.062259 8.071205 8.088251 8.094435 7.972977 7.964708 7.951954 7.946 8.033914 8.195319 8.190066 8.189727 8.192763 8.196807 8.227609 8.231252 8.234026 8.236416 8.237464 8.207447 7.990078 8.002696 8.019229 7.969747 8.001103 8.075905 8.124146 8.148103 8.158401 8.175838 8.200682
7.1678 7.205548 7.221611 7.235416 7.236539 7.265514 7.288184 7.331005 7.366234 7.401495 7.450359 7.488053 7.521038 7.554712 7.587425 7.618086 7.650544 7.679938 7.707475 7.661274 7.683877 7.80833 7.832431 7.854165 7.880993 7.904835 7.82958 7.857111 7.876415 7.896519 7.915788 7.931095 7.946975 8.09339 8.086822 8.096661 8.103246 8.109941 7.980629 7.967148 7.953365 8.110474 8.05416 8.207054 8.201653 8.206352 8.209867 8.238605 8.242327 8.245729 8.249332 8.253706 8.257453 8.022437 8.031693 8.039679 7.990956 8.021507 8.088915 8.134583 8.163842 8.17279 8.190468
7.200899 7.242073 7.254992 7.265376 7.282098 7.279968 7.305426 7.325781 7.378981 7.410368 7.445858 7.493656 7.527862 7.562674 7.592844 7.625054 7.656801 7.685873 7.712955 7.744395 7.682522 7.707526 7.732122 7.754599 7.873851 7.91005 7.932407 7.844847 7.86707 7.894189 7.915711 7.935807 7.951385 7.962974 7.975325 8.104343 8.09867 8.111999 8.117866 8.132728 7.982484 7.969877 8.108183 8.064874 8.221165 8.217946 8.219677 8.223299 8.226925 8.25345 8.256786 8.259671 8.266491 8.26825 8.036499 8.044991 8.055615 8.075525 8.047357 8.101429 8.14522 8.190833 8.18745
7.221728 7.24035 7.256576 7.271247 7.281815 7.303097 7.318477 7.343829 7.365671 7.426113 7.454878 7.500822 7.535153 7.56775 7.600581 7.632326 7.660027 7.692262 7.721813 7.749267 7.77429 7.804564 7.735349 7.753274 7.773961 7.796702 7.815203 7.835558 7.856762 7.879099 7.908852 7.931216 7.95298 7.965986 7.968968 7.976554 8.109509 8.108207 8.117041 8.125793 8.133282 8.143102 7.984872 7.972667 8.129605 8.070441 8.230448 8.228558 8.237182 8.239776 8.264684 8.267686 8.270747 8.276834 8.280645 8.284212 8.057228 8.069786 8.077303 8.171445 8.112722 8.155863 8.214529
7.225669 7.237632 7.254178 7.270201 7.289596 7.311492 7.337729 7.355554 7.379678 7.402579 7.471564 7.51386 7.54253 7.57498 7.607984 7.637784 7.668586 7.697785 7.725722 7.755708 7.783225 7.809528 7.833433 7.753778 7.779919 7.797206 7.816696 7.833559 7.856718 7.875455 7.894932 7.914503 7.924178 7.930328 7.955663 7.967229 7.979177 7.975029 8.112846 8.106425 8.13255 8.13957 8.15711 8.000571 7.988215 8.133783 8.081699 8.2437 8.239332 8.246814 8.253673 8.277267 8.278494 8.283645 8.286565 8.291124 8.294855 8.069952 8.08114 8.091109 8.174083 8.12631 8.167406
7.22872 7.245085 7.258838 7.276457 7.302836 7.323668 7.344983 7.370093 7.389121 7.410565 7.439004 7.468677 7.559416 7.586113 7.613944 7.645892 7.675637 7.703537 7.733093 7.760179 7.78784 7.815458 7.842003 7.867208 7.774269 7.798095 7.821702 7.839777 7.855308 7.874011 7.891824 7.914386 7.932445 7.925241 7.921256 7.942829 7.95017 7.976211 7.970492 7.963589 7.959096 8.124941 8.209416 8.218513 8.165816 8.002614 7.991045 8.146033 8.087115 8.25464 8.250203 8.263602 8.269578 8.292123 8.294 8.297501 8.300964 8.306047 8.073166 8.092421 8.103201 8.177948 8.127162
7.225733 7.245387 7.262488 7.287868 7.315804 7.339219 7.360576 7.37842 7.407901 7.422455 7.440835 7.481529 7.502326 7.601414 7.628034 7.654081 7.682474 7.711989 7.739364 7.76576 7.793873 7.821118 7.845881 7.872621 7.898301 7.922431 7.822582 7.838822 7.861457 7.877263 7.889385 7.902775 7.912091 7.928747 7.928473 7.917334 7.939802 7.947652 7.97727 7.967633 7.963468 7.957917 7.969175 8.22297 8.066427 8.234073 8.17256 8.006201 7.99524 8.096346 8.264994 8.264145 8.271424 8.280122 8.285488 8.306083 8.307725 8.310685 8.315674 8.087224 8.09133 8.114779 8.188824
7.230318 7.242435 7.263112 7.294429 7.324255 7.350734 7.374602 7.403214 7.420561 7.439581 7.463719 7.481176 7.503297 7.536083 7.640605 7.668447 7.695152 7.719708 7.746588 7.774327 7.798648 7.82523 7.852554 7.878126 7.901461 7.927339 7.951485 7.843882 7.864308 7.878572 7.897008 7.886576 7.904243 7.914301 7.931575 7.922072 7.917891 7.930845 7.945541 8.025743 7.970689 7.966978 7.958417 7.953748 8.070317 8.226398 8.069904 8.081872 8.020019 8.012207 8.019103 8.274503 8.274781 8.274422 8.288671 8.297058 8.319262 8.322195 8.321733 8.329764 8.325275 8.10511 8.111943
7.235078 7.250128 7.270414 7.2941 7.326676 7.359167 7.382731 7.415458 7.436982 7.455171 7.472469 7.494886 7.514282 7.535713 7.569709 7.587918 7.707643 7.732112 7.756396 7.78148 7.806986 7.832829 7.85598 7.876632 7.909383 7.932449 7.954541 7.979266 7.86693 7.889809 7.903966 7.897059 7.880526 7.904647 7.915384 7.939896 7.929539 7.919772 7.915836 7.938541 8.026784 8.024987 7.97112 7.964344 7.955205 7.968619 8.066988 8.068393 8.083098 8.092746 8.191183 8.033831 8.214387 8.282928 8.285435 8.289207 8.304343 8.31159 8.33483 8.33561 8.341182 8.334058 8.126916
7.222456 7.254399 7.282138 7.306981 7.330276 7.354658 7.399976 7.423155 7.446509 7.469441 7.487063 7.505859 7.526264 7.543202 7.564396 7.603793 7.622287 7.744245 7.769128 7.792196 7.81572 7.839841 7.865298 7.887724 7.911339 7.938592 7.962792 7.984444 8.005733 8.029146 7.912654 7.91907 7.907041 7.889136 7.898394 7.914858 7.946994 7.935616 7.927563 7.914514 7.933163 8.020407 8.021077 8.032392 7.969828 7.961666 7.964733 8.070007 8.067726 8.072511 8.087405 8.202914 8.119671 8.231066 8.240168 8.2932 8.295391 8.304455 8.319731 8.343966 8.34836 8.354782 8.348117
7.239495 7.264953 7.291915 7.317001 7.342075 7.371677 7.394345 7.418314 7.454948 7.477369 7.499801 7.518019 7.536527 7.558244 7.572481 7.592461 7.630873 7.648977 7.779235 7.80512 7.82841 7.849306 7.873182 7.896694 7.918539 7.940011 7.96467 7.99152 8.013148 8.034309 8.054157 7.929137 7.924984 7.917287 7.901777 7.903824 7.907977 7.951407 7.941544 7.933866 7.922899 7.933051 7.941802 8.012165 8.025783 8.039448 8.065141 7.97281 7.98909 8.073064 8.072395 8.08426 8.096975 8.050488 8.12114 8.297429 8.299373 8.303887 8.309165 8.324265 8.334972 8.359478 8.365909
7.24144 7.260391 7.296537 7.327603 7.357003 7.383722 7.405751 7.424634 7.444191 7.484894 7.507593 7.528915 7.547772 7.565697 7.587709 7.601608 7.61877 7.661866 7.678963 7.799993 7.825696 7.84898 7.884096 7.904411 7.928537 7.950624 7.96957 7.990718 8.016041 8.040256 8.061189 8.082254 7.946653 7.929833 7.92416 7.912803 7.90822 7.91585 7.951141 7.938892 7.939692 7.930528 7.930149 7.947168 8.019959 8.022722 8.029861 8.061601 8.067924 7.995264 8.074928 8.072641 8.08141 8.100523 8.064439 8.121593 8.118297 8.304583 8.311853 8.31168 8.32446 8.339931 8.349415
7.241447 7.265599 7.300194 7.332282 7.369601 7.397027 7.428067 7.449581 7.454433 7.471922 7.491603 7.536942 7.557079 7.575647 7.594356 7.616306 7.630852 7.646041 7.691955 7.7087 7.833356 7.857491 7.880699 7.903575 7.92392 7.950924 7.967051 8.00094 8.019063 8.040969 8.065617 8.086879 8.107647 8.126924 7.977003 7.929033 7.919699 7.913071 7.923553 7.9633 7.944002 7.936884 7.936588 7.929072 7.948386 8.030018 8.026827 8.032132 8.059505 8.060974 8.068098 8.075904 8.04104 8.080461 8.093938 8.068153 8.305564 8.126518 8.304406 8.303802 8.313086 8.325405 8.339112
7.203396 7.277458 7.307506 7.347736 7.373666 7.404549 7.431487 7.458122 7.488721 7.506342 7.52343 7.540818 7.56102 7.585379 7.602569 7.620491 7.643122 7.658167 7.674586 7.720841 7.738014 7.754723 7.888556 7.91102 7.922902 7.93536 7.947422 7.963043 7.999428 8.035226 8.05368 8.076262 8.101774 8.123816 8.137863 7.981596 7.989419 8.008831 7.914774 7.931155 8.038561 7.955728 7.94437 7.935296 8.044652 8.044233 8.001749 8.032452 8.037578 8.041009 8.064936 8.06501 8.069173 8.077019 8.045028 8.091195 8.102938 8.085485 8.315485 8.131596 8.312887 8.316075 8.326426
