inputs/Middelgrunden/Resource grid 1   Sector 11   Height 64m   Sector frequency.grd
DSAA
 111           201 
 728800        731000
 6176000       6180000
 9.081858E-02  .1045527
[rows 108 to 134 of 201, columns 0 to 60 of 111]
9.881853E-02 .0988724 9.894112E-02 9.901088E-02 9.908206E-02 9.914088E-02 9.918956E-02 9.925252E-02 9.933139E-02 9.939647E-02 9.946582E-02 9.953457E-02 .0995916 9.962641E-02 9.965036E-02 .0996757 9.971259E-02 9.977303E-02 9.982885E-02 9.989266E-02 9.994943E-02 .1000275 .1001011 .1001752 .1002267 .1002601 .1002711 .1003087 .1003343 .1003547 .1004197 .1004323 .1004394 .1005155 .1005234 .1005405 .100568 .1005962 .1006466 .1007054 .1007662 .1008221 .1008794 .1009624 .1010602 .1011427 .1011868 .1012214 .1012744 .101298 .1013179 .1013451 .1014012 .1014313 .1014224 .1014499 .1008095 .1008257 .1008443 .1008716 .1008895
9.876347E-02 9.882582E-02 9.895024E-02 9.900407E-02 9.905545E-02 9.913043E-02 9.920734E-02 9.927919E-02 9.934766E-02 9.941294E-02 9.946554E-02 9.952126E-02 .0995499 9.958764E-02 9.963349E-02 9.969337E-02 9.973822E-02 9.980945E-02 9.987924E-02 9.995443E-02 .1000153 .1000782 .1001295 .1001806 .1001915 .1002292 .1002464 .1002748 .1002975 .100314 .1003619 .1003667 .1003744 .1004547 .1004813 .100516 .1005629 .1006222 .1006858 .100745 .1007979 .1009128 .1010301 .1010977 .1011368 .1011816 .1012206 .1012426 .1012678 .1012857 .1013024 .1013095 .1013492 .1014 .1014041 .1007463 .1007496 .1007726 .1008055 .1008383 .1008686
9.877668E-02 9.884039E-02 9.887892E-02 9.898628E-02 9.907378E-02 9.915408E-02 9.922323E-02 .0992929 9.934603E-02 9.938607E-02 9.942807E-02 9.947229E-02 .0995213 9.960635E-02 9.965631E-02 9.972375E-02 9.979453E-02 9.987392E-02 9.995239E-02 .1000081 .1000413 .1000864 .1001092 .1001491 .1001873 .1001946 .1002 .100215 .100245 .1002576 .1003044 .1003081 .1003119 .1004118 .1004764 .1005415 .1006105 .1006721 .1007305 .1008537 .1009771 .1010383 .1010852 .101134 .1011717 .1011947 .1012161 .1012305 .1012324 .1012548 .101272 .1012922 .101309 .1013264 .1006757 .1006971 .1007204 .1007525 .1008061 .1013868 .101404
9.878019E-02 9.881486E-02 9.887692E-02 9.894615E-02 9.902006E-02 9.917364E-02 9.922999E-02 9.926023E-02 9.930012E-02 9.933509E-02 .0993887 9.948935E-02 9.956543E-02 9.963308E-02 9.970225E-02 9.978023E-02 9.986625E-02 9.992688E-02 9.998612E-02 .1000212 .1000378 .1000733 .1001068 .1001102 .1001408 .1001456 .100152 .1001722 .1001883 .1001865 .1002283 .1002457 .100381 .1004494 .1005124 .1005832 .100662 .1007893 .1009085 .1009844 .1010351 .1010773 .1011172 .1011319 .1011497 .1011744 .1011771 .1011922 .1012153 .1012332 .1012315 .1012349 .1005733 .1006003 .1006437 .1006835 .1007396 .101316 .1013462 .1013784 .1014086
9.877518E-02 9.883033E-02 9.888666E-02 9.895539E-02 9.902061E-02 9.906077E-02 9.917301E-02 9.921919E-02 9.926105E-02 9.934547E-02 9.943032E-02 9.952814E-02 .0996244 9.969663E-02 9.976968E-02 9.982749E-02 9.989259E-02 .0999423 9.998612E-02 .1000298 .1000441 .1000454 .1000601 .1000658 .1000836 .1001038 .1001012 .1001059 .1001187 .1001326 .1001725 .1002818 .1004164 .1004741 .1005769 .1007057 .1008134 .1009039 .1009798 .101027 .101066 .1010742 .1010902 .1010899 .1011145 .1011319 .1011564 .1011693 .1011671 .1011659 .101183 .1005261 .1005595 .1006045 .1006324 .1012394 .1012733 .1013036 .1013346 .1013732 .1013831
9.878131E-02 9.885523E-02 9.890189E-02 9.892654E-02 .0989454 9.899997E-02 9.907955E-02 .0991734 9.930392E-02 .0993837 9.948646E-02 9.960084E-02 9.968019E-02 9.973255E-02 9.979483E-02 .0998484 9.990433E-02 9.996073E-02 .1000009 .1000079 9.999876E-02 .1000136 .1000165 .1000241 .1000269 .1000466 .1000368 .1000563 .1000963 .1001516 .1002143 .1003147 .100483 .1006195 .1007127 .1007997 .1008784 .1009441 .1009961 .1010194 .101003 .1010276 .1010535 .1010789 .101105 .1010992 .1010905 .1010885 .1011136 .1011431 .1004956 .1005413 .1005807 .1011405 .1011665 .1011887 .1012379 .1012799 .1013152 .1013413 .1013544
9.879277E-02 9.883417E-02 9.884978E-02 9.886272E-02 9.891223E-02 9.900656E-02 9.909613E-02 9.919951E-02 9.930373E-02 9.946974E-02 9.956977E-02 .099635 9.969863E-02 9.975657E-02 9.981812E-02 9.987582E-02 9.992201E-02 9.994838E-02 9.995797E-02 9.997452E-02 9.995857E-02 9.995987E-02 9.996679E-02 9.997726E-02 9.998047E-02 .1000126 .1000266 .100062 .1001168 .1001964 .100295 .1004558 .1006121 .1006937 .1007733 .1008539 .1009099 .1009123 .10093 .1009549 .1009887 .1010135 .1010318 .1010309 .1010328 .101034 .1010432 .1010676 .1011045 .1004771 .100515 .1010919 .1011123 .1011124 .1011319 .1011619 .1012025 .1012562 .1012852 .1013763 .1015087
9.874365E-02 9.876255E-02 .0987905 9.887566E-02 .0989494 9.903307E-02 .0991323 9.927046E-02 9.938381E-02 9.947911E-02 9.953889E-02 9.966309E-02 9.972971E-02 9.977996E-02 .0998313 9.986337E-02 9.988654E-02 9.991325E-02 9.991822E-02 .0999136 .099895 9.991489E-02 .0999207 9.994107E-02 .0999734 .1000176 .1000389 .1001045 .1002174 .1003244 .1003981 .1005114 .1006591 .100733 .1008078 .1008217 .1008585 .1008861 .1009068 .1009287 .1009392 .1009455 .1009498 .1009662 .100981 .1010125 .1010409 .1010765 .100417 .1010022 .101037 .1010593 .1010811 .1010818 .101113 .1011542 .1011995 .1013502 .1014737 .1015061 .1015437
.0986869 9.876177E-02 9.883042E-02 9.890247E-02 9.898478E-02 9.910966E-02 9.922767E-02 9.933053E-02 9.942612E-02 9.950992E-02 9.957168E-02 9.964132E-02 9.974435E-02 9.978217E-02 9.980078E-02 9.982715E-02 9.985165E-02 9.985569E-02 9.986046E-02 9.987161E-02 .0998681 .0998852 9.991327E-02 9.994099E-02 9.996258E-02 .1000384 .1001603 .1002286 .1002942 .1003736 .100443 .1005131 .1006761 .1007332 .1007637 .1007983 .100834 .1008553 .1008626 .1008705 .1008733 .1008784 .1009013 .100927 .1009673 .1010035 .1003468 .1009282 .1009552 .1009801 .1009958 .1010234 .1010553 .1010804 .1011657 .101293 .1013844 .1014059 .1014566 .1015011 .1015666
9.871175E-02 9.878743E-02 9.886881E-02 9.897013E-02 9.908723E-02 9.919676E-02 9.930015E-02 9.938675E-02 9.944534E-02 9.952818E-02 9.959052E-02 9.964497E-02 9.967678E-02 9.971192E-02 9.978117E-02 9.977913E-02 9.978376E-02 9.980515E-02 9.984516E-02 9.983692E-02 9.986666E-02 9.988236E-02 9.991706E-02 .0999862 .10007 .1001293 .1002144 .1002628 .1003329 .1003885 .1004709 .1005936 .1006787 .1007063 .1007359 .1007619 .1007723 .1007908 .1008055 .1008128 .1008148 .1008268 .1008688 .100915 .1009488 .1008449 .100877 .1009052 .1009269 .1009458 .1009732 .1010434 .101145 .1012398 .101311 .1013382 .1013594 .101403 .1014594 .1015242 .101564
.0987422 9.884344E-02 9.897011E-02 9.906171E-02 9.916217E-02 9.927072E-02 .099339 9.940923E-02 9.948767E-02 9.954105E-02 9.957805E-02 .0996183 9.965868E-02 9.967563E-02 9.968462E-02 9.973478E-02 .0997539 9.980083E-02 9.983008E-02 9.982774E-02 9.986988E-02 9.994211E-02 9.999314E-02 .10004 .1000991 .1001574 .1002101 .1002841 .1003679 .1004256 .1004868 .1005854 .1006489 .100674 .1006858 .1006948 .1007137 .1007316 .1007203 .1007305 .1007746 .1008105 .1008494 .1014519 .1007945 .100831 .1008584 .1008724 .1009062 .1009799 .1010981 .1012105 .1012461 .1012563 .1012941 .1013278 .1013644 .101417 .1014435 .1014806 .1015605
.0988319 9.892679E-02 9.903315E-02 9.914374E-02 9.922761E-02 9.929603E-02 9.936005E-02 9.942479E-02 9.948067E-02 9.951907E-02 9.957945E-02 9.960239E-02 9.961536E-02 9.962819E-02 .0996493 9.968317E-02 9.972361E-02 9.978111E-02 9.985327E-02 9.990206E-02 9.991628E-02 9.994894E-02 .1000063 .1000686 .1001175 .1001812 .1002557 .1003209 .1003795 .1004355 .1004732 .1005532 .1006091 .1006304 .1006276 .1006189 .1006113 .100632 .1006618 .1007117 .1007478 .1013465 .1013864 .1007408 .1007802 .1008108 .1008728 .100938 .1010231 .1011225 .1011635 .1012021 .101233 .1012382 .1012726 .1013163 .1013642 .1014162 .1014782 .1015494 .1016457
.0989011 9.900935E-02 .099099 9.917519E-02 9.923319E-02 9.929939E-02 9.936915E-02 .0994085 9.946451E-02 9.951174E-02 9.953527E-02 .0995775 9.958502E-02 9.960259E-02 9.964537E-02 9.968554E-02 9.975795E-02 .0998233 .0998793 9.987485E-02 9.991331E-02 9.995354E-02 .1000231 .1000962 .1001689 .1002268 .1002765 .1003346 .1003838 .100407 .1004363 .100511 .1005088 .1005257 .1005213 .1005383 .1005584 .1005941 .1006456 .1012509 .1012884 .1013203 .1006714 .1007593 .1008331 .1008827 .1009668 .1010331 .1010864 .1011181 .1011513 .101178 .101195 .10124 .1012941 .101357 .1014219 .1014643 .1015425 .1016201 .1016602
9.896776E-02 9.905097E-02 9.912008E-02 9.916612E-02 9.923042E-02 9.929961E-02 9.935647E-02 9.941233E-02 9.944239E-02 9.947237E-02 9.949711E-02 9.954256E-02 9.957303E-02 9.962943E-02 9.970208E-02 9.974094E-02 9.975754E-02 9.979104E-02 9.981421E-02 9.984735E-02 9.993639E-02 .1000057 .1000785 .1001319 .1001882 .1002448 .1002949 .1003112 .1003416 .1003482 .1003513 .1004069 .1003949 .1004578 .1004784 .1005027 .1005418 .1011507 .1011798 .101215 .1006042 .1006931 .1007435 .1008103 .1009001 .1009428 .1009922 .1010409 .1010521 .1010901 .1011256 .1012 .1012643 .1012977 .1013403 .1013887 .1014614 .10152 .1015162 .101543 .1015775
9.899779E-02 9.905843E-02 9.911016E-02 9.916899E-02 9.923234E-02 9.929731E-02 9.933502E-02 9.937334E-02 9.940121E-02 9.942126E-02 9.945101E-02 9.955277E-02 9.966039E-02 .0996936 9.968922E-02 9.970161E-02 9.972806E-02 .0997825 9.985102E-02 9.989954E-02 9.996481E-02 .1000426 .1000986 .1001554 .100203 .1002389 .1002647 .1002496 .1002571 .1002452 .1002461 .1003323 .1003551 .1004153 .1004406 .1010443 .1010895 .1011568 .1012406 .1006095 .1006472 .1007398 .1008212 .1008412 .1008716 .1009223 .1009817 .1010263 .1010762 .1011322 .1011916 .1012417 .1012937 .1013225 .101379 .1013881 .1013973 .1014594 .1014928 .1015104 .101525
9.900054E-02 .099056 9.910371E-02 9.916046E-02 9.921611E-02 9.925414E-02 9.929171E-02 9.931654E-02 9.936673E-02 9.946112E-02 9.956262E-02 9.959871E-02 9.960388E-02 9.963427E-02 9.967146E-02 9.970996E-02 9.976359E-02 9.982857E-02 9.989928E-02 9.993435E-02 9.998786E-02 .1000365 .1000771 .100148 .100171 .1001824 .1001716 .1001484 .100178 .1001838 .1002676 .1002869 .1002943 .100941 .1010037 .1010974 .1011831 .1012191 .1005768 .1006666 .1007206 .1007426 .1007611 .1008196 .1008925 .1009569 .1010133 .1010576 .1011182 .1011668 .1012142 .1012593 .1012712 .1012595 .1013175 .1013716 .1014124 .1014279 .1014564 .1014757 .1015033
9.897635E-02 9.903548E-02 9.909985E-02 9.912518E-02 9.916905E-02 9.919552E-02 9.927689E-02 9.938147E-02 .0994622 9.950553E-02 9.950327E-02 .0995433 9.957835E-02 9.964726E-02 9.969596E-02 .0997509 9.982252E-02 9.987066E-02 9.991224E-02 9.994067E-02 9.997728E-02 .1000056 .1000427 .1000658 .1000932 .1000913 .1000993 .1001092 .1000895 .1001246 .1002058 .1008164 .1008926 .1009868 .1010816 .1011159 .1011991 .1005957 .1006204 .100648 .1006785 .100734 .1008144 .1008817 .1009252 .100968 .1010308 .1010867 .1011402 .1011532 .1011343 .1011827 .1012404 .1012813 .1013282 .1013572 .1013851 .101405 .1014306 .1014638 .1014979
.0989655 9.901387E-02 9.905446E-02 9.907342E-02 9.917569E-02 .0992889 9.934551E-02 9.936373E-02 9.940999E-02 9.947055E-02 9.951439E-02 9.954983E-02 9.959749E-02 9.965347E-02 9.973803E-02 9.978516E-02 9.983523E-02 9.987035E-02 .0998789 .0999062 9.993257E-02 9.995606E-02 9.997493E-02 9.999289E-02 .1000028 .1000051 .1000431 .1000448 .1000306 .1006839 .1008299 .1008922 .1009348 .1009697 .1011142 .1011988 .1005348 .1005735 .1006153 .100669 .1007119 .1007824 .1008469 .1008897 .1009439 .1009908 .1010339 .1010205 .1010254 .1010852 .1011461 .1012036 .1012554 .1012697 .1013069 .1013364 .1013621 .1013902 .1014277 .1014682 .1015033
9.893733E-02 9.896691E-02 9.907644E-02 .0991898 9.922122E-02 9.923389E-02 9.929537E-02 9.936328E-02 9.942868E-02 9.948845E-02 9.952828E-02 9.957176E-02 9.962743E-02 9.967437E-02 9.972575E-02 9.977879E-02 9.979974E-02 9.982797E-02 9.984016E-02 9.986625E-02 9.988032E-02 9.990179E-02 9.990668E-02 9.992909E-02 9.995045E-02 9.995735E-02 9.998658E-02 .1006429 .1006741 .1007121 .1008147 .1008773 .1009876 .1010784 .1004579 .1005105 .1005466 .1005782 .1006279 .100683 .1007493 .100808 .1008543 .100911 .1008903 .1008898 .100944 .1009872 .1010406 .1010931 .1011575 .1012043 .101239 .1012537 .1012908 .1013219 .1013539 .1014012 .1014516 .1014951 .1015589
9.898609E-02 9.907221E-02 9.908718E-02 9.913383E-02 .0991777 9.925918E-02 9.932917E-02 9.938417E-02 9.943209E-02 9.948768E-02 9.955087E-02 9.959882E-02 9.963213E-02 9.964672E-02 9.966605E-02 9.972078E-02 .0997464 9.977994E-02 9.979209E-02 9.982352E-02 9.984247E-02 9.984677E-02 9.986251E-02 9.989884E-02 .0999506 .1005774 .1005846 .1006014 .1005893 .1006994 .1009167 .1010045 .1010717 .1003972 .100468 .1005039 .1005496 .1005924 .1006474 .1007131 .1007658 .1007809 .1007523 .1008006 .1008435 .1008872 .1009415 .1009993 .1010565 .1011027 .1011409 .1011856 .1012286 .101249 .1012963 .1013425 .101389 .101446 .1015324 .1016119 .1017007
9.897456E-02 9.903221E-02 9.908182E-02 9.915181E-02 9.922051E-02 9.928053E-02 .099338 9.939283E-02 9.946355E-02 9.951036E-02 9.953261E-02 9.955481E-02 9.957775E-02 .0995855 9.960764E-02 9.963655E-02 9.970046E-02 9.974581E-02 9.976047E-02 .0997877 9.981172E-02 9.986751E-02 9.990783E-02 .1004918 .1004932 .1004966 .1005427 .1006478 .1007673 .1008901 .100956 .1010236 .1003516 .1003853 .1004672 .1005166 .1005635 .1006237 .1006445 .1006342 .1006576 .1007024 .100748 .1007834 .1008482 .1009053 .1009652 .1010215 .1010593 .1010902 .1011321 .1011926 .1012585 .101282 .1013298 .1014196 .1015021 .1015835 .1016438 .1016878 .1017207
9.896319E-02 9.902405E-02 9.910794E-02 9.918533E-02 9.924351E-02 9.931117E-02 9.937255E-02 9.939908E-02 9.941693E-02 .0994321 9.945615E-02 9.948196E-02 9.949568E-02 9.953578E-02 9.957877E-02 9.961847E-02 9.964973E-02 9.971551E-02 9.976796E-02 9.982891E-02 9.985293E-02 .1004275 .1004059 .100428 .1004917 .1006176 .1007147 .1007651 .1008024 .1009112 .1009375 .1002801 .100352 .1003976 .10044 .1005206 .1005104 .1005238 .1005707 .1006015 .1006323 .1006764 .1007423 .1008104 .1008758 .1009337 .1009677 .1010166 .1010724 .101128 .1011825 .1012357 .1013054 .1013786 .101468 .1015504 .1015863 .1016124 .1016483 .1016658 .1016904
9.897522E-02 9.906622E-02 .0991458 9.923163E-02 9.930288E-02 9.929699E-02 9.928741E-02 9.929449E-02 9.930082E-02 9.932889E-02 .0993553 9.940286E-02 9.946972E-02 9.952474E-02 9.956296E-02 9.961852E-02 9.969813E-02 9.977711E-02 .099751 .1003513 .1003618 .1003816 .1004655 .1005804 .1006384 .1006808 .1007341 .1007812 .1008047 .1009085 .1002274 .1002908 .1003325 .1003123 .1003376 .1004289 .1004883 .100514 .1005257 .1005646 .1006264 .1007003 .100771 .1008381 .1009032 .1009577 .1010053 .1010624 .1011205 .1011899 .1012744 .1013533 .1014348 .1014619 .1015112 .1015474 .101581 .1016071 .1016294 .1016497 .1016824
9.904903E-02 9.912747E-02 .0991885 9.919109E-02 9.917764E-02 9.915905E-02 9.916423E-02 9.917893E-02 9.920903E-02 9.925908E-02 9.931768E-02 9.938821E-02 9.946331E-02 .0995594 .0996406 .0996492 9.967003E-02 .1002802 .100317 .1003445 .1004265 .1005311 .100566 .1006016 .100651 .1007056 .1007535 .1007891 .1000904 .1001962 .1001824 .100181 .100223 .1002758 .10033 .1004197 .1004397 .1004646 .1005071 .1005873 .1006706 .1007525 .1008228 .1008815 .1009419 .100997 .101061 .1011515 .1012417 .1013174 .1013555 .1013999 .1014237 .101465 .1015026 .101547 .101573 .1015928 .1016245 .10166 .1016939
9.908661E-02 9.907368E-02 9.905548E-02 9.903017E-02 9.904075E-02 9.904983E-02 9.906936E-02 9.912129E-02 9.917358E-02 9.922674E-02 9.935178E-02 9.947595E-02 9.952134E-02 9.956738E-02 9.960444E-02 .1002393 .1002668 .1002946 .100357 .1004599 .1004921 .100529 .100568 .1006142 .1006704 .1007239 .1007647 .1000498 .1000114 .1000785 .1001128 .1001596 .1002509 .1002758 .1002953 .1003484 .1003756 .1004834 .1005716 .1006584 .1007485 .1008054 .100865 .100926 .1010228 .1011085 .1011898 .101248 .1012884 .101322 .1013686 .1014111 .1014311 .1014675 .1014995 .1015292 .1015628 .1016003 .1016303 .1017635 .1017943
9.894412E-02 9.893083E-02 9.891378E-02 9.892225E-02 9.894677E-02 9.898959E-02 9.903388E-02 9.913498E-02 9.922791E-02 9.932344E-02 9.940054E-02 9.948125E-02 9.955284E-02 .1001876 .1002037 .1002568 .1003406 .1003849 .1004009 .1004576 .1004934 .1005281 .100583 .1006392 .100674 .1006471 9.992788E-02 9.996156E-02 9.999418E-02 .1000766 .1001216 .1001709 .1002139 .1002405 .1002766 .100335 .1004551 .100538 .1006591 .1007266 .1007904 .1008796 .1009718 .1010486 .1011185 .1011662 .10121 .1012448 .101288 .1013391 .1013885 .1014222 .1014334 .1014541 .1014814 .1015236 .1015576 .1016711 .1016873 .1017216 .101757
9.880617E-02 9.879255E-02 .0988153 9.885452E-02 .0989415 9.902317E-02 9.913139E-02 9.920361E-02 9.930948E-02 9.939066E-02 9.944104E-02 .1001053 .1001421 .1002142 .1002974 .1003124 .1003418 .1003673 .1004008 .1004377 .1005047 .100559 .1005405 .1005233 .1005648 9.988417E-02 9.991958E-02 9.995388E-02 .1000513 .1000968 .1001236 .1001448 .1001982 .100254 .1003426 .1004259 .1005487 .1006269 .1007038 .1007954 .1009068 .100983 .1010372 .1010833 .1011213 .1011665 .1012126 .1012613 .101311 .1013513 .1013875 .1014096 .1014123 .1014235 .1014435 .1015571 .1015804 .1016266 .1016882 .1017381 .1017682
