inputs/Middelgrunden/Resource grid 1   Sector 11   Height 64m   Weibull-A.grd
DSAA
 111           201 
 728800        731000
 6176000       6180000
 6.474391      8.912449
[rows 28 to 55 of 201, columns 0 to 62 of 111]
6.554258 6.562599 6.573099 6.592363 6.605283 6.617649 6.629916 6.641366 6.652138 6.662984 6.677441 6.749745 6.766909 6.786613 6.81387 6.841462 6.791803 6.82632 6.886086 6.900803 6.975766 7.003939 7.037514 7.079904 7.101112 7.1452 7.183973 7.222858 7.259968 7.29457 7.333099 7.364998 7.388712 7.471566 7.506528 7.542193 7.571567 7.535129 7.557964 7.574326 7.605337 7.649691 7.68187 7.71331 7.739719 7.800482 7.799304 7.817976 7.841632 7.858819 7.875907 7.882664 7.892395 7.911342 7.947758 7.963356 7.959698 7.980926 8.020333 8.036844 8.056631 8.0798 8.105159
6.548486 6.567804 6.577655 6.590079 6.60268 6.614551 6.624743 6.634663 6.647099 6.66287 6.735571 6.752492 6.772986 6.797004 6.820807 6.77937 6.840497 6.854564 6.89248 6.956017 7.000982 7.029014 7.063369 7.092716 7.133124 7.173219 7.215032 7.252241 7.291904 7.324133 7.35676 7.434442 7.467184 7.503719 7.538338 7.502455 7.530946 7.553908 7.57096 7.603467 7.648973 7.682221 7.71034 7.774771 7.797737 7.795138 7.814948 7.838442 7.853634 7.871571 7.908543 7.886567 7.922195 7.915427 7.933616 7.957553 7.975535 8.015231 8.032797 8.055502 8.079239 8.103379 8.117994
6.552226 6.562194 6.574585 6.586644 6.597848 6.607742 6.61923 6.632221 6.704555 6.72169 6.738355 6.760559 6.784133 6.732131 6.76961 6.80794 6.845632 6.910641 6.950559 6.987967 7.021404 7.050992 7.084667 7.122972 7.163201 7.208348 7.249657 7.284407 7.316803 7.401143 7.429206 7.46361 7.500232 7.533935 7.496647 7.526428 7.549564 7.568554 7.601803 7.647516 7.679384 7.707301 7.772271 7.789257 7.790966 7.808953 7.833038 7.85084 7.858374 7.870334 7.896407 7.918221 7.942781 7.929728 7.991236 7.970333 7.989029 8.029385 8.035256 8.086799 8.101135 8.116575 8.129881
6.546332 6.55848 6.570195 6.581312 6.591201 6.603815 6.618194 6.690967 6.707892 6.72464 6.747312 6.692113 6.719205 6.759203 6.798894 6.86134 6.898814 6.938185 6.976716 7.011048 7.039223 7.078347 7.112769 7.163241 7.206178 7.242465 7.276974 7.308815 7.395755 7.424979 7.404469 7.496927 7.53038 7.492337 7.521781 7.546689 7.567556 7.610121 7.646209 7.676764 7.764351 7.768755 7.785352 7.827289 7.804993 7.827803 7.846574 7.88387 7.871617 7.892115 7.88683 7.903322 7.968654 7.985395 7.965285 7.985937 8.009461 8.034516 8.084645 8.099504 8.112253 8.127591 8.134266
6.549127 6.553855 6.563871 6.575678 6.588077 6.659727 6.677379 6.69416 6.711565 6.678229 6.705003 6.707333 6.749614 6.789311 6.853194 6.886278 6.926962 6.965333 6.994292 7.027755 7.063678 7.104023 7.154668 7.197458 7.235091 7.269255 7.354824 7.390829 7.420639 7.455762 7.494622 7.45898 7.487413 7.517272 7.544351 7.565102 7.61069 7.643937 7.734991 7.760479 7.7589 7.781487 7.823416 7.805189 7.823384 7.841291 7.847732 7.836827 7.859054 7.913382 7.898969 7.962887 7.979629 7.960272 7.984965 8.00892 8.065676 8.082597 8.097673 8.108274 8.123444 8.111458 8.125665
6.536762 6.555177 6.567552 6.58189 6.646161 6.662908 6.680944 6.702158 6.665519 6.665573 6.704185 6.767291 6.798873 6.837491 6.873991 6.915551 6.954685 6.98436 7.019137 7.054857 7.103776 7.145623 7.187211 7.225888 7.261806 7.349413 7.385872 7.359877 7.45322 7.491052 7.454462 7.483404 7.51412 7.53181 7.56372 7.610862 7.6216 7.731347 7.760374 7.752295 7.772567 7.819184 7.800088 7.818512 7.83585 7.81118 7.831456 7.854689 7.876036 7.939833 7.956957 7.974636 7.958117 7.983932 8.007382 8.033178 8.081104 8.093313 8.10722 8.122969 8.106665 8.121489 8.160523
6.532625 6.544583 6.615175 6.575119 6.567245 6.585693 6.605382 6.62406 6.65378 6.72233 6.760081 6.800461 6.827153 6.863435 6.906101 6.938921 6.975207 7.010167 7.048882 7.093535 7.136267 7.176439 7.216923 7.255446 7.344087 7.323723 7.417647 7.451734 7.488648 7.449079 7.480215 7.506597 7.529047 7.570151 7.607375 7.617074 7.704963 7.725606 7.74646 7.813501 7.772351 7.795228 7.814166 7.831728 7.805498 7.82661 7.845817 7.868149 7.933691 7.952309 7.932071 7.958755 7.982475 8.006485 8.031032 8.077205 8.093077 8.084719 8.117881 8.100449 8.119198 8.1566 8.15062
6.529097 6.600612 6.620435 6.571168 6.5983 6.617797 6.618701 6.652878 6.716268 6.755643 6.79696 6.818539 6.854507 6.8969 6.928865 6.964894 7.007974 7.037683 7.082976 7.126493 7.165982 7.208877 7.306242 7.280852 7.319067 7.415983 7.452358 7.487462 7.44549 7.474572 7.501852 7.524989 7.614257 7.579725 7.696081 7.72556 7.720109 7.740258 7.806165 7.768537 7.787749 7.811178 7.825269 7.799325 7.821771 7.843833 7.910954 7.928966 7.906785 7.930768 7.957747 7.981796 8.008327 8.040092 8.045636 8.067566 8.078996 8.09038 8.098166 8.11639 8.153806 8.151489 8.170484
6.590234 6.609653 6.555493 6.575309 6.566707 6.609421 6.647833 6.713453 6.75285 6.794757 6.834036 6.84419 6.879806 6.918926 6.962585 6.996722 7.026649 7.071445 7.11657 7.157883 7.201401 7.242874 7.27623 7.377884 7.415867 7.449843 7.406137 7.439682 7.464753 7.498166 7.52147 7.61533 7.573846 7.695719 7.720085 7.713306 7.77458 7.800212 7.760917 7.78296 7.805197 7.777336 7.793503 7.81173 7.843255 7.906661 7.888375 7.904784 7.931449 7.956942 7.980227 8.005096 8.022526 8.052255 8.062191 8.073393 8.084516 8.096528 8.112967 8.1317 8.151144 8.169109 8.186201
6.613441 6.522981 6.537574 6.554959 6.607802 6.646073 6.68206 6.720679 6.761284 6.799049 6.834791 6.877758 6.916189 6.951243 6.979877 7.072577 7.060787 7.149796 7.187541 7.229717 7.239183 7.335837 7.37579 7.413561 7.446458 7.479689 7.428388 7.459059 7.493485 7.575263 7.612212 7.568676 7.690094 7.713511 7.74757 7.766431 7.795213 7.755818 7.779018 7.767853 7.771017 7.788114 7.81103 7.839499 7.862361 7.884343 7.9038 7.930295 7.95687 7.980502 8.007694 8.026662 8.046155 8.056163 8.066406 8.08015 8.092913 8.111968 8.130722 8.149706 8.166987 8.185849 8.19859
6.530593 6.54517 6.55981 6.606395 6.643155 6.67243 6.710779 6.750235 6.787436 6.822897 6.866827 6.904779 7.021012 7.024472 7.059712 7.052875 7.143075 7.180783 7.190238 7.233693 7.302775 7.37359 7.410673 7.360311 7.397731 7.42127 7.453272 7.490557 7.574288 7.608741 7.563343 7.683702 7.70486 7.738605 7.759148 7.743761 7.750243 7.741564 7.760672 7.764534 7.784109 7.808762 7.834227 7.857388 7.877431 7.90413 7.930631 7.95648 7.979586 8.006753 8.021302 8.03933 8.0487 8.062053 8.073373 8.090798 8.110509 8.12869 8.147972 8.166929 8.182948 8.195705 8.2073
6.551608 6.56731 6.60426 6.625721 6.66062 6.699508 6.738575 6.776182 6.804352 6.855267 6.892321 7.010108 7.012147 7.000381 7.089598 7.134234 7.174101 7.184767 7.296272 7.296478 7.370179 7.405224 7.436004 7.38313 7.41431 7.447565 7.48514 7.571284 7.59777 7.622315 7.675034 7.696584 7.729912 7.752225 7.724073 7.713563 7.733658 7.754045 7.760241 7.774316 7.805346 7.829515 7.854057 7.878454 7.905457 7.930224 7.954736 7.9806 8.001656 8.013453 8.031549 8.042935 8.057611 8.076714 8.089695 8.108195 8.126894 8.146758 8.162279 8.179419 8.193232 8.203619 8.212162
6.583894 6.598952 6.613898 6.649052 6.687595 6.726198 6.759219 6.792983 6.897248 7.0193 7.055338 7.001165 7.036479 7.080228 7.126646 7.167393 7.212953 7.255466 7.289515 7.323313 7.351304 7.38803 7.375329 7.407857 7.443736 7.478867 7.568364 7.593066 7.656583 7.679576 7.700229 7.721456 7.745682 7.68499 7.705145 7.727996 7.749625 7.753897 7.774421 7.800394 7.827588 7.853291 7.877679 7.9042 7.927363 7.951276 7.975818 7.995443 8.005505 8.02341 8.037921 8.058694 8.07151 8.139102 8.163003 8.125574 8.142572 8.158669 8.176026 8.190495 8.19971 8.206984 8.233787
6.614061 6.601016 6.636171 6.675315 6.715029 6.739943 6.78229 6.882747 7.00765 6.951252 6.985991 7.024885 7.072336 7.118688 7.159829 7.205836 7.249274 7.281094 7.314167 7.345787 7.378901 7.406471 7.400912 7.438501 7.529302 7.565137 7.596072 7.646818 7.6696 7.690649 7.722212 7.651584 7.677172 7.698143 7.723879 7.745883 7.745176 7.77309 7.797513 7.824392 7.850423 7.874425 7.900296 7.923764 7.949769 7.973524 7.987276 7.996397 8.018209 8.03805 8.047835 8.069303 8.084882 8.105178 8.121199 8.137794 8.154709 8.172379 8.18639 8.193579 8.201684 8.229042 8.243097
6.627281 6.62306 6.663443 6.704556 6.727906 6.769478 6.95778 6.9948 6.935704 6.973327 7.014502 7.062984 7.109684 7.152086 7.19841 7.241812 7.27122 7.303752 7.336101 7.364314 7.39796 7.396405 7.43311 7.525602 7.561993 7.585437 7.593245 7.660164 7.585819 7.662746 7.64397 7.670699 7.694104 7.721321 7.743552 7.748488 7.825489 7.795961 7.822038 7.845583 7.872153 7.89656 7.922605 7.944256 7.966538 7.977976 7.989721 8.017566 8.031247 8.04694 8.067707 8.083802 8.099916 8.117643 8.133265 8.15044 8.168189 8.180126 8.187508 8.196498 8.229841 8.239611 8.248579
6.610878 6.651468 6.683074 6.714582 6.757932 6.845657 6.883224 6.921124 6.960655 7.003907 7.052912 7.100407 7.144156 7.188644 7.232875 7.260809 7.29353 7.326367 7.354535 7.389461 7.389886 7.44124 7.532639 7.550544 7.575118 7.582438 7.548584 7.54825 7.608777 7.63845 7.665472 7.691596 7.717355 7.729156 7.807253 7.819013 7.798157 7.821765 7.844404 7.872573 7.895797 7.919354 7.939786 7.954206 7.969645 7.988553 8.015111 8.033051 8.048584 8.091409 8.081868 8.098323 8.114623 8.13015 8.147474 8.163198 8.171732 8.185528 8.219566 8.230751 8.239721 8.249412 8.260996
6.629805 6.671162 6.702263 6.78428 6.830007 6.868034 6.907559 6.947803 6.993217 7.042831 7.090606 7.134079 7.177882 7.20999 7.249646 7.283476 7.310799 7.343921 7.380509 7.382978 7.4317 7.524401 7.539024 7.461116 7.515644 7.516051 7.543542 7.608723 7.635746 7.665765 7.694899 7.716601 7.728399 7.798021 7.821874 7.79786 7.821854 7.847309 7.872497 7.89777 7.917527 7.936606 7.94731 7.970558 7.990958 8.016021 8.034902 8.05258 8.124493 8.079281 8.096676 8.112768 8.128996 8.146029 8.156887 8.170635 8.189883 8.221542 8.230573 8.240545 8.252717 8.264082 8.275332
6.838546 6.690687 6.767526 6.811915 6.852678 6.893476 6.934247 6.981197 7.031106 7.079257 7.122176 7.166206 7.197459 7.238695 7.271301 7.299047 7.33365 7.371813 7.38751 7.482547 7.499268 7.429608 7.457979 7.513381 7.515461 7.578368 7.611117 7.63913 7.670108 7.698802 7.722386 7.788415 7.800866 7.824335 7.797973 7.821443 7.849127 7.87476 7.895147 7.914674 7.931534 7.954423 7.971003 7.991232 8.016317 8.034493 8.072797 8.122755 8.079343 8.095017 8.110871 8.127157 8.14188 8.16597 8.178827 8.190921 8.220394 8.232136 8.243838 8.255517 8.267169 8.277365 8.285794
6.67821 6.751764 6.795476 6.837179 6.87783 6.919055 6.968449 7.018388 7.066421 7.109449 7.154591 7.184852 7.226174 7.259324 7.286586 7.323025 7.339263 7.438451 7.473945 7.394542 7.427252 7.456743 7.487038 7.517273 7.637116 7.611047 7.642594 7.673786 7.70122 7.725182 7.789247 7.803534 7.773854 7.797743 7.820491 7.851647 7.872312 7.892859 7.911417 7.932526 7.955914 7.970678 7.991176 8.019953 8.033584 8.106729 8.089481 8.077174 8.093741 8.109507 8.13005 8.153196 8.166916 8.179336 8.209825 8.221828 8.23492 8.246691 8.258069 8.268898 8.277181 8.285632 8.268315
6.7344 6.778083 6.819886 6.861037 6.904162 6.953033 7.003512 7.052892 7.097012 7.142446 7.171161 7.213137 7.246492 7.273259 7.311006 7.328425 7.430318 7.465867 7.394188 7.495622 7.52184 7.489528 7.51903 7.638758 7.611938 7.645545 7.67608 7.702497 7.72689 7.789463 7.808181 7.772521 7.79684 7.822668 7.8494 7.870199 7.889953 7.910908 7.937715 7.954384 7.970203 7.987841 8.019661 8.09098 8.072451 8.060309 8.075189 8.091208 8.121353 8.137626 8.155092 8.164485 8.176104 8.210966 8.22524 8.237669 8.248404 8.258331 8.267939 8.276961 8.286625 8.266508 8.287986
6.758685 6.801144 6.842995 6.88684 6.93626 6.988172 7.039184 7.083198 7.130237 7.156392 7.199219 7.226531 7.259377 7.277417 7.384461 7.415884 7.435315 7.467886 7.496536 7.523921 7.490774 7.52135 7.58423 7.614757 7.648062 7.678146 7.704324 7.768683 7.788255 7.8065 7.823822 7.796102 7.824775 7.847758 7.867287 7.889111 7.91242 7.937461 7.95354 7.972124 7.985534 8.015327 8.055057 8.071488 8.057059 8.07294 8.104696 8.122071 8.140173 8.151202 8.160913 8.191385 8.214659 8.227522 8.238212 8.248559 8.258879 8.268216 8.277104 8.29021 8.278641 8.285066 8.290945
6.781211 6.822492 6.867725 6.919679 6.972548 7.023713 7.068679 7.118065 7.141462 7.184883 7.210412 7.228809 7.269171 7.374797 7.413006 7.438186 7.469016 7.496114 7.524577 7.49172 7.521994 7.586247 7.616713 7.650004 7.678923 7.703732 7.767644 7.786168 7.804368 7.772776 7.801715 7.824659 7.844213 7.867478 7.890097 7.916157 7.937013 7.955182 7.968759 8.021908 8.013607 8.052585 8.068583 8.061944 8.087525 8.106882 8.123011 8.136938 8.147177 8.160653 8.198646 8.21618 8.227658 8.23822 8.248672 8.25958 8.271878 8.284787 8.291206 8.273487 8.27794 8.286222 8.298296
6.802344 6.848577 6.902108 6.955984 7.006687 7.05346 7.085155 7.134943 7.179625 7.191056 7.294321 7.333341 7.376574 7.415087 7.437511 7.468642 7.497232 7.45971 7.49138 7.525982 7.585474 7.618557 7.65127 7.682155 7.705256 7.765953 7.784126 7.749255 7.77227 7.798753 7.821572 7.844777 7.867376 7.893326 7.917385 7.938738 7.951482 8.004809 7.992531 8.034477 8.052186 8.046151 8.070027 8.091285 8.105697 8.119956 8.133016 8.146615 8.177964 8.201429 8.21708 8.227664 8.238298 8.25117 8.266221 8.275977 8.283813 8.287968 8.265369 8.270697 8.280348 8.291519 8.29769
6.828759 6.883186 6.938491 6.989692 7.130583 7.172808 7.217143 7.228596 7.192571 7.29998 7.342171 7.383706 7.405108 7.438735 7.467964 7.497001 7.459645 7.491699 7.525253 7.586409 7.620173 7.653979 7.682414 7.744341 7.764038 7.728228 7.747705 7.774963 7.79549 7.822078 7.844874 7.87027 7.893769 7.91959 7.935059 7.947519 8.00088 7.992009 8.035078 8.060987 8.054118 8.074116 8.088517 8.102741 8.117923 8.165283 8.179338 8.177577 8.20157 8.216998 8.227968 8.245047 8.258015 8.26685 8.275157 8.280482 8.283762 8.257742 8.265842 8.27406 8.284407 8.288407 8.297904
6.873214 6.924552 7.066061 7.116801 7.145496 7.189628 7.160507 7.196221 7.235422 7.348831 7.388765 7.405793 7.438472 7.466593 7.428598 7.45982 7.489607 7.554376 7.587148 7.625175 7.657526 7.681087 7.742103 7.704565 7.727109 7.748935 7.772165 7.798616 7.820589 7.847223 7.870387 7.895567 7.916622 7.931031 7.983736 8.000245 7.998703 8.044073 8.070236 8.056153 8.070314 8.08518 8.099428 8.15009 8.164088 8.16188 8.176712 8.20158 8.221839 8.235894 8.247073 8.256694 8.265946 8.271662 8.276258 8.244615 8.249976 8.259465 8.270926 8.277407 8.281569 8.294125 8.305289
6.925077 7.069036 7.118045 7.147252 7.122298 7.163527 7.200441 7.317782 7.35504 7.39091 7.404347 7.436631 7.39494 7.428112 7.461941 7.492819 7.555143 7.588475 7.627213 7.656384 7.678862 7.679582 7.703344 7.728823 7.745737 7.772202 7.797331 7.821225 7.846425 7.87243 7.89292 7.912913 7.969588 7.982059 7.979331 8.027462 8.055233 8.045522 8.052785 8.066364 8.081297 8.098045 8.148793 8.133636 8.160481 8.190633 8.214327 8.22408 8.235209 8.247346 8.25637 8.262845 8.267176 8.271215 8.237038 8.245563 8.25287 8.264749 8.27273 8.284078 8.301289 8.313194 8.32704
7.073352 7.122771 7.130852 7.125465 7.167513 7.282172 7.323905 7.356344 7.371376 7.40289 7.435525 7.393502 7.424817 7.456972 7.490855 7.525602 7.589866 7.627913 7.654912 7.649376 7.677742 7.701244 7.725072 7.748272 7.77388 7.7963 7.822845 7.851591 7.87225 7.893298 7.954602 7.967469 7.950433 7.990971 8.038491 8.054982 8.037628 8.048062 8.061218 8.078465 8.098125 8.117903 8.135717 8.178059 8.198168 8.213377 8.22313 8.234501 8.244412 8.253296 8.258172 8.262205 8.265418 8.229353 8.239872 8.24902 8.262681 8.277456 8.294697 8.305016 8.31628 8.341283 8.35377
7.143901 7.136743 7.128537 7.170881 7.307722 7.328198 7.359531 7.369873 7.40098 7.358956 7.390843 7.426415 7.453376 7.490159 7.526065 7.564719 7.626322 7.653248 7.646271 7.675691 7.701326 7.725677 7.747468 7.771556 7.799069 7.827489 7.848704 7.87093 7.892625 7.916702 7.934418 7.956587 7.999185 8.038009 8.026583 8.030797 8.04191 8.058828 8.078675 8.102663 8.128092 8.162315 8.175527 8.196803 8.211443 8.222253 8.234087 8.242127 8.249353 8.253262 8.257749 8.259076 8.227765 8.24356 8.257811 8.271339 8.284932 8.295788 8.305341 8.329382 8.341639 8.353878 8.382478
