inputs/Middelgrunden/Resource grid 1   Sector 8   Height 64m   Weibull-A.grd
DSAA
 111           201 
 728800        731000
 6176000       6180000
 6.41155       8.43101
[rows 0 to 27 of 201, columns 0 to 62 of 111]
6.439054 6.442853 6.448859 6.452117 6.467738 6.482712 6.51495 6.535732 6.546318 6.577003 6.607042 6.641151 6.692202 6.744103 6.774555 6.762774 6.779518 6.792754 6.801276 6.8406 6.880063 6.911188 6.934583 6.959709 6.978698 6.997561 7.015012 7.032563 7.048972 7.067958 7.080414 7.092309 7.105153 7.15446 7.161188 7.18007 7.199564 7.220008 7.240431 7.257201 7.260306 7.273888 7.289402 7.305679 7.321704 7.337104 7.352647 7.338884 7.350736 7.36712 7.38351 7.402324 7.416806 7.428709 7.442592 7.457876 7.473336 7.490304 7.505345 7.518943 7.533109 7.548605 7.565443
6.439148 6.439863 6.446238 6.457863 6.458733 6.475094 6.505292 6.52572 6.544954 6.56079 6.588745 6.618475 6.671336 6.723303 6.7661 6.75466 6.781588 6.796698 6.817472 6.842813 6.883137 6.916975 6.944728 6.964877 6.985528 7.004556 7.022231 7.039943 7.056783 7.070989 7.088911 7.10143 7.113279 7.163754 7.169007 7.187481 7.206672 7.226729 7.246379 7.265225 7.280554 7.281758 7.296629 7.312611 7.328557 7.344125 7.359264 7.3743 7.36047 7.37264 7.388932 7.405369 7.422749 7.437445 7.448364 7.463084 7.47834 7.495193 7.510156 7.523901 7.537834 7.552558 7.568407
6.438912 6.430344 6.445257 6.451474 6.463415 6.468054 6.48444 6.513628 6.53515 6.555458 6.571626 6.600579 6.650508 6.7041 6.748886 6.78491 6.802458 6.799481 6.823895 6.851971 6.885566 6.922551 6.950456 6.9658 6.992235 7.011199 7.029669 7.046864 7.064111 7.079547 7.097034 7.109147 7.121342 7.172039 7.181922 7.194837 7.213548 7.23286 7.253163 7.272267 7.2886 7.289568 7.304987 7.319226 7.334958 7.35093 7.366107 7.380793 7.366978 7.381789 7.394156 7.409804 7.429005 7.443534 7.455127 7.468697 7.483348 7.499263 7.515443 7.529601 7.542154 7.556539 7.572278
6.425743 6.429306 6.431741 6.438826 6.458989 6.472346 6.475648 6.505829 6.524936 6.543374 6.566154 6.584663 6.633471 6.682936 6.731349 6.770819 6.79685 6.820684 6.829609 6.858186 6.888644 6.925232 6.955567 6.981997 6.995318 7.017635 7.036544 7.053723 7.070911 7.087735 7.10592 7.117067 7.128995 7.140783 7.190593 7.203072 7.220606 7.239365 7.259708 7.278282 7.29645 7.310607 7.312757 7.3273 7.341778 7.357206 7.372919 7.387338 7.401845 7.387994 7.403126 7.415057 7.431634 7.448962 7.463751 7.474338 7.488811 7.50346 7.520115 7.534439 7.54831 7.56081 7.575767
6.425178 6.428254 6.429721 6.434242 6.457179 6.465297 6.467539 6.48612 6.513526 6.53422 6.55361 6.579535 6.617184 6.666328 6.712813 6.756092 6.783392 6.81818 6.853929 6.863585 6.891101 6.925211 6.949047 6.975 6.999769 7.020857 7.042608 7.060643 7.077421 7.094156 7.109922 7.125998 7.137113 7.148252 7.198977 7.208469 7.228273 7.245988 7.265855 7.284812 7.302922 7.319352 7.332202 7.334953 7.349113 7.364193 7.379117 7.393734 7.408201 7.393925 7.40896 7.419981 7.435846 7.452144 7.46941 7.483925 7.494164 7.508498 7.524546 7.539318 7.553071 7.566417 7.57992
6.427473 6.42462 6.428725 6.432427 6.441246 6.452101 6.474098 6.4761 6.506158 6.523233 6.542789 6.569687 6.602756 6.651631 6.697949 6.740036 6.780655 6.817962 6.854717 6.867822 6.89525 6.927158 6.959317 6.978874 7.003806 7.026464 7.046133 7.067482 7.084054 7.100646 7.117085 7.134278 7.145222 7.156571 7.206465 7.216228 7.235691 7.25315 7.271884 7.291098 7.309256 7.326108 7.339899 7.342717 7.356603 7.371055 7.386009 7.400405 7.41435 7.428893 7.414639 7.429452 7.440578 7.457091 7.472316 7.489409 7.499881 7.513818 7.528631 7.544107 7.557835 7.571401 7.584096
6.426731 6.427162 6.427636 6.430766 6.435165 6.448802 6.4605 6.479882 6.487013 6.514277 6.531476 6.583787 6.627257 6.639395 6.690411 6.735309 6.777491 6.79084 6.847547 6.888721 6.899719 6.929214 6.961303 6.988856 7.007445 7.031324 7.05149 7.071143 7.090741 7.107066 7.123352 7.142478 7.153524 7.164596 7.17457 7.224396 7.233818 7.260351 7.277798 7.297007 7.315436 7.333021 7.348745 7.361172 7.364258 7.377942 7.39255 7.407201 7.421199 7.434707 7.419994 7.434966 7.449249 7.461196 7.476952 7.49476 7.508955 7.519121 7.533588 7.548697 7.562552 7.575991 7.589082
6.425822 6.426627 6.426215 6.427922 6.433074 6.443745 6.453842 6.466884 6.48901 6.508973 6.523896 6.549646 6.625598 6.639922 6.688384 6.735225 6.777616 6.816934 6.837974 6.873828 6.921573 6.929675 6.963475 6.992621 7.012064 7.035714 7.056128 7.07621 7.095656 7.113335 7.129493 7.150071 7.161724 7.172168 7.182929 7.232952 7.241613 7.267091 7.284534 7.303517 7.321421 7.339186 7.355266 7.369061 7.381346 7.385199 7.399132 7.413487 7.427768 7.441164 7.454704 7.44023 7.455034 7.469119 7.481612 7.496983 7.514323 7.528092 7.538692 7.553187 7.567461 7.580648 7.593854
6.422629 6.426875 6.425689 6.427073 6.430752 6.438403 6.450308 6.46312 6.472519 6.510198 6.514426 6.544094 6.615643 6.639153 6.687925 6.734227 6.777734 6.818754 6.833547 6.865775 6.909758 6.951427 6.963791 6.995837 7.020578 7.04032 7.061087 7.080555 7.100682 7.118623 7.135499 7.151832 7.169495 7.180184 7.190832 7.240586 7.250008 7.264525 7.290978 7.309312 7.327637 7.344947 7.361848 7.376298 7.389472 7.392814 7.406101 7.419909 7.434084 7.447676 7.460778 7.446048 7.460204 7.473743 7.489171 7.501816 7.516579 7.533533 7.543859 7.557614 7.57224 7.585467 7.598377
6.421882 6.424884 6.425771 6.424979 6.429997 6.433875 6.444629 6.45673 6.467638 6.492154 6.507339 6.537323 6.59587 6.647536 6.688929 6.734338 6.775984 6.816491 6.854112 6.863514 6.891657 6.941285 6.983453 6.996306 7.024474 7.047757 7.067085 7.085699 7.104672 7.124235 7.141812 7.157381 7.17732 7.188122 7.198765 7.208473 7.258023 7.271548 7.298184 7.314765 7.333494 7.351042 7.368128 7.383432 7.396744 7.408651 7.413281 7.426495 7.440289 7.454097 7.466979 7.480512 7.465893 7.479517 7.493365 7.508767 7.521556 7.538678 7.552194 7.562631 7.576815 7.59029 7.603356
6.420298 6.421996 6.425331 6.423509 6.424348 6.431728 6.442061 6.448536 6.46728 6.492609 6.49979 6.528783 6.590881 6.637737 6.69163 6.734033 6.777234 6.815451 6.843631 6.857304 6.888772 6.921654 6.969552 7.016735 7.026686 7.051421 7.070828 7.090272 7.109567 7.128553 7.146079 7.163141 7.184042 7.195765 7.206032 7.216241 7.265751 7.278798 7.304789 7.321713 7.339389 7.356907 7.373681 7.390191 7.403831 7.416749 7.427892 7.433576 7.44655 7.460339 7.473362 7.486009 7.471104 7.485231 7.498409 7.512735 7.524994 7.540768 7.557498 7.571004 7.581402 7.59505 7.608819
6.419664 6.420329 6.423717 6.424247 6.423629 6.429497 6.437922 6.445485 6.476487 6.502177 6.527562 6.561802 6.589045 6.623179 6.683183 6.73608 6.776713 6.817601 6.852374 6.849278 6.884872 6.932377 6.95535 7.011226 7.048283 7.053705 7.07831 7.095862 7.113891 7.13322 7.151292 7.167733 7.184666 7.203352 7.213632 7.22398 7.273426 7.286283 7.302174 7.328221 7.345381 7.363336 7.379448 7.395667 7.411013 7.424003 7.435829 7.440599 7.453363 7.466494 7.479578 7.492292 7.50549 7.490489 7.504085 7.517793 7.532118 7.544738 7.559376 7.576108 7.585995 7.600034 7.614254
6.418911 6.419703 6.420188 6.423437 6.423709 6.4259 6.431876 6.450984 6.474041 6.510692 6.530291 6.563307 6.604538 6.631248 6.673182 6.736724 6.778412 6.817097 6.854369 6.865784 6.882392 6.919028 6.962986 6.983634 7.042565 7.055756 7.080153 7.100201 7.118164 7.137334 7.156627 7.172911 7.189012 7.210638 7.221114 7.231129 7.280976 7.293915 7.30905 7.334466 7.350914 7.368942 7.385986 7.401624 7.416846 7.430776 7.443038 7.454338 7.46034 7.472853 7.485765 7.498185 7.510976 7.495517 7.509235 7.522596 7.536352 7.548958 7.563396 7.580693 7.594247 7.60787 7.619889
6.413584 6.418945 6.419645 6.421777 6.422793 6.424476 6.437334 6.463457 6.478613 6.504842 6.543626 6.565105 6.603417 6.659137 6.680761 6.725729 6.77916 6.817457 6.855772 6.858812 6.876385 6.91925 6.951571 6.990719 7.029593 7.072077 7.082266 7.105865 7.123135 7.141362 7.160471 7.178447 7.193976 7.211021 7.228435 7.23841 7.248339 7.300922 7.316289 7.332092 7.356912 7.374244 7.391544 7.407971 7.423131 7.437282 7.450563 7.461474 7.467103 7.47954 7.491904 7.50439 7.516955 7.529833 7.514239 7.527647 7.541346 7.556083 7.568085 7.581942 7.598519 7.612216 7.628498
6.41155 6.416564 6.418845 6.41894 6.422119 6.422524 6.445122 6.473984 6.484849 6.508929 6.550743 6.587824 6.604538 6.633072 6.688596 6.726284 6.780406 6.818297 6.855482 6.892716 6.901348 6.914489 6.949396 6.978021 7.028669 7.061456 7.09874 7.108199 7.12758 7.145427 7.164339 7.183285 7.19937 7.216131 7.235536 7.245693 7.255725 7.307803 7.323606 7.338862 7.362875 7.379832 7.396873 7.41386 7.429377 7.443889 7.45619 7.468754 7.479938 7.48629 7.498168 7.510733 7.523017 7.535432 7.519277 7.532592 7.546077 7.559543 7.575043 7.58684 7.600323 7.61698 7.633542
6.414123 6.413739 6.41939 6.42418 6.428269 6.435656 6.460655 6.477929 6.493307 6.510921 6.535615 6.593557 6.606311 6.639207 6.696017 6.729133 6.780383 6.82087 6.856779 6.892601 6.898372 6.910913 6.949179 6.978533 7.016748 7.049518 7.090031 7.124833 7.132634 7.148624 7.168173 7.186956 7.204156 7.220024 7.272396 7.252729 7.262189 7.314555 7.330637 7.345835 7.360983 7.385261 7.402086 7.419108 7.435191 7.450171 7.462929 7.475542 7.4868 7.497829 7.504691 7.517055 7.529112 7.541184 7.553819 7.537476 7.550834 7.564319 7.579129 7.59066 7.604568 7.622257 7.638524
6.423755 6.426863 6.430101 6.434537 6.438422 6.452642 6.479624 6.4872 6.515887 6.518692 6.539417 6.574272 6.605787 6.645452 6.683722 6.74811 6.768246 6.822514 6.857446 6.892579 6.894166 6.938836 6.946448 6.982282 7.003876 7.044811 7.079461 7.122879 7.14964 7.155098 7.171159 7.190658 7.208847 7.224592 7.276792 7.260163 7.269613 7.279971 7.337282 7.352673 7.367427 7.390493 7.407204 7.424209 7.440908 7.456224 7.469603 7.481932 7.493865 7.504189 7.511931 7.523585 7.535298 7.547024 7.559301 7.542337 7.55541 7.568969 7.582953 7.597646 7.609201 7.623907 7.643121
6.436115 6.439065 6.443439 6.446776 6.450572 6.469245 6.495928 6.505261 6.518828 6.524333 6.542569 6.577966 6.605592 6.642592 6.689047 6.751775 6.769806 6.823004 6.860145 6.893502 6.927647 6.937108 6.945335 6.97982 7.001921 7.044077 7.085723 7.107179 7.148229 7.173836 7.173724 7.193611 7.212888 7.229079 7.280896 7.29838 7.276918 7.286001 7.343357 7.359644 7.374211 7.388993 7.41255 7.429239 7.44592 7.461858 7.475915 7.48794 7.500693 7.511495 7.521835 7.529734 7.54169 7.553221 7.564938 7.577074 7.560113 7.573735 7.586611 7.601709 7.617091 7.62915 7.644434
6.449917 6.451011 6.454259 6.457948 6.461758 6.484611 6.511992 6.527327 6.515365 6.53025 6.548346 6.582989 6.619163 6.642499 6.676668 6.754289 6.769761 6.825581 6.861446 6.896096 6.927126 6.932035 6.945249 6.979014 7.00894 7.027883 7.07452 7.112823 7.13748 7.172256 7.173007 7.19596 7.215793 7.23371 7.249169 7.302363 7.318707 7.293276 7.349719 7.365622 7.380762 7.395377 7.417888 7.434 7.450711 7.467245 7.48195 7.494585 7.506287 7.518824 7.528987 7.539327 7.547817 7.559413 7.570854 7.582666 7.564932 7.577916 7.591039 7.605956 7.622159 7.634545 7.649256
6.463521 6.463837 6.46631 6.47237 6.476513 6.500308 6.527384 6.552998 6.547287 6.538435 6.553511 6.588458 6.62396 6.638733 6.677516 6.760615 6.770726 6.808342 6.863852 6.898149 6.929366 6.96089 6.971586 6.978177 6.990843 7.016212 7.054689 7.10018 7.139239 7.159693 7.194883 7.194523 7.217934 7.237684 7.253514 7.306196 7.32359 7.300074 7.314813 7.372225 7.386991 7.401708 7.42224 7.43915 7.455564 7.472095 7.487562 7.500753 7.512165 7.524796 7.535952 7.54613 7.554813 7.56541 7.57678 7.588371 7.599796 7.582272 7.596361 7.610997 7.627286 7.642491 7.654533
6.488157 6.481582 6.479889 6.482066 6.496392 6.517388 6.53968 6.567801 6.565853 6.572503 6.561433 6.591991 6.635073 6.639645 6.676414 6.765912 6.804187 6.808547 6.865856 6.899025 6.93284 6.96285 6.9663 6.977899 7.010028 7.014849 7.051592 7.099161 7.131132 7.164106 7.184818 7.21514 7.215089 7.239718 7.25776 7.310025 7.327147 7.342713 7.320611 7.378114 7.393949 7.407699 7.421985 7.444354 7.460155 7.47661 7.492677 7.506599 7.518203 7.530513 7.542809 7.552935 7.562939 7.572662 7.582889 7.593895 7.605649 7.587283 7.601653 7.615708 7.631828 7.647456 7.662463
6.526845 6.506179 6.512148 6.52432 6.538048 6.54935 6.560103 6.573009 6.570903 6.588832 6.571222 6.598998 6.638814 6.688412 6.725075 6.709735 6.809215 6.809042 6.866476 6.902011 6.933994 6.964886 6.995967 7.002288 7.009904 7.015562 7.038446 7.094795 7.127179 7.157181 7.188158 7.207141 7.231278 7.237129 7.2608 7.277685 7.330724 7.347435 7.326494 7.383884 7.399924 7.414386 7.427761 7.448537 7.464944 7.482231 7.497419 7.512175 7.524886 7.536152 7.548362 7.559787 7.569643 7.579297 7.58954 7.59997 7.611192 7.622302 7.606648 7.621408 7.636364 7.652313 7.667284
6.547564 6.529015 6.533971 6.542391 6.55103 6.564746 6.57443 6.584937 6.593795 6.581959 6.610276 6.606851 6.645767 6.695363 6.675303 6.708745 6.813189 6.809855 6.846123 6.903021 6.935033 6.96694 6.997692 7.000182 7.008414 7.038716 7.038771 7.087887 7.122601 7.153282 7.181103 7.211277 7.230827 7.253072 7.258801 7.280139 7.334564 7.351277 7.366059 7.389056 7.405573 7.420484 7.434495 7.448402 7.469632 7.486512 7.501882 7.51701 7.530861 7.542015 7.55401 7.566149 7.576419 7.586161 7.596099 7.606431 7.616987 7.627777 7.611608 7.626819 7.640874 7.656713 7.672042
6.569007 6.551052 6.557116 6.561703 6.570581 6.578851 6.586651 6.606717 6.629742 6.600805 6.599751 6.648911 6.652154 6.683182 6.676346 6.775258 6.817953 6.811368 6.846208 6.904999 6.937726 6.968503 6.998919 7.000949 7.033158 7.039279 7.038988 7.062244 7.118049 7.148955 7.178697 7.20454 7.231953 7.252915 7.274683 7.279603 7.300385 7.3549 7.370682 7.35375 7.411145 7.426455 7.440333 7.454365 7.474038 7.489828 7.507113 7.522969 7.538115 7.548278 7.538906 7.571415 7.583078 7.592792 7.602349 7.6129 7.623346 7.633943 7.646519 7.631024 7.646076 7.661407 7.676759
6.585604 6.57802 6.579313 6.584023 6.589648 6.595339 6.601777 6.621608 6.645219 6.62017 6.643191 6.668786 6.694329 6.69008 6.679491 6.779675 6.817302 6.858153 6.845422 6.907308 6.938973 6.969861 7.000308 7.030776 7.033201 7.036155 7.065292 7.062662 7.089665 7.145744 7.174588 7.203332 7.231383 7.245089 7.274682 7.277389 7.299983 7.320105 7.37509 7.388699 7.416426 7.431914 7.446171 7.460218 7.47525 7.495044 7.510864 7.52731 7.54257 7.555791 7.545382 7.576994 7.58882 7.599319 7.608959 7.618181 7.629659 7.639691 7.652425 7.635808 7.650663 7.666072 7.680937
6.603781 6.59303 6.593677 6.6026 6.610157 6.620135 6.612599 6.636463 6.660443 6.629434 6.667718 6.683743 6.672379 6.661146 6.684357 6.786355 6.822063 6.861425 6.847383 6.881341 6.941906 6.970882 7.00131 7.031579 7.033623 7.035391 7.035831 7.064394 7.091235 7.130971 7.171784 7.198824 7.226642 7.251139 7.271147 7.295689 7.297275 7.321877 7.347573 7.39362 7.449534 7.437424 7.451902 7.465936 7.480436 7.499269 7.514605 7.530875 7.546444 7.560935 7.573072 7.564088 7.593992 7.605854 7.615363 7.624679 7.63541 7.645849 7.657661 7.671099 7.65529 7.670269 7.685416
6.617826 6.612166 6.612077 6.626157 6.630837 6.639284 6.641067 6.659349 6.675849 6.691094 6.640979 6.699249 6.719147 6.742691 6.690361 6.794128 6.826626 6.866972 6.812208 6.881239 6.943419 6.97376 7.002184 7.032656 7.062372 7.064235 7.038014 7.064567 7.092494 7.119738 7.168273 7.196078 7.222603 7.24662 7.271827 7.293526 7.317567 7.321397 7.344655 7.396961 7.41154 7.442775 7.457554 7.471578 7.485279 7.49938 7.519204 7.535151 7.550673 7.564968 7.578335 7.589653 7.601419 7.610982 7.62171 7.631129 7.642394 7.652009 7.663491 7.676489 7.660471 7.674953 7.689601
6.630881 6.628211 6.628928 6.643685 6.65321 6.657453 6.666544 6.673146 6.692243 6.707946 6.666235 6.659582 6.732111 6.676531 6.697717 6.802655 6.833113 6.873093 6.899723 6.883569 6.944416 6.975698 7.004573 7.033712 7.063072 7.0907 7.065162 7.066487 7.092652 7.120679 7.160158 7.193586 7.219841 7.24487 7.267663 7.294886 7.318644 7.342649 7.344225 7.367713 7.390509 7.447193 7.462749 7.477005 7.490876 7.537702 7.51932 7.538866 7.554847 7.569217 7.582924 7.594829 7.606626 7.618064 7.627786 7.63744 7.648135 7.661624 7.66964 7.681906 7.694957 7.679429 7.694581
