inputs/Middelgrunden/Resource grid 1   Sector 11   Height 64m   Weibull-A.grd
DSAA
 111           201 
 728800        731000
 6176000       6180000
 6.474391      8.912449
[rows 0 to 27 of 201, columns 0 to 62 of 111]
6.611919 6.586935 6.597288 6.606079 6.618266 6.631509 6.643617 6.660664 6.674181 6.684563 6.694407 6.704192 6.642065 6.668915 6.811472 6.837133 6.79985 6.8564 6.884696 6.917185 6.945055 6.964259 6.991531 7.017626 7.045852 7.072807 7.093442 7.092664 7.112248 6.989952 7.000055 7.156128 7.184881 7.191933 7.199604 7.21226 7.230639 7.23735 7.25447 7.277735 7.295978 7.165925 7.170297 7.187371 7.210995 7.227408 7.243751 7.2839 7.431491 7.348456 7.489193 7.50569 7.49304 7.481428 7.546833 7.526044 7.556114 7.620344 7.63778 7.709065 7.686024 7.668186 7.696312
6.570314 6.581723 6.592469 6.606689 6.61888 6.629214 6.64285 6.660626 6.677715 6.69171 6.702937 6.720357 6.649294 6.797693 6.78587 6.812817 6.841573 6.86982 6.900904 6.982476 7.00748 7.032892 7.001851 7.031075 7.052943 7.054168 7.074414 6.95199 6.979118 6.994406 7.149106 7.174599 7.177725 7.1903 7.205731 7.22087 7.230944 7.25458 7.272872 7.145559 7.156581 7.175015 7.187861 7.198247 7.213602 7.245452 7.403236 7.429709 7.480044 7.491687 7.509343 7.38825 7.450449 7.484594 7.520159 7.546308 7.611463 7.6298 7.658328 7.713926 7.680637 7.707302 7.732702
6.56381 6.57929 6.591689 6.604969 6.622099 6.632842 6.645937 6.66476 6.677365 6.694691 6.625999 6.738221 6.672604 6.768451 6.795156 6.821488 6.848347 6.93927 6.964645 6.990239 7.015599 7.046258 7.012933 7.039214 7.03522 7.056433 6.941005 6.967724 7.125427 7.147522 7.16208 7.169625 7.183471 7.200755 7.213898 7.232926 7.250473 7.131723 7.151143 7.154753 7.160627 7.184005 7.185287 7.214709 7.251947 7.400552 7.433958 7.392272 7.399186 7.425908 7.381843 7.475724 7.5044 7.515253 7.590656 7.601011 7.628092 7.686623 7.648381 7.677917 7.689574 7.72578 7.745726
6.565279 6.580929 6.591808 6.604851 6.616238 6.629391 6.641724 6.667381 6.598591 6.710055 6.729 6.652308 6.741333 6.772276 6.801358 6.828351 6.919153 6.945547 6.971446 7.001849 7.02845 7.052588 7.018889 7.016694 7.038799 6.928261 7.088426 7.109052 7.12895 7.148951 7.163158 7.17885 7.195899 7.205643 7.094223 7.116768 7.135571 7.136065 7.133396 7.156294 7.182917 7.188805 7.224613 7.37382 7.405668 7.361583 7.376668 7.400134 7.425459 7.44794 7.470678 7.49615 7.514123 7.582759 7.598787 7.580003 7.617969 7.64563 7.672822 7.704491 7.724522 7.747468 7.764585
6.560048 6.572858 6.585725 6.602353 6.616254 6.627693 6.65806 6.683064 6.700274 6.719598 6.63871 6.659548 6.752182 6.778669 6.806012 6.898305 6.930308 6.955515 6.983859 7.010715 7.033265 7.056049 6.997438 7.023502 7.047363 7.068847 7.090126 7.111817 7.133063 7.153679 7.176479 7.058091 7.070782 7.101194 7.113589 7.112904 7.108837 7.133586 7.177808 7.20524 7.242218 7.207395 7.227135 7.330264 7.348909 7.368756 7.412673 7.392883 7.440247 7.461809 7.4873 7.553724 7.600567 7.597883 7.573201 7.612483 7.650286 7.673052 7.694133 7.712988 7.735695 7.750378 7.781868
6.540213 6.570271 6.581635 6.596745 6.621857 6.646081 6.661931 6.679341 6.698831 6.625173 6.659924 6.723619 6.753559 6.848088 6.882757 6.911207 6.937122 6.964909 6.992139 7.01194 7.035717 6.98088 7.004825 7.027849 7.049684 7.071849 7.094745 7.12281 7.151443 7.030823 7.053938 7.075145 7.086716 7.08653 7.097542 7.124596 7.167759 7.224571 7.241149 7.254846 7.215155 7.294985 7.322111 7.33971 7.381734 7.401703 7.410828 7.432713 7.456148 7.476418 7.543913 7.591008 7.585207 7.591829 7.613433 7.63974 7.661714 7.682506 7.701132 7.725389 7.747221 7.768377 7.790891
6.543408 6.557051 6.590641 6.612551 6.629721 6.645922 6.666347 6.686049 6.62434 6.641312 6.702518 6.796001 6.827524 6.856588 6.888374 6.916419 6.945416 6.970459 6.990414 7.013894 6.961459 6.985206 7.007729 7.030638 7.06406 7.089866 6.972104 6.996267 7.020189 7.034748 7.041433 7.065011 7.099239 7.121701 7.15152 7.215657 7.229703 7.246232 7.254352 7.262783 7.274302 7.310242 7.348237 7.375096 7.348392 7.403389 7.430305 7.461796 7.505753 7.528879 7.576755 7.538064 7.579638 7.603074 7.627899 7.649854 7.651707 7.674076 7.713726 7.736724 7.75565 7.781508 7.819849
6.536983 6.553674 6.603045 6.611263 6.630812 6.560682 6.581388 6.603092 6.665801 6.756248 6.779405 6.803553 6.836742 6.864861 6.894617 6.858507 6.947681 6.967536 6.987059 6.947602 6.964528 6.999166 7.027418 7.054406 6.936104 6.958922 6.982157 6.989285 7.000001 7.035501 7.072488 7.103519 7.130703 7.20119 7.220369 7.222478 7.229716 7.19718 7.184494 7.206594 7.316634 7.348722 7.366866 7.373499 7.404175 7.435027 7.417441 7.489859 7.543362 7.524172 7.525461 7.567532 7.590941 7.616588 7.638272 7.639966 7.679374 7.701602 7.726576 7.749798 7.77315 7.764317 7.802194
6.537119 6.609402 6.505855 6.526896 6.5403 6.557484 6.689971 6.707352 6.741909 6.72203 6.743599 6.810791 6.842401 6.804594 6.832574 6.85955 6.945587 6.907145 6.932068 6.962322 6.989633 6.876853 6.89777 6.920729 6.937095 6.945064 6.974412 7.005714 7.042228 7.071779 7.145926 7.171445 7.182004 7.191168 7.15933 7.173253 7.149128 7.166171 7.197732 7.316009 7.337412 7.358719 7.377482 7.406342 7.401211 7.420763 7.547882 7.489113 7.510689 7.51264 7.554938 7.579439 7.604837 7.626611 7.645757 7.666484 7.691414 7.717499 7.741167 7.762728 7.77207 7.792347 7.813538
6.585384 6.600773 6.616551 6.634313 6.653758 6.667624 6.691686 6.669262 6.701072 6.728169 6.75236 6.816359 6.845606 6.873233 6.83871 6.867749 6.899662 6.793359 6.815791 6.839395 6.859223 6.883749 6.893256 6.91297 6.944911 6.973525 7.003933 7.0397 7.116215 7.127672 7.137491 7.106238 7.117426 7.141056 7.159472 7.13606 7.153076 7.225293 7.300541 7.321974 7.394485 7.37206 7.391223 7.388259 7.408049 7.533377 7.475033 7.497061 7.520091 7.542346 7.567872 7.593158 7.613222 7.635324 7.655042 7.680287 7.706422 7.731067 7.751835 7.761336 7.78267 7.801868 7.833867
6.572836 6.588445 6.606788 6.626286 6.655604 6.673431 6.646258 6.682873 6.707335 6.732851 6.756244 6.75553 6.790082 6.740047 6.90973 6.760203 6.777533 6.7986 6.82414 6.840125 6.848635 6.881915 6.912887 6.941905 6.969626 6.998627 7.067832 7.082762 7.094493 7.064864 7.080322 7.097971 7.128372 7.104427 7.123719 7.188639 7.210854 7.347742 7.313169 7.334841 7.356781 7.35537 7.374911 7.395564 7.437502 7.460213 7.482964 7.469414 7.529679 7.555875 7.582502 7.602327 7.622619 7.642969 7.671057 7.695469 7.720299 7.73105 7.749309 7.77108 7.792818 7.824679 7.845548
6.559058 6.586888 6.607388 6.626871 6.644207 6.629404 6.653299 6.691012 6.750608 6.774733 6.667718 6.694807 6.730059 6.720699 6.744137 6.768716 6.788843 6.787328 6.816747 6.84859 6.879115 6.908458 6.934416 6.996931 7.012652 7.036611 7.006653 7.024265 7.04507 7.063908 7.082902 7.070314 7.13366 7.156279 7.173475 7.198762 7.326903 7.402986 7.318622 7.341617 7.341305 7.362272 7.383564 7.422069 7.445764 7.469361 7.493527 7.517929 7.54458 7.571362 7.590125 7.610251 7.631424 7.658736 7.683342 7.700638 7.718521 7.739568 7.761379 7.793924 7.81424 7.835644 7.892588
6.556242 6.578248 6.599412 6.577743 6.608541 6.630784 6.706255 6.709691 6.705559 6.729234 6.752281 6.681086 6.708069 6.72954 6.7367 6.875991 6.894925 6.915093 6.936502 6.870025 6.884109 6.95092 6.966137 6.995576 6.964827 6.98653 7.007444 7.028325 7.046646 7.065395 7.054492 7.12152 7.141812 7.161034 7.284782 7.307037 7.281376 7.30302 7.350135 7.328191 7.348798 7.36995 7.406743 7.431201 7.455463 7.481231 7.505544 7.532945 7.55965 7.577241 7.594762 7.619992 7.647743 7.663733 7.689401 7.707971 7.729703 7.762138 7.783632 7.803879 7.862334 7.883738 7.907863
6.501716 6.572109 6.593486 6.616408 6.612143 6.641957 6.596387 6.623302 6.645432 6.652509 6.66284 6.678994 6.698567 6.822151 6.842012 6.863591 6.886052 6.818937 6.835252 6.85374 6.926042 6.946631 6.9252 6.946068 6.969357 6.99115 7.010129 7.029157 7.046902 7.087315 7.108284 7.126306 7.244469 7.265193 7.344904 7.261894 7.286701 7.310023 7.313573 7.334455 7.357426 7.39169 7.41707 7.441473 7.467506 7.493279 7.521114 7.546736 7.564026 7.583033 7.607754 7.626989 7.651888 7.67535 7.697254 7.729299 7.751057 7.761345 7.793008 7.853132 7.875624 7.866457 7.871777
6.538895 6.564506 6.507944 6.53488 6.571874 6.670547 6.624017 6.637915 6.64317 6.646332 6.659788 6.771356 6.786927 6.809801 6.835173 6.862434 6.790125 6.811004 6.830486 6.907827 6.873776 6.905687 6.929191 6.95077 6.971866 6.989645 7.0101 7.079266 7.074086 7.092308 7.110402 7.224165 7.243361 7.263773 7.242718 7.270504 7.293396 7.298772 7.320917 7.401464 7.376676 7.401982 7.426854 7.453722 7.480967 7.508214 7.534157 7.547684 7.548839 7.594941 7.614891 7.633385 7.673656 7.696086 7.717915 7.738971 7.749629 7.820797 7.843426 7.832457 7.890059 7.87574 7.92522
6.474391 6.579321 6.601429 6.629282 6.649595 6.672578 6.691001 6.637127 6.64355 6.670019 6.732269 6.756921 6.706837 6.729886 6.752325 6.767608 6.787675 6.810781 6.832227 6.853542 6.885782 6.909997 6.93045 6.950608 6.971723 7.044982 7.037769 7.057548 7.075521 7.094685 7.20065 7.21902 7.198769 7.22243 7.251702 7.277084 7.340611 7.362711 7.333488 7.360164 7.386547 7.412266 7.417915 7.468254 7.494542 7.511198 7.512605 7.552842 7.582541 7.611948 7.643327 7.661557 7.683937 7.705747 7.715509 7.789713 7.810378 7.797122 7.823252 7.880477 7.869466 7.888102 7.907473
6.552917 6.575091 6.597789 6.62623 6.649927 6.671113 6.69766 6.645576 6.640988 6.649675 6.665223 6.677953 6.707216 6.72951 6.750283 6.766863 6.789258 6.811358 6.841197 6.865382 6.889219 6.910257 6.930433 6.954148 7.026014 7.020347 7.039001 7.057997 7.075521 7.09644 7.195422 7.176742 7.201826 7.233717 7.261255 7.323056 7.346609 7.319924 7.344045 7.371137 7.39729 7.407563 7.453338 7.476993 7.476081 7.496756 7.539783 7.570539 7.598878 7.625849 7.648467 7.671045 7.682079 7.755733 7.778439 7.80022 7.786994 7.813861 7.844101 7.892905 7.880637 7.900371 7.917952
6.549837 6.572699 6.598121 6.62581 6.645672 6.669681 6.687007 6.633964 6.712235 6.718488 6.658761 6.677865 6.704686 6.72776 6.8156 6.767054 6.787278 6.819479 6.844231 6.867057 6.889569 6.914231 6.988482 7.006966 7.022623 7.019842 7.03734 7.056727 7.147473 7.12996 7.156003 7.183804 7.214962 7.281572 7.269122 7.282725 7.306738 7.327359 7.354974 7.368794 7.395794 7.421626 7.449959 7.459636 7.480661 7.52687 7.557724 7.592358 7.613468 7.639459 7.652376 7.724587 7.692285 7.767664 7.790131 7.815691 7.842665 7.823448 7.854818 7.874215 7.896765 7.915436 7.935113
6.560103 6.572532 6.589677 6.621281 6.642896 6.663472 6.683592 6.698749 6.706693 6.717968 6.653443 6.67514 6.757536 6.780443 6.742553 6.763795 6.796787 6.821837 6.847296 6.871161 6.948741 6.967824 6.983944 7.000936 7.019275 7.017762 7.031619 7.083261 7.203358 7.136118 7.163587 7.19622 7.22689 7.254612 7.267946 7.291893 7.309207 7.328455 7.355307 7.384091 7.409388 7.438205 7.444137 7.485983 7.513216 7.547422 7.584914 7.606264 7.622734 7.696325 7.717989 7.7401 7.761555 7.784997 7.812851 7.84033 7.82033 7.848577 7.868863 7.894086 7.912171 7.931687 7.949228
6.560719 6.573773 6.590815 6.618477 6.639569 6.657432 6.645271 6.692608 6.702664 6.639413 6.651541 6.721774 6.747098 6.769621 6.749667 6.773535 6.802663 6.827386 6.907177 6.926211 6.943999 6.961442 6.976639 6.9972 6.991177 7.0712 7.060139 7.177828 7.115582 7.145281 7.177879 7.208778 7.238256 7.252374 7.276956 7.291308 7.315744 7.341425 7.371967 7.397718 7.404032 7.427871 7.475153 7.506379 7.540859 7.57796 7.592304 7.615387 7.69043 7.656792 7.734064 7.756262 7.781981 7.811094 7.790789 7.840105 7.846068 7.865795 7.890562 7.909033 7.928619 7.943204 7.937651
6.566027 6.574944 6.554475 6.609068 6.626425 6.645522 6.664534 6.684526 6.624527 6.637177 6.649794 6.710353 6.734504 6.725008 6.752361 6.779376 6.862107 6.882725 6.902181 6.920881 6.936228 6.953251 6.968063 6.986159 7.050579 7.128251 7.066166 7.09482 7.124218 7.157882 7.189909 7.219504 7.245035 7.262859 7.270459 7.302296 7.3301 7.357311 7.386751 7.414639 7.417246 7.467463 7.499961 7.540023 7.561866 7.584952 7.661193 7.683975 7.649716 7.727683 7.751814 7.780388 7.809344 7.788502 7.81043 7.842539 7.867558 7.887319 7.905132 7.927178 7.937632 7.932886 7.967922
6.530227 6.542118 6.584687 6.565471 6.613761 6.635207 6.657383 6.67331 6.62286 6.632215 6.642476 6.699629 6.738115 6.727265 6.815541 6.838559 6.85869 6.878249 6.895389 6.910843 6.923631 6.943247 7.021679 7.043757 7.102116 7.04385 7.072839 7.102541 7.138039 7.17005 7.199748 7.228607 7.224338 7.259268 7.292677 7.318285 7.347276 7.375749 7.406113 7.432083 7.460521 7.485939 7.524942 7.610007 7.636611 7.655468 7.620381 7.642308 7.722319 7.74956 7.741768 7.772789 7.8171 7.806276 7.838857 7.863952 7.883995 7.901 7.922117 7.9106 7.931183 7.966362 7.984828
6.532415 6.544244 6.58715 6.598415 6.609968 6.627919 6.644221 6.664413 6.681894 6.626486 6.649533 6.70404 6.695508 6.790479 6.813115 6.834141 6.85252 6.868475 6.879505 6.898143 6.977174 6.99709 7.021676 7.045644 7.020987 7.049993 7.080834 7.117777 7.15011 7.17943 7.209524 7.21493 7.250712 7.284028 7.30987 7.338418 7.366772 7.398412 7.422964 7.496233 7.479854 7.517904 7.603851 7.630257 7.649063 7.613513 7.6817 7.719056 7.709198 7.740398 7.754899 7.812878 7.802379 7.835622 7.861137 7.880146 7.898027 7.917016 7.905889 7.928449 7.964583 7.980759 7.99648
6.53489 6.578697 6.589062 6.599379 6.605287 6.61771 6.631522 6.585712 6.677852 6.633796 6.642339 6.666777 6.764421 6.787277 6.807356 6.824841 6.834975 6.852921 6.871827 6.950953 6.972462 6.997974 7.021962 6.996984 7.026224 7.059825 7.096814 7.128505 7.159481 7.171792 7.206109 7.24158 7.270457 7.300776 7.387407 7.361032 7.391443 7.419247 7.491186 7.478385 7.566844 7.59698 7.62433 7.583811 7.653432 7.676569 7.700466 7.707643 7.738448 7.75208 7.804671 7.799664 7.837296 7.857913 7.876054 7.897189 7.90902 7.903001 7.939257 7.960335 7.97623 7.993464 8.011333
6.567502 6.576996 6.586666 6.525808 6.602837 6.616296 6.631101 6.65394 6.68067 6.622222 6.637841 6.740153 6.760407 6.778139 6.78824 6.805415 6.824131 6.902763 6.924154 6.947534 6.973574 6.94146 6.971943 7.002334 7.037574 7.075139 7.10802 7.12798 7.160612 7.19646 7.227852 7.260245 7.291084 7.320433 7.354215 7.384994 7.411551 7.485092 7.527425 7.561077 7.591547 7.618658 7.625406 7.647936 7.670794 7.712145 7.705868 7.737919 7.749705 7.774107 7.815067 7.833727 7.853931 7.872056 7.893094 7.903646 7.900764 7.937724 7.955666 7.971665 7.998258 8.012474 8.033297
6.56336 6.573402 6.511338 6.590835 6.605634 6.620723 6.626071 6.655232 6.669248 6.690484 6.710218 6.7286 6.739655 6.756862 6.775396 6.795613 6.874279 6.89694 6.923446 6.948318 6.915218 6.946319 6.978734 7.015305 7.053436 7.083795 7.116605 7.151454 7.185568 7.217899 7.249635 7.281757 7.313472 7.346762 7.375764 7.403102 7.440623 7.521777 7.555931 7.536525 7.613161 7.620188 7.641975 7.665716 7.671144 7.705434 7.71728 7.750047 7.771574 7.811154 7.829267 7.849948 7.871758 7.889165 7.900887 7.946515 7.935627 7.950537 7.963331 7.990876 8.011429 8.033983 8.050762
6.560529 6.571502 6.581034 6.587667 6.60118 6.621549 6.641175 6.654781 6.667599 6.672785 6.688918 6.707294 6.724527 6.74564 6.823173 6.845491 6.86903 6.896611 6.922633 6.88853 6.920662 6.954896 6.992686 7.037819 7.071983 7.09865 7.131063 7.169275 7.207425 7.239796 7.273975 7.308448 7.339341 7.3677 7.402618 7.48317 7.516526 7.550779 7.580576 7.545403 7.614671 7.580405 7.607893 7.672025 7.684122 7.716702 7.746901 7.771174 7.806934 7.82536 7.846731 7.868864 7.884225 7.898678 7.910332 7.929303 7.940561 7.961514 7.989346 8.008562 8.029546 8.046553 8.064248
6.560669 6.562134 6.574516 6.588094 6.606621 6.619762 6.632197 6.645331 6.657256 6.668487 6.679534 6.693023 6.714709 6.792274 6.816082 6.841946 6.869183 6.827466 6.838087 6.895408 6.93185 6.950157 7.02648 7.046157 7.079587 7.12553 7.156848 7.195755 7.231287 7.268352 7.302376 7.331945 7.373315 7.395738 7.477345 7.511414 7.494165 7.575892 7.540543 7.609507 7.576787 7.606269 7.65121 7.68329 7.717322 7.743021 7.767324 7.803134 7.821807 7.843614 7.864171 7.878423 7.884993 7.93665 7.916248 7.9502 7.943982 7.962888 8.007832 8.025467 8.041935 8.059905 8.080095
