inputs/Middelgrunden/Resource grid 1   Sector 1   Height 64m   Sector frequency.grd
DSAA
 111           201 
 728800        731000
 6176000       6180000
 6.254308E-02  6.349213E-02
[rows 0 to 22 of 201, columns 0 to 52 of 111]
.063132 6.315199E-02 6.316662E-02 .0631678 6.314632E-02 6.315488E-02 6.317469E-02 6.318366E-02 6.319711E-02 6.323245E-02 6.326735E-02 6.334495E-02 6.343518E-02 6.344847E-02 6.346538E-02 6.349213E-02 6.349158E-02 6.348716E-02 6.348211E-02 .0634793 6.347356E-02 .0634657 6.345877E-02 6.344663E-02 6.349001E-02 6.348132E-02 6.347249E-02 6.346741E-02 6.345956E-02 6.345162E-02 6.344557E-02 .0634419 6.343491E-02 .0633981 6.339375E-02 6.338973E-02 6.338681E-02 6.337938E-02 6.337557E-02 6.336316E-02 6.334437E-02 6.333857E-02 6.332807E-02 6.331814E-02 6.330869E-02 6.330404E-02 6.329851E-02 6.330374E-02 6.329557E-02 .0632883 6.328107E-02 6.327511E-02 6.332364E-02
6.314988E-02 6.316631E-02 6.318282E-02 6.318477E-02 6.316623E-02 6.317526E-02 6.319121E-02 6.319872E-02 6.321424E-02 6.324207E-02 6.327772E-02 6.335749E-02 6.343784E-02 6.344338E-02 6.345816E-02 6.346866E-02 6.348197E-02 6.347537E-02 6.347377E-02 6.347102E-02 6.346489E-02 6.345806E-02 6.345024E-02 6.344067E-02 6.348515E-02 .0634748 6.346411E-02 6.346077E-02 6.345571E-02 6.344749E-02 6.343762E-02 6.343328E-02 6.342838E-02 6.339268E-02 6.338757E-02 6.338146E-02 6.337821E-02 6.337231E-02 6.336915E-02 .0633606 6.335285E-02 6.333102E-02 6.332123E-02 6.331242E-02 .0633102 6.330292E-02 6.329732E-02 6.329031E-02 6.329334E-02 6.328496E-02 6.327742E-02 6.327149E-02 6.327491E-02
6.317016E-02 6.318155E-02 6.319895E-02 6.321279E-02 6.321101E-02 6.320552E-02 .063207 6.321608E-02 6.323015E-02 6.324962E-02 6.328046E-02 6.336533E-02 6.343348E-02 6.344263E-02 6.345438E-02 6.345557E-02 6.345959E-02 6.346502E-02 6.346127E-02 6.346165E-02 6.345667E-02 6.345286E-02 6.344498E-02 6.343602E-02 6.347875E-02 6.346931E-02 6.345886E-02 6.345144E-02 .063442 6.343675E-02 6.343221E-02 6.342869E-02 6.342183E-02 6.338485E-02 6.337986E-02 6.337576E-02 6.337299E-02 6.336619E-02 6.336172E-02 6.335333E-02 6.334488E-02 6.332383E-02 6.331603E-02 6.331579E-02 6.330988E-02 6.329871E-02 6.329193E-02 6.328536E-02 .0632886 6.328233E-02 6.327448E-02 6.321903E-02 6.327116E-02
6.318383E-02 6.319353E-02 6.321736E-02 6.323726E-02 6.323337E-02 6.322189E-02 6.322182E-02 6.322795E-02 6.323422E-02 6.325271E-02 6.328727E-02 6.338234E-02 6.343441E-02 6.344116E-02 6.344595E-02 6.344836E-02 6.345083E-02 6.344301E-02 6.345111E-02 6.345034E-02 6.344537E-02 6.344559E-02 6.343487E-02 .0634824 6.347194E-02 6.346332E-02 6.345148E-02 6.344415E-02 6.343567E-02 6.342848E-02 .0634225 6.342074E-02 6.341443E-02 6.339296E-02 6.337129E-02 6.336448E-02 6.336169E-02 6.335875E-02 6.335593E-02 6.334729E-02 6.334011E-02 .0633198 6.331295E-02 6.330782E-02 6.330437E-02 6.329913E-02 6.329248E-02 6.328258E-02 6.327417E-02 6.323127E-02 6.322633E-02 6.327081E-02 6.326988E-02
6.319822E-02 6.321173E-02 6.323592E-02 6.325518E-02 6.324999E-02 6.323308E-02 6.323078E-02 6.323525E-02 6.324377E-02 6.325872E-02 6.329402E-02 6.338992E-02 6.343574E-02 6.345267E-02 6.344328E-02 6.344073E-02 6.344248E-02 6.343349E-02 6.342643E-02 6.343565E-02 6.343491E-02 6.343362E-02 6.343001E-02 6.347483E-02 6.346285E-02 6.345431E-02 6.344407E-02 6.343631E-02 6.342793E-02 6.342161E-02 6.341615E-02 6.340882E-02 6.340358E-02 6.338444E-02 6.336396E-02 6.335867E-02 6.335549E-02 .0633542 6.335072E-02 6.334215E-02 6.333493E-02 6.332126E-02 .0633103 6.330478E-02 .0633008 .0632956 6.328846E-02 6.328194E-02 6.322528E-02 .0632306 6.322569E-02 6.326687E-02 6.326474E-02
6.319463E-02 .0632042 6.324957E-02 6.326912E-02 6.326205E-02 .0632466 6.324428E-02 6.324728E-02 6.325285E-02 6.326445E-02 6.329947E-02 6.339712E-02 6.343576E-02 6.344949E-02 6.343856E-02 .0634342 6.342544E-02 6.342586E-02 6.341711E-02 6.342454E-02 6.341998E-02 6.342186E-02 6.341929E-02 6.346598E-02 6.345519E-02 6.344343E-02 .0634367 6.342913E-02 .0634201 6.341261E-02 6.340779E-02 6.340232E-02 6.339522E-02 6.337465E-02 6.336076E-02 6.335508E-02 6.334839E-02 .0633495 6.334727E-02 6.334095E-02 6.333556E-02 6.331879E-02 .0633075 6.330363E-02 .0632972 .0632892 .0632374 .063232 6.322485E-02 6.321528E-02 6.321935E-02 6.326411E-02 6.326241E-02
6.320818E-02 6.322448E-02 6.324307E-02 .06326 6.328197E-02 6.328914E-02 6.325791E-02 6.326148E-02 6.325993E-02 6.327005E-02 6.330284E-02 6.339978E-02 6.343328E-02 6.344563E-02 6.343339E-02 6.342303E-02 6.341755E-02 .0634171 6.340852E-02 6.340249E-02 .06341 6.340882E-02 .0634091 6.345247E-02 6.344213E-02 6.343481E-02 6.342618E-02 6.341794E-02 6.341181E-02 6.340599E-02 6.340347E-02 .0633935 6.337194E-02 6.336886E-02 6.336482E-02 6.334839E-02 6.334785E-02 6.334641E-02 6.334218E-02 6.333978E-02 6.333432E-02 .0633289 6.330905E-02 6.329843E-02 6.329067E-02 6.323645E-02 6.323137E-02 6.322443E-02 6.321716E-02 6.321152E-02 6.321599E-02 6.326034E-02 6.325494E-02
.0632238 6.323949E-02 6.325437E-02 6.327437E-02 6.328809E-02 6.328663E-02 6.327066E-02 .0632701 6.326523E-02 6.327455E-02 6.330381E-02 6.339641E-02 .0634271 6.343862E-02 6.342739E-02 6.341647E-02 6.340946E-02 6.339975E-02 6.339886E-02 6.339176E-02 6.338681E-02 6.339379E-02 6.344745E-02 6.343934E-02 6.343219E-02 6.342238E-02 6.341901E-02 6.341074E-02 6.340261E-02 6.339768E-02 6.339593E-02 6.338581E-02 6.336832E-02 6.336499E-02 6.336549E-02 6.334614E-02 6.334281E-02 6.334379E-02 .0633432 6.334427E-02 6.333344E-02 6.332598E-02 6.330425E-02 6.324337E-02 6.323675E-02 6.322987E-02 6.322462E-02 .0632173 6.321052E-02 6.320355E-02 .0631974 6.325476E-02 6.324975E-02
6.323545E-02 6.325481E-02 6.326957E-02 6.328737E-02 6.331625E-02 6.330537E-02 6.326248E-02 6.325638E-02 6.326938E-02 6.327581E-02 6.330393E-02 6.339096E-02 6.342126E-02 6.343146E-02 6.341895E-02 6.340857E-02 6.340085E-02 6.338932E-02 6.338769E-02 .0633799 6.337489E-02 6.337071E-02 6.343547E-02 6.343387E-02 6.342313E-02 6.341312E-02 6.340989E-02 6.340311E-02 6.339627E-02 6.339265E-02 6.338993E-02 6.338214E-02 6.336464E-02 6.336422E-02 .0633645 6.334759E-02 6.334461E-02 .0633432 6.334276E-02 6.334067E-02 6.333037E-02 6.332066E-02 6.324428E-02 6.323541E-02 6.323092E-02 6.322467E-02 6.321981E-02 6.321216E-02 6.320455E-02 6.320026E-02 6.318979E-02 6.324756E-02 6.324364E-02
6.325164E-02 6.327046E-02 6.328823E-02 6.330108E-02 6.333002E-02 6.332199E-02 6.327964E-02 6.326327E-02 6.325115E-02 6.325288E-02 6.330143E-02 6.338585E-02 6.341457E-02 6.342468E-02 .0634082 6.339592E-02 6.338344E-02 6.337777E-02 6.336915E-02 6.337158E-02 6.336733E-02 6.336276E-02 6.341494E-02 6.342383E-02 6.341482E-02 6.340487E-02 6.340209E-02 6.339289E-02 6.338725E-02 6.338504E-02 6.338256E-02 6.338164E-02 6.336515E-02 6.336424E-02 6.336238E-02 6.335744E-02 6.333911E-02 6.333806E-02 6.333622E-02 6.333353E-02 6.326661E-02 6.325855E-02 6.323962E-02 6.323493E-02 6.322686E-02 .0632192 6.321279E-02 6.320479E-02 .0631987 6.319037E-02 6.323373E-02 6.322645E-02 .0632319
6.326286E-02 .0632863 6.330738E-02 6.331456E-02 6.334431E-02 6.333643E-02 6.332068E-02 6.326921E-02 6.325509E-02 .0632512 6.327496E-02 6.335755E-02 6.340573E-02 6.341483E-02 6.339645E-02 6.338684E-02 6.337713E-02 6.337218E-02 6.336043E-02 6.336635E-02 6.336252E-02 6.335703E-02 6.340829E-02 6.340463E-02 6.340709E-02 6.339774E-02 .0633923 6.338868E-02 6.338599E-02 6.338496E-02 6.338226E-02 6.338037E-02 6.336029E-02 6.335746E-02 6.335379E-02 6.335137E-02 6.333718E-02 6.333223E-02 6.333042E-02 .0632706 6.326068E-02 6.325285E-02 6.323337E-02 6.322991E-02 .0632199 6.321136E-02 6.320494E-02 6.319826E-02 6.319103E-02 6.318244E-02 6.322504E-02 6.321882E-02 6.322512E-02
6.327583E-02 6.329721E-02 6.331988E-02 6.333201E-02 6.335905E-02 6.336828E-02 6.333382E-02 6.327225E-02 6.325325E-02 6.324726E-02 6.326785E-02 6.335172E-02 6.337736E-02 6.338497E-02 6.338707E-02 6.337853E-02 6.336949E-02 6.336562E-02 6.335439E-02 .0633609 6.335662E-02 6.340453E-02 6.340133E-02 6.339997E-02 6.339141E-02 6.339329E-02 6.338783E-02 6.338317E-02 6.338134E-02 6.337772E-02 6.337871E-02 6.337875E-02 .0633587 6.335348E-02 6.334874E-02 6.334684E-02 6.332909E-02 6.326453E-02 .0632647 6.326085E-02 6.325252E-02 6.324495E-02 6.322709E-02 6.322012E-02 6.321202E-02 6.320595E-02 6.320149E-02 6.319278E-02 6.318426E-02 6.317559E-02 6.321928E-02 6.321395E-02 6.320778E-02
6.328656E-02 6.330948E-02 6.333002E-02 .0633454 6.337135E-02 6.337857E-02 6.334564E-02 6.327131E-02 6.324828E-02 .0632421 6.325872E-02 6.334145E-02 6.337003E-02 6.337485E-02 6.336641E-02 6.335047E-02 6.336353E-02 6.335557E-02 6.334874E-02 6.334667E-02 6.335174E-02 6.340215E-02 6.340014E-02 6.339528E-02 6.338725E-02 6.338922E-02 6.338231E-02 6.337886E-02 6.337509E-02 6.337295E-02 6.337252E-02 6.337111E-02 6.335171E-02 6.334803E-02 6.334272E-02 6.333636E-02 6.326154E-02 6.325714E-02 6.325457E-02 6.325411E-02 6.324651E-02 6.323837E-02 6.323043E-02 6.321301E-02 6.320415E-02 6.319737E-02 6.319202E-02 6.318292E-02 6.317569E-02 6.316814E-02 6.321287E-02 .0632065 6.319866E-02
6.329645E-02 6.332222E-02 6.333897E-02 6.336512E-02 6.337773E-02 .063384 6.335467E-02 6.327361E-02 6.324096E-02 6.323564E-02 6.325471E-02 6.333888E-02 6.336784E-02 6.336713E-02 6.336434E-02 6.334626E-02 6.333701E-02 6.332866E-02 6.334589E-02 6.334476E-02 6.334791E-02 6.339628E-02 6.339112E-02 6.338996E-02 6.338229E-02 6.337262E-02 6.337637E-02 6.337385E-02 6.337377E-02 6.336729E-02 6.336572E-02 6.336438E-02 6.334522E-02 .0633412 6.327756E-02 6.327219E-02 6.326678E-02 6.324611E-02 6.324641E-02 6.324752E-02 6.323911E-02 .0632292 6.321891E-02 6.320064E-02 6.319746E-02 .0631919 6.317998E-02 6.317153E-02 6.316797E-02 6.316108E-02 6.320411E-02 6.319836E-02 .0631919
6.330287E-02 6.333238E-02 6.334642E-02 6.337523E-02 6.338228E-02 6.338913E-02 6.335703E-02 6.327513E-02 6.323839E-02 .0632329 6.325351E-02 6.333794E-02 6.336126E-02 6.336205E-02 6.335935E-02 .0633426 6.333372E-02 6.332564E-02 .06332 6.331782E-02 6.333308E-02 6.339095E-02 6.338654E-02 6.338347E-02 6.337907E-02 .063373 6.336144E-02 6.336668E-02 6.335775E-02 .0633605 6.335981E-02 6.333877E-02 6.334136E-02 6.327607E-02 6.327119E-02 6.326227E-02 6.325896E-02 6.324101E-02 6.323977E-02 6.323938E-02 6.323261E-02 6.322215E-02 6.321324E-02 6.319726E-02 6.318864E-02 6.318195E-02 6.317306E-02 6.316611E-02 6.316154E-02 6.315188E-02 6.319677E-02 6.319098E-02 6.318618E-02
6.332419E-02 6.334015E-02 6.333956E-02 6.336498E-02 6.336802E-02 6.338078E-02 6.338061E-02 6.329677E-02 6.324212E-02 6.322543E-02 .0632537 6.333663E-02 6.336167E-02 6.335806E-02 6.335346E-02 6.333596E-02 6.332778E-02 6.331959E-02 6.331084E-02 .0633129 .0633067 6.336463E-02 6.338151E-02 6.337682E-02 6.337427E-02 .0633691 6.335565E-02 6.334896E-02 6.335244E-02 6.335252E-02 6.335408E-02 6.327722E-02 6.327292E-02 6.327095E-02 6.326079E-02 6.325288E-02 6.324866E-02 6.323425E-02 6.323085E-02 6.323184E-02 6.322345E-02 6.321193E-02 6.320699E-02 6.318863E-02 6.318036E-02 6.317377E-02 6.316444E-02 6.315862E-02 6.314967E-02 .0631929 6.318444E-02 6.318127E-02 .0631789
6.332129E-02 6.333891E-02 6.334469E-02 6.337196E-02 .0633754 6.338789E-02 6.338169E-02 6.330719E-02 .0632527 6.323767E-02 6.325613E-02 6.333635E-02 6.335504E-02 6.335252E-02 6.334939E-02 6.333107E-02 6.332389E-02 6.331437E-02 6.330803E-02 6.330909E-02 6.335317E-02 6.334943E-02 6.335568E-02 6.334947E-02 6.336948E-02 6.336591E-02 .0633548 6.334755E-02 6.333965E-02 6.334752E-02 6.328808E-02 6.327222E-02 .0632674 6.325708E-02 6.325277E-02 6.324592E-02 .0632408 6.323865E-02 6.322414E-02 6.322449E-02 6.321685E-02 6.320712E-02 .0631994 6.318276E-02 6.317439E-02 6.316843E-02 6.315981E-02 6.314576E-02 6.313867E-02 6.318405E-02 6.317628E-02 6.317198E-02 6.316909E-02
6.333125E-02 6.334414E-02 6.335043E-02 6.337849E-02 6.338152E-02 6.339435E-02 6.339459E-02 6.334205E-02 6.326009E-02 6.325192E-02 6.326017E-02 6.333907E-02 6.335182E-02 6.334767E-02 6.334344E-02 6.332533E-02 6.331952E-02 6.331103E-02 6.330514E-02 .0633065 6.335208E-02 6.334473E-02 6.335098E-02 6.334639E-02 6.334723E-02 .0633423 6.335713E-02 6.334279E-02 6.327751E-02 6.327713E-02 6.328297E-02 6.326186E-02 6.325629E-02 .0632484 6.324138E-02 6.323701E-02 6.323243E-02 6.322706E-02 6.321099E-02 6.321573E-02 6.321325E-02 6.320137E-02 6.319295E-02 6.317489E-02 6.316645E-02 .0631603 6.314924E-02 6.313749E-02 6.313083E-02 6.317686E-02 6.316955E-02 .0631663 6.316154E-02
6.333335E-02 6.334699E-02 6.336484E-02 .0633883 6.339898E-02 .063403 6.340145E-02 6.336796E-02 6.328592E-02 6.325199E-02 6.327663E-02 6.334724E-02 6.335544E-02 .0633525 6.334953E-02 6.332584E-02 6.331882E-02 6.330905E-02 6.330182E-02 6.329886E-02 .0633499 6.334461E-02 6.335166E-02 6.334653E-02 6.334696E-02 6.334226E-02 6.333535E-02 .0632579 .0632775 6.327369E-02 6.327605E-02 6.324998E-02 6.324312E-02 6.323708E-02 6.323307E-02 6.322613E-02 6.322093E-02 6.321697E-02 6.320312E-02 6.320406E-02 6.320314E-02 6.319457E-02 6.318455E-02 6.317727E-02 6.315869E-02 .0631493 6.314106E-02 6.313279E-02 .0631248 6.317073E-02 6.316199E-02 6.315889E-02 6.315543E-02
6.333924E-02 .0633501 6.338385E-02 6.339706E-02 6.340772E-02 6.340989E-02 6.340771E-02 6.339949E-02 6.332295E-02 6.327331E-02 6.328211E-02 6.335059E-02 6.335372E-02 6.335444E-02 6.335135E-02 6.333422E-02 6.332254E-02 .0633117 6.330627E-02 6.330033E-02 6.335217E-02 6.334849E-02 6.334381E-02 6.334537E-02 6.334524E-02 6.327976E-02 6.327123E-02 6.325765E-02 6.325248E-02 6.324585E-02 6.325542E-02 .0632419 6.323418E-02 6.322929E-02 6.322507E-02 6.321847E-02 6.321054E-02 6.320836E-02 6.320814E-02 6.319638E-02 6.319486E-02 6.318489E-02 6.317911E-02 6.317077E-02 6.314924E-02 6.314144E-02 6.313232E-02 6.312456E-02 6.311668E-02 6.316072E-02 6.315462E-02 6.314932E-02 6.314547E-02
6.333807E-02 .0633513 6.338902E-02 .0634011 6.341484E-02 .063414 6.341218E-02 6.340221E-02 6.333932E-02 6.328638E-02 6.329829E-02 .0633556 6.335889E-02 6.335884E-02 6.335059E-02 6.332973E-02 6.332295E-02 .0633146 6.330983E-02 6.336091E-02 6.336087E-02 6.335642E-02 6.334925E-02 6.334739E-02 6.328165E-02 .0632777 6.326746E-02 6.325673E-02 6.324822E-02 6.323826E-02 6.322854E-02 6.320564E-02 6.322982E-02 6.322215E-02 6.321408E-02 .0632076 .0632056 6.319981E-02 6.319444E-02 6.318754E-02 6.318754E-02 6.317923E-02 6.316784E-02 6.315849E-02 6.314106E-02 6.313343E-02 6.312529E-02 6.311756E-02 .0631614 6.315556E-02 .063148 6.314145E-02 .0631347
6.333379E-02 6.334829E-02 6.338859E-02 6.340417E-02 6.341919E-02 6.341591E-02 6.341077E-02 6.340084E-02 6.335665E-02 6.330302E-02 6.331582E-02 .0633585 .0633598 6.335878E-02 .0633526 6.334437E-02 6.332673E-02 6.331832E-02 .0633138 6.336523E-02 6.336085E-02 6.335749E-02 6.328983E-02 6.328177E-02 6.328493E-02 6.328226E-02 6.327038E-02 6.325381E-02 6.324081E-02 6.323112E-02 6.322411E-02 6.320101E-02 6.319454E-02 6.319629E-02 6.320809E-02 6.320176E-02 6.319463E-02 6.318991E-02 6.318574E-02 6.317248E-02 6.317767E-02 6.316697E-02 6.315391E-02 6.314728E-02 6.313068E-02 .0631275 6.311935E-02 6.311269E-02 6.315816E-02 6.314626E-02 6.313807E-02 6.313107E-02 6.312521E-02
6.332838E-02 6.334764E-02 .0633839 6.340727E-02 6.342068E-02 6.342251E-02 6.341103E-02 6.340197E-02 6.337621E-02 6.331725E-02 6.333353E-02 6.335816E-02 6.336179E-02 6.336059E-02 6.335542E-02 6.334898E-02 6.332991E-02 6.332512E-02 6.332102E-02 6.336994E-02 6.330033E-02 6.329697E-02 .063288 6.328011E-02 6.328512E-02 .063275 6.326821E-02 6.325332E-02 .0632432 6.323386E-02 6.322359E-02 6.319435E-02 6.318607E-02 6.317759E-02 6.318153E-02 6.317248E-02 6.318575E-02 6.318019E-02 6.317744E-02 6.316192E-02 6.316417E-02 .0631562 6.314652E-02 6.314214E-02 6.312478E-02 6.311941E-02 6.311445E-02 6.310611E-02 6.314785E-02 6.313512E-02 6.312706E-02 6.312112E-02 .0631192
