inputs/Middelgrunden/Resource grid 1   Sector 10   Height 64m   Weibull-A.grd
DSAA
 111           201 
 728800        731000
 6176000       6180000
 6.513293      9.127136
[rows 28 to 55 of 201, columns 0 to 62 of 111]
6.873124 6.883112 6.892784 6.913014 6.939385 6.971608 6.996945 7.021075 7.051785 7.074469 7.096975 7.119093 7.140546 7.160291 7.17724 7.193355 7.208826 7.223358 7.237454 7.253924 7.27064 7.28689 7.302059 7.315653 7.328948 7.342256 7.354852 7.36647 7.331675 7.345224 7.35891 7.372187 7.385331 7.398323 7.411079 7.423649 7.436013 7.448259 7.451668 7.455164 7.458661 7.463731 7.473271 7.483082 7.495583 7.506474 7.516921 7.526865 7.5349 7.544927 7.579772 7.552668 7.564951 7.578858 7.592775 7.606636 7.620297 7.64419 7.657348 7.670844 7.684602 7.696056 7.706178
6.896441 6.887307 6.896958 6.919976 6.944325 6.968279 6.991844 7.014025 7.042111 7.067144 7.087339 7.107394 7.126042 7.141853 7.161775 7.180136 7.196641 7.212481 7.228113 7.243236 7.25846 7.272762 7.286959 7.300736 7.314022 7.326696 7.33889 7.350724 7.362312 7.3736 7.367203 7.380292 7.392951 7.405264 7.417307 7.429056 7.440449 7.447271 7.452017 7.456057 7.459663 7.469199 7.477762 7.489932 7.461238 7.475731 7.489917 7.504114 7.518221 7.532329 7.546275 7.560132 7.573315 7.586211 7.608777 7.619757 7.628263 7.639456 7.650649 7.661839 7.672659 7.694449 7.705318
6.891059 6.900078 6.89896 6.912616 6.934463 6.955481 6.976726 6.999928 7.020744 7.046071 7.067227 7.088185 7.108194 7.131023 7.150696 7.169436 7.184711 7.199778 7.214396 7.228672 7.242099 7.255241 7.267478 7.279922 7.291976 7.303925 7.318985 7.333807 7.348438 7.354161 7.366777 7.37926 7.391615 7.400211 7.414503 7.428092 7.392556 7.400811 7.408846 7.416757 7.424316 7.503686 7.51096 7.518455 7.525377 7.53356 7.542131 7.550585 7.559007 7.567477 7.575938 7.584423 7.59256 7.598914 7.605402 7.612197 7.607686 7.620562 7.633373 7.646242 7.655274 7.631618 7.642087
6.884739 6.895786 6.906561 6.917077 6.925096 6.931602 6.972581 6.994202 7.01547 7.042987 7.062851 7.082216 7.101354 7.121801 7.141865 7.161838 7.17835 7.1946 7.21052 7.227335 7.243138 7.258678 7.273708 7.289062 7.305048 7.322705 7.339981 7.357046 7.373753 7.39004 7.406108 7.42224 7.437795 7.453391 7.468781 7.483915 7.497966 7.507439 7.510858 7.514056 7.518284 7.522521 7.527134 7.531636 7.536044 7.540725 7.516404 7.523201 7.530114 7.536906 7.543804 7.550833 7.56266 7.574123 7.587103 7.600496 7.613939 7.627665 7.641501 7.65533 7.66854 7.683444 7.696363
6.880263 6.88547 6.895216 6.904925 6.91432 6.924162 6.951124 6.977167 7.00249 7.04119 7.063526 7.08456 7.10522 7.125055 7.144966 7.164897 7.185513 7.203372 7.221385 7.239588 7.256863 7.273346 7.289381 7.304291 7.317462 7.330862 7.344056 7.356786 7.369231 7.381608 7.394189 7.406661 7.376617 7.439052 7.400889 7.413877 7.419406 7.41606 7.419899 7.42315 7.426839 7.438375 7.442745 7.447398 7.452509 7.458451 7.464746 7.473084 7.484802 7.496319 7.507845 7.519295 7.530812 7.542177 7.554192 7.566363 7.578817 7.591357 7.603666 7.615697 7.627731 7.639146 7.719094
6.853175 6.862975 6.873252 6.883618 6.899339 6.924912 6.949985 6.97553 6.999879 7.024621 7.056158 7.078176 7.099112 7.121455 7.141993 7.161736 7.180705 7.195751 7.21024 7.224044 7.238216 7.252525 7.266396 7.229162 7.243532 7.257345 7.271551 7.285681 7.299493 7.313241 7.326634 7.339886 7.353073 7.365911 7.3785 7.390934 7.400445 7.406502 7.41277 7.418336 7.424617 7.432196 7.439775 7.447268 7.451971 7.460962 7.472791 7.484627 7.496973 7.509605 7.521761 7.533787 7.546447 7.558406 7.57015 7.58174 7.593253 7.604822 7.616424 7.62757 7.639516 7.650844 7.662271
6.827902 6.848151 6.862207 6.875077 6.889018 6.915047 6.939513 6.964167 6.988747 7.013118 7.046391 7.07095 7.094927 7.118605 7.141982 7.164403 7.186792 7.150424 7.16971 7.2156 7.23172 7.247406 7.262787 7.277732 7.292891 7.307639 7.322182 7.336683 7.351064 7.31925 7.334316 7.349224 7.36404 7.378581 7.392929 7.407054 7.421163 7.432524 7.438681 7.444664 7.451123 7.457848 7.464256 7.471049 7.477793 7.48447 7.493277 7.500847 7.508692 7.519896 7.531059 7.542239 7.554185 7.562691 7.575572 7.587786 7.60004 7.612136 7.623759 7.635058 7.646543 7.657514 7.668757
6.765887 6.780523 6.840818 6.867181 6.872924 6.903471 6.927199 6.952296 6.976829 7.000724 7.024231 7.055969 7.07965 7.102503 7.124589 7.147039 7.169629 7.191872 7.213456 7.231353 7.183504 7.200957 7.217933 7.23462 7.250731 7.266808 7.282669 7.298287 7.313899 7.329487 7.344776 7.359962 7.375056 7.390048 7.404814 7.419364 7.433825 7.448164 7.462175 7.468446 7.475295 7.482424 7.489326 7.497697 7.505204 7.512458 7.520063 7.527669 7.535749 7.543864 7.552013 7.560054 7.56907 7.574104 7.58433 7.594595 7.604953 7.616264 7.627645 7.636844 7.646173 7.659009 7.707218
6.695381 6.712726 6.743701 6.770998 6.873935 6.900923 6.926765 6.941138 6.967299 6.993752 7.019043 7.043989 7.077234 7.1021 7.126969 7.150698 7.174461 7.197269 7.219708 7.219282 7.234303 7.251151 7.268192 7.284839 7.301067 7.317587 7.333667 7.349621 7.365455 7.330786 7.346207 7.361473 7.376213 7.390952 7.405344 7.419556 7.433694 7.447561 7.461273 7.47462 7.484552 7.491844 7.500413 7.508899 7.517678 7.525775 7.533226 7.540772 7.548399 7.556105 7.563571 7.573259 7.584448 7.594081 7.60026 7.611689 7.622966 7.634193 7.645471 7.656559 7.668048 7.680018 7.692376
6.695885 6.697122 6.713352 6.730106 6.760113 6.794339 6.822798 6.916298 6.94263 6.97131 6.998827 7.024802 7.059186 7.085413 7.111033 7.136318 7.140446 7.162047 7.183074 7.205515 7.222176 7.238253 7.25264 7.212596 7.228795 7.244797 7.260873 7.277008 7.292891 7.308366 7.324942 7.339973 7.354597 7.369177 7.38347 7.397569 7.411528 7.425302 7.438911 7.452115 7.465343 7.47789 7.490603 7.500975 7.507377 7.513147 7.521371 7.531384 7.540169 7.551914 7.564865 7.577982 7.59093 7.60364 7.615559 7.627346 7.639338 7.65121 7.662897 7.67418 7.686307 7.697958 7.710069
6.703976 6.704272 6.72045 6.686228 6.712574 6.868264 6.8922 6.915252 6.938029 6.965901 6.984549 7.01046 7.036525 7.072162 7.097045 7.120574 7.142714 7.164845 7.187274 7.209103 7.228096 7.245322 7.264504 7.280847 7.296993 7.312391 7.327619 7.342758 7.357997 7.372702 7.387123 7.352087 7.367281 7.382266 7.39737 7.41163 7.425804 7.439742 7.453175 7.465954 7.479076 7.49194 7.502626 7.516068 7.530637 7.544318 7.542864 7.555319 7.567306 7.579088 7.590625 7.602233 7.613859 7.625539 7.6372 7.648592 7.66033 7.672066 7.834046 7.843861 7.850966 7.858083 7.741457
6.716642 6.713207 6.730824 6.757091 6.854624 6.876876 6.899997 6.923083 6.945771 6.968114 6.987799 6.892249 6.92206 6.949945 6.9741 7.050117 7.134451 7.158048 7.181662 7.203832 7.222705 7.210117 7.22463 7.239283 7.255367 7.269002 7.28269 7.295796 7.260653 7.276051 7.291123 7.305084 7.319081 7.332925 7.347015 7.360933 7.350168 7.366722 7.386462 7.40601 7.425126 7.44418 7.46327 7.481421 7.499368 7.517057 7.534396 7.551286 7.568148 7.599534 7.610668 7.621695 7.63266 7.643867 7.654965 7.665699 7.676606 7.687609 7.6982 7.709527 7.693194 7.704874 7.716743
6.728868 6.725853 6.81198 6.837163 6.867458 6.892034 6.915584 6.938715 6.961596 6.920722 6.945557 6.970297 7.001481 7.024717 7.04648 7.067924 7.031239 7.056596 7.079453 7.100333 7.118361 7.13606 7.206604 7.22349 7.239434 7.254884 7.270337 7.284181 7.297825 7.311369 7.324361 7.308551 7.323249 7.337759 7.351384 7.364618 7.377716 7.390563 7.403348 7.415487 7.427635 7.444455 7.462218 7.479714 7.496911 7.513908 7.53079 7.547288 7.563861 7.579692 7.595366 7.610806 7.625839 7.640821 7.681664 7.696287 7.710251 7.72286 7.735176 7.746334 7.70328 7.714779 7.72636
6.738622 6.764781 6.775805 6.800484 6.82657 6.853802 6.879601 6.883466 6.917685 6.942565 6.966925 6.972224 6.999973 7.021626 7.04311 7.004802 7.026588 7.047489 7.067302 7.086754 7.103635 7.148759 7.142118 7.158638 7.175595 7.190014 7.207837 7.244634 7.262789 7.280797 7.298562 7.315303 7.331504 7.347564 7.363576 7.379855 7.395823 7.411709 7.426969 7.442352 7.457628 7.472576 7.487683 7.502583 7.517444 7.538336 7.545455 7.557834 7.5711 7.586183 7.601108 7.615909 7.630508 7.644874 7.659259 7.673374 7.701276 7.715965 7.712672 7.75527 7.768519 7.781964 7.795278
6.684887 6.765929 6.783143 6.814097 6.801763 6.828521 6.855891 6.875314 6.901394 6.926591 6.984764 7.008779 7.017392 7.035948 7.053147 7.07008 7.029381 7.045069 7.060201 7.075487 7.090114 7.106304 7.112078 7.124932 7.137584 7.151955 7.167947 7.180576 7.192832 7.205767 7.233248 7.252625 7.273669 7.294983 7.316053 7.33083 7.349563 7.366911 7.384 7.400573 7.434573 7.450095 7.464478 7.480077 7.49683 7.513355 7.529272 7.545439 7.561705 7.577729 7.593722 7.609469 7.745269 7.758384 7.669876 7.685037 7.700135 7.712709 7.724306 7.736486 7.747492 7.758527 7.769575
6.688028 6.702168 6.797904 6.753411 6.808113 6.834201 6.862095 6.888129 6.912923 6.937627 6.961824 6.994093 7.018123 7.018723 7.03919 7.037535 7.056974 7.07591 7.094294 7.108837 7.122819 7.13689 7.150042 7.145607 7.159164 7.172915 7.18643 7.199682 7.212621 7.226967 7.24401 7.258007 7.282069 7.302264 7.317332 7.337806 7.357403 7.364563 7.382116 7.399643 7.425893 7.434345 7.450262 7.466132 7.481182 7.49649 7.51167 7.526737 7.541546 7.555976 7.720866 7.734657 7.747748 7.760386 7.773145 7.7855 7.798398 7.811334 7.823899 7.75738 7.753413 7.765604 7.77784
6.696874 6.70796 6.735189 6.785011 6.800368 6.827022 6.853128 6.879042 6.900541 6.926471 6.95388 6.989964 7.017363 7.043522 7.048316 7.071678 7.094866 7.117856 7.137791 7.134502 7.149992 7.165339 7.179831 7.194398 7.207768 7.221015 7.202332 7.215441 7.228129 7.240751 7.253321 7.265751 7.278112 7.290775 7.306898 7.332425 7.349356 7.366388 7.384058 7.401179 7.418063 7.434453 7.449947 7.465854 7.481832 7.497829 7.527811 7.529521 7.544231 7.558523 7.572704 7.586432 7.600272 7.749323 7.762236 7.775215 7.684295 7.699753 7.712427 7.72429 7.736584 7.748763 7.760554
6.719054 6.731558 6.736135 6.781974 6.807799 6.833297 6.858224 6.882822 6.90662 6.930731 6.962001 6.986469 7.021608 7.074367 7.100029 7.06296 7.084342 7.104626 7.121894 7.139013 7.15638 7.173258 7.241971 7.258298 7.274955 7.291262 7.307262 7.322989 7.338555 7.384079 7.400042 7.415699 7.42262 7.423291 7.437898 7.452323 7.466495 7.480288 7.3841 7.405021 7.529236 7.543395 7.45273 7.469185 7.484844 7.49976 7.514551 7.529315 7.54392 7.558193 7.573428 7.589973 7.604854 7.619418 7.63288 7.768446 7.687397 7.700696 7.707057 7.719115 7.731187 7.744394 7.757508
6.725872 6.735329 6.825737 6.852498 6.821794 6.848407 6.874457 6.898961 6.922645 6.945851 6.976212 6.999617 7.022364 7.044994 7.067499 7.089778 7.115273 7.133255 7.129748 7.146027 7.107061 7.141328 7.154105 7.166776 7.179073 7.190741 7.20166 7.233915 7.243091 7.386955 7.401873 7.416424 7.430892 7.445376 7.421454 7.435415 7.465022 7.478489 7.49177 7.504553 7.517446 7.530594 7.549375 7.565363 7.578255 7.591579 7.605406 7.619297 7.549036 7.643962 7.656466 7.669003 7.602587 7.616016 7.629035 7.642372 7.656459 7.686325 7.701941 7.716773 7.729791 7.742145 7.754377
6.761905 6.844602 6.853758 6.862979 6.875977 6.904644 6.932222 6.904496 6.931698 6.956409 6.988161 7.011788 7.035564 7.057837 7.079705 7.101242 7.120186 7.138041 7.157667 7.17484 7.19163 7.181986 7.175363 7.188328 7.201047 7.232379 7.245414 7.258092 7.270285 7.282302 7.294156 7.30552 7.316509 7.327476 7.343254 7.358724 7.452322 7.465779 7.478556 7.491492 7.560442 7.57247 7.584513 7.596673 7.608681 7.620669 7.599353 7.645452 7.65739 7.638591 7.651517 7.664784 7.678367 7.728216 7.740944 7.753727 7.766034 7.809357 7.823826 7.837759 7.849956 7.863225 7.876561
6.77356 6.813534 6.826264 6.836883 6.84728 6.857658 6.867328 6.891477 6.931767 6.958786 6.985661 7.011925 7.03806 7.057695 7.081664 7.102318 7.122789 7.142752 7.160598 7.177358 7.155789 7.197187 7.212747 7.205429 7.21883 7.231833 7.244584 7.257079 7.269216 7.281071 7.292724 7.304238 7.315865 7.327727 7.339326 7.350611 7.536271 7.47099 7.39693 7.412303 7.426877 7.592977 7.604867 7.617196 7.62937 7.641293 7.652871 7.664288 7.676553 7.689079 7.702481 7.718648 7.732463 7.745573 7.758807 7.813974 7.828717 7.842251 7.855442 7.868519 7.880218 7.8914 7.90253
6.833878 6.843049 6.854541 6.865534 6.876538 6.887063 6.897553 6.908403 6.924393 6.954829 6.981073 7.0025 7.02771 7.051351 7.072653 7.09398 7.115122 7.13554 7.155574 7.174416 7.193597 7.212419 7.197214 7.214402 7.250846 7.246592 7.259928 7.273255 7.286323 7.299153 7.311656 7.324149 7.336288 7.348214 7.359964 7.371106 7.382569 7.471091 7.484601 7.494633 7.507987 7.520322 7.53266 7.54483 7.557658 7.570299 7.582895 7.675443 7.687844 7.700125 7.712154 7.723631 7.735292 7.752288 7.763645 7.817078 7.834122 7.848078 7.862276 7.876657 7.889439 7.901544 7.912255
6.843705 6.856963 6.869813 6.882949 6.896211 6.907463 6.919008 6.930009 6.94082 6.951317 6.976727 7.002867 7.027649 7.049086 7.070025 7.090958 7.111225 7.131068 7.150334 7.169046 7.187879 7.186948 7.202998 7.219824 7.236641 7.253552 7.255019 7.271887 7.290645 7.307314 7.323551 7.394288 7.410155 7.424424 7.438108 7.451708 7.465041 7.47822 7.490612 7.503462 7.515918 7.523417 7.536322 7.549072 7.561577 7.574018 7.586577 7.599063 7.611475 7.630709 7.722324 7.733661 7.608201 7.621163 7.633795 7.646017 7.676089 7.691993 7.707016 7.722507 7.736897 7.75013 7.763511
6.862957 6.867271 6.878711 6.890747 6.904349 6.917452 6.930489 6.943797 6.956832 6.977816 6.997931 7.016282 7.031295 7.046129 7.061008 7.075591 7.089563 7.103842 7.144056 7.159759 7.175538 7.191364 7.206946 7.222229 7.237306 7.252438 7.267602 7.282736 7.297771 7.312797 7.327738 7.343167 7.405224 7.420786 7.436482 7.451961 7.467765 7.482546 7.497841 7.512115 7.525556 7.538853 7.542622 7.559057 7.573471 7.585934 7.598247 7.610512 7.622452 7.634254 7.588369 7.600573 7.583545 7.594904 7.606246 7.618942 7.630491 7.688265 7.702 7.714556 7.726831 7.73984 7.752094
6.876189 6.887802 6.899517 6.905452 6.916676 6.89726 6.938503 6.949867 6.961511 6.974181 6.986927 7.012773 7.029891 7.047234 7.050007 7.069765 7.087688 7.103917 7.119905 7.135485 7.180951 7.196269 7.2116 7.226666 7.24163 7.25647 7.271101 7.28561 7.299907 7.31398 7.32801 7.343438 7.360028 7.376391 7.393296 7.384527 7.385071 7.480152 7.49778 7.512722 7.527347 7.541132 7.554276 7.56737 7.580326 7.602962 7.616381 7.601763 7.613717 7.625543 7.637121 7.647686 7.658486 7.598603 7.610289 7.621803 7.632095 7.64412 7.656551 7.668262 7.724545 7.737678 7.75147
6.884102 6.89823 6.912278 6.923226 6.934592 6.941526 6.924617 6.947145 6.96537 6.983407 6.961726 6.981921 7.00174 7.021712 7.041607 7.061265 7.080634 7.099696 7.118297 7.136697 7.154698 7.172063 7.187766 7.203027 7.217989 7.232378 7.246678 7.262642 7.278951 7.295211 7.338391 7.354164 7.335929 7.350444 7.368114 7.384562 7.372902 7.389109 7.404428 7.414498 7.429083 7.44377 7.458205 7.472803 7.487403 7.501547 7.515197 7.525665 7.539325 7.561957 7.636692 7.648814 7.661073 7.672736 7.68428 7.696232 7.707358 7.718638 7.729828 7.673498 7.685498 7.741253 7.754029
6.893218 6.90556 6.918814 6.93255 6.946753 6.959623 6.939463 6.945667 6.956574 6.97075 6.992 7.012919 7.002625 7.022104 7.040962 7.060191 7.07865 7.096813 7.114474 7.13163 7.148595 7.165763 7.182576 7.201346 7.219591 7.237329 7.254656 7.271601 7.287529 7.303387 7.318753 7.31468 7.30548 7.322563 7.339797 7.356278 7.372934 7.447888 7.460505 7.474373 7.489304 7.503772 7.459101 7.473111 7.486931 7.500653 7.514489 7.528532 7.542436 7.555665 7.568868 7.581985 7.601434 7.613799 7.626844 7.639245 7.651766 7.665044 7.732699 7.798996 7.811095 7.774341 7.785767
6.887672 6.895104 6.90606 6.916263 6.92741 6.938295 6.950741 6.954116 6.967542 6.978429 6.993917 7.015013 7.035092 7.054697 7.074349 7.093318 7.080397 7.09769 7.115026 7.133015 7.151125 7.169065 7.186556 7.203094 7.220109 7.236899 7.253806 7.270861 7.316389 7.332945 7.317915 7.297646 7.311086 7.324105 7.338417 7.35462 7.371214 7.386355 7.40066 7.415587 7.431036 7.44545 7.459034 7.47248 7.485941 7.504782 7.518261 7.531666 7.544944 7.558107 7.571302 7.584321 7.597416 7.609857 7.627437 7.639897 7.652701 7.665405 7.717909 7.730265 7.742597 7.754908 7.838278
