inputs/Middelgrunden/Resource grid 1   Sector 9   Height 64m   Weibull-A.grd
DSAA
 111           201 
 728800        731000
 6176000       6180000
 7.1678        9.123199
[rows 0 to 27 of 201, columns 0 to 62 of 111]
7.311811 7.315827 7.315303 7.312756 7.31764 7.318356 7.31937 7.320005 7.325901 7.329072 7.329607 7.327883 7.340983 7.360602 7.393043 7.441688 7.456604 7.497239 7.512422 7.535617 7.555617 7.576287 7.595855 7.611447 7.638367 7.656293 7.691262 7.706422 7.720081 7.734111 7.735012 7.746356 7.756364 7.766952 7.776919 7.798883 7.806733 7.826554 7.847953 7.871589 7.893997 7.913589 7.934803 7.950574 7.965871 7.980819 7.994587 8.009295 8.026395 8.043262 8.060923 8.079822 8.094559 8.108008 8.120773 8.157657 8.169868 8.182319 8.195763 8.209626 8.224189 8.193519 8.192778
7.305389 7.304635 7.303089 7.30641 7.30478 7.307513 7.311407 7.312624 7.313961 7.312644 7.317167 7.321428 7.332603 7.348512 7.372107 7.394567 7.441505 7.46916 7.503815 7.521996 7.540513 7.559913 7.577922 7.597316 7.616193 7.642629 7.655887 7.693196 7.709364 7.723459 7.737047 7.739518 7.750821 7.763014 7.772357 7.783281 7.804424 7.814976 7.841882 7.871683 7.892454 7.91409 7.937444 7.955921 7.971309 7.986571 8.000544 8.014804 8.028234 8.040248 8.054312 8.071342 8.089771 8.107192 8.124236 8.13827 8.150665 8.160945 8.202743 8.214874 8.227852 8.241161 8.254762
7.303 7.296354 7.296154 7.295893 7.297239 7.301336 7.301996 7.303139 7.305372 7.307007 7.307933 7.309384 7.324709 7.338551 7.357382 7.378329 7.403163 7.443648 7.47925 7.508348 7.523 7.541442 7.58212 7.582878 7.600482 7.619064 7.63609 7.661807 7.675521 7.696689 7.713548 7.727035 7.74393 7.755152 7.767136 7.779184 7.799187 7.821103 7.849022 7.871804 7.890566 7.914659 7.935472 7.955532 7.977604 7.993023 8.006754 8.020743 8.034519 8.0481 8.060396 8.072386 8.083874 8.097765 8.115049 8.13288 8.148767 8.164481 8.177939 8.189143 8.229247 8.245756 8.258325
7.292586 7.291235 7.290056 7.289602 7.289231 7.290218 7.292261 7.296158 7.296587 7.297298 7.300126 7.30312 7.31893 7.334107 7.339423 7.355701 7.37694 7.408626 7.440255 7.48411 7.50673 7.5392 7.546595 7.581079 7.605695 7.604605 7.62269 7.641582 7.655962 7.680248 7.695024 7.740146 7.732343 7.750176 7.76085 7.776062 7.799144 7.821456 7.842325 7.863982 7.892261 7.913789 7.936884 7.957166 7.975814 7.993318 8.010762 8.030031 8.041024 8.053981 8.067473 8.080821 8.092175 8.103813 8.114397 8.126297 8.137485 8.154888 8.17098 8.186054 8.201174 8.214225 8.252533
7.289824 7.287003 7.285293 7.284043 7.283082 7.283289 7.283568 7.285556 7.287994 7.291101 7.290756 7.29466 7.311979 7.328238 7.343194 7.35221 7.365752 7.384692 7.407351 7.437891 7.492076 7.512956 7.546876 7.561021 7.583644 7.610772 7.628257 7.626758 7.644275 7.662197 7.686665 7.698808 7.715569 7.759716 7.760741 7.779833 7.799811 7.821516 7.842022 7.861761 7.883077 7.905016 7.925506 7.954 7.980898 8.000751 8.01889 8.036794 8.046521 8.058739 8.071227 8.083477 8.100333 8.113536 8.125604 8.13637 8.146942 8.157193 8.164559 8.173553 8.190537 8.205518 8.220226
7.278424 7.268804 7.28238 7.279808 7.277994 7.276773 7.276509 7.277713 7.279166 7.280538 7.282766 7.292172 7.306432 7.321361 7.335089 7.345802 7.362006 7.376607 7.394323 7.416505 7.443067 7.512353 7.517767 7.548746 7.56165 7.583021 7.611174 7.63314 7.680677 7.648412 7.666883 7.682728 7.711938 7.717785 7.748632 7.779668 7.802534 7.827797 7.846897 7.864507 7.882847 7.900884 7.921693 7.943478 7.96479 7.986152 8.022551 8.035014 8.058634 8.0755 8.091844 8.108674 8.127827 8.141631 8.13252 8.144102 8.155251 8.165545 8.176212 8.185714 8.192205 8.199452 8.205662
7.275397 7.272515 7.267221 7.260307 7.275408 7.272533 7.271231 7.269554 7.27114 7.272781 7.274129 7.301817 7.287534 7.316408 7.330276 7.344484 7.3588 7.367247 7.386567 7.404234 7.426008 7.452254 7.514615 7.518498 7.544568 7.569499 7.583661 7.613705 7.639361 7.686257 7.702456 7.718663 7.735397 7.746716 7.757651 7.774859 7.806848 7.830363 7.852389 7.871424 7.889875 7.907321 7.924191 7.939011 7.958551 7.980388 8.002328 8.022532 8.053875 8.077415 8.094407 8.110484 8.125443 8.142701 8.163037 8.176063 8.187554 8.174013 8.184511 8.194995 8.205023 8.213652 8.220425
7.280643 7.269845 7.265954 7.262474 7.258012 7.253043 7.268471 7.266147 7.26431 7.26418 7.266632 7.297882 7.28061 7.296319 7.340995 7.340518 7.354059 7.367809 7.38307 7.400329 7.415074 7.4353 7.461675 7.510754 7.543632 7.546319 7.57865 7.590497 7.618154 7.640096 7.660685 7.707241 7.723042 7.739396 7.755254 7.784115 7.813827 7.844861 7.857059 7.878301 7.897696 7.913481 7.930733 7.948106 7.9631 7.977962 7.99336 8.016424 8.037082 8.054821 8.072541 8.108182 8.129253 8.143847 8.15874 8.174438 8.19498 8.208165 8.219536 8.228472 8.238061 8.223983 8.233344
7.273283 7.277851 7.26623 7.259943 7.256675 7.256437 7.250439 7.246752 7.262222 7.259619 7.257914 7.294386 7.275156 7.290112 7.336568 7.350838 7.349398 7.363932 7.377341 7.392083 7.410312 7.420664 7.446987 7.474618 7.495255 7.552515 7.553598 7.594161 7.603356 7.619265 7.648167 7.687579 7.712523 7.728125 7.754403 7.787965 7.821486 7.852002 7.85338 7.889866 7.904557 7.924433 7.938321 7.953475 7.96978 7.985987 8.000714 8.015315 8.03061 8.05055 8.068144 8.084713 8.101543 8.141016 8.16234 8.176991 8.191238 8.206031 8.225642 8.237729 8.249538 8.260779 8.268472
7.276446 7.272772 7.27423 7.262686 7.25807 7.251309 7.251386 7.248358 7.243688 7.240751 7.255703 7.292075 7.304921 7.330492 7.333647 7.346825 7.360777 7.375507 7.37238 7.387199 7.401278 7.418553 7.430771 7.45085 7.48365 7.499828 7.561091 7.577619 7.597024 7.609208 7.6323 7.666775 7.698218 7.728397 7.763108 7.792587 7.82283 7.856215 7.887492 7.876462 7.898679 7.928291 7.949558 7.969138 7.977531 7.992349 8.00758 8.022994 8.037736 8.051554 8.065095 8.080307 8.096387 8.112052 8.135599 8.17372 8.193514 8.207228 8.222059 8.235469 8.249754 8.266182 8.27732
7.278278 7.276095 7.270085 7.263842 7.26249 7.254468 7.247639 7.245921 7.246098 7.241046 7.237661 7.273187 7.303028 7.323508 7.329191 7.343207 7.357213 7.371031 7.384908 7.398273 7.391896 7.41085 7.426867 7.440037 7.460445 7.493778 7.507936 7.565576 7.585625 7.6 7.641101 7.671578 7.706268 7.72029 7.750714 7.774145 7.805501 7.857588 7.887759 7.92102 7.898831 7.919676 7.943286 7.972589 7.991644 8.003545 8.01621 8.029771 8.045224 8.059379 8.072527 8.085037 8.095642 8.106786 8.122933 8.145482 8.162672 8.202157 8.223609 8.239003 8.25146 8.26425 8.276952
7.308843 7.304045 7.301414 7.269409 7.262515 7.2676 7.254428 7.24929 7.241704 7.240472 7.239151 7.271129 7.283535 7.301671 7.326492 7.339644 7.353577 7.367577 7.381443 7.395218 7.407872 7.400715 7.415708 7.436232 7.448513 7.469733 7.507035 7.540052 7.58245 7.600269 7.642996 7.667675 7.69507 7.718088 7.742002 7.768419 7.796032 7.817791 7.841985 7.919487 7.949901 7.973867 7.94083 7.960286 7.982808 8.01348 8.031651 8.03977 8.0542 8.067763 8.080856 8.093655 8.104184 8.114526 8.124562 8.132041 8.154808 8.171756 8.188764 8.204185 8.249264 8.264668 8.278683
7.313441 7.30904 7.303991 7.300649 7.294386 7.287791 7.267128 7.252676 7.247379 7.243824 7.235972 7.262984 7.282182 7.294208 7.306778 7.319431 7.350007 7.364208 7.37808 7.391745 7.405493 7.417981 7.431211 7.424421 7.440646 7.469858 7.496486 7.551366 7.570357 7.61146 7.638672 7.684087 7.699602 7.718161 7.74086 7.76472 7.788535 7.818024 7.8395 7.861899 7.882587 7.977557 8.00382 7.970621 7.980203 8.000289 8.02254 8.053392 8.068477 8.075333 8.088887 8.103025 8.113473 8.123415 8.132933 8.142508 8.150833 8.166164 8.179218 8.195157 8.212871 8.229305 8.274431
7.29334 7.289075 7.28592 7.305299 7.298467 7.294438 7.288475 7.282556 7.262527 7.256418 7.252628 7.260746 7.273311 7.285601 7.30452 7.317303 7.330017 7.341673 7.3746 7.388557 7.402106 7.415995 7.428929 7.440722 7.454651 7.467402 7.498399 7.539796 7.584562 7.606728 7.640522 7.675416 7.702425 7.732173 7.740538 7.762399 7.786514 7.809649 7.833449 7.860288 7.881488 7.903712 7.921266 8.029058 7.986651 8.009918 8.018204 8.037396 8.060062 8.087863 8.104049 8.108761 8.121137 8.132561 8.142684 8.15165 8.16046 8.169014 8.176766 8.191265 8.201167 8.218831 8.236259
7.283347 7.291819 7.288872 7.285043 7.282668 7.277658 7.294583 7.288862 7.283617 7.261282 7.257768 7.262348 7.271293 7.285392 7.298373 7.312021 7.327864 7.340199 7.352997 7.366104 7.398688 7.412445 7.426388 7.439067 7.451098 7.474441 7.496477 7.537941 7.575493 7.616467 7.637167 7.665002 7.703785 7.737302 7.793189 7.754753 7.783878 7.806901 7.830541 7.852123 7.879744 7.900977 7.923141 7.942318 7.966497 8.081309 8.024672 8.046093 8.065412 8.07285 8.099498 8.122499 8.137627 8.139155 8.150223 8.160645 8.169736 8.17845 8.187187 8.194375 8.208364 8.21517 8.223365
7.316317 7.28986 7.280951 7.278614 7.305056 7.285105 7.287397 7.269258 7.270284 7.264684 7.261138 7.268583 7.278806 7.288297 7.29729 7.307779 7.321399 7.340483 7.353651 7.363431 7.376454 7.390006 7.422586 7.436662 7.456097 7.478781 7.502613 7.527963 7.568277 7.602605 7.645543 7.666339 7.693414 7.730715 7.770409 7.828721 7.825127 7.805046 7.826241 7.849754 7.871559 7.894075 7.919765 7.940781 7.963753 7.983112 8.107677 8.037427 8.050804 8.079998 8.088757 8.108254 8.129719 8.154655 8.166681 8.176713 8.177787 8.187531 8.196377 8.205557 8.21248 8.22576 8.232014
7.336547 7.32899 7.308984 7.304428 7.321892 7.319997 7.31902 7.32163 7.279823 7.269166 7.270318 7.274764 7.285398 7.294019 7.303269 7.313906 7.322115 7.332078 7.345259 7.364563 7.376721 7.386658 7.40018 7.413677 7.460524 7.484113 7.506945 7.529318 7.553992 7.600147 7.630846 7.672863 7.696716 7.721223 7.756532 7.802513 7.863818 7.853872 7.82504 7.846358 7.86821 7.890773 7.915325 7.941396 7.958938 7.985176 7.999815 8.021931 8.051629 8.074974 8.095727 8.102486 8.127883 8.142426 8.159667 8.183214 8.19295 8.203429 8.213085 8.222403 8.22261 8.230122 8.244461
7.376967 7.367237 7.359944 7.352389 7.331443 7.327865 7.344568 7.322748 7.305523 7.31162 7.276983 7.303834 7.30376 7.305746 7.310507 7.318536 7.328482 7.338731 7.346828 7.357336 7.370893 7.387549 7.399529 7.416094 7.445957 7.469303 7.511516 7.533478 7.555461 7.578829 7.619523 7.65942 7.696934 7.722584 7.727691 7.784357 7.807974 7.898597 7.882218 7.897324 7.865697 7.8861 7.909206 7.93292 7.955007 7.992494 8.004659 8.016979 8.038175 8.066969 8.088597 8.11295 8.128383 8.142164 8.158924 8.180997 8.187068 8.218727 8.229153 8.229734 8.239482 8.239522 8.246946
7.407573 7.383006 7.388454 7.384073 7.379189 7.361946 7.356636 7.348826 7.332786 7.316042 7.29688 7.306002 7.311406 7.316883 7.328787 7.329419 7.33726 7.346551 7.35346 7.362534 7.371899 7.382346 7.401118 7.431721 7.453764 7.474797 7.499469 7.518286 7.559271 7.580751 7.602451 7.645948 7.684359 7.718659 7.732573 7.749793 7.797685 7.832283 7.855807 7.956249 7.920912 7.883486 7.904995 7.926216 7.950698 7.971017 8.013821 8.026319 8.037564 8.053247 8.075769 8.103965 8.124721 8.145182 8.158928 8.17397 8.191412 8.204135 8.221513 8.243612 8.254852 8.255223 8.2644
7.420408 7.422174 7.41563 7.406167 7.408297 7.401551 7.385704 7.387544 7.362737 7.342041 7.327488 7.313851 7.316328 7.330436 7.33897 7.354887 7.353779 7.356536 7.365582 7.372137 7.379643 7.391608 7.409729 7.435845 7.462111 7.482878 7.502635 7.524787 7.54744 7.567312 7.605248 7.626244 7.671004 7.709122 7.739667 7.756309 7.772365 7.818306 7.853118 7.877147 7.987156 7.961421 7.901411 7.92284 7.942883 7.964393 8.039731 8.057065 8.046782 8.058451 8.067805 8.090277 8.117831 8.128873 8.159295 8.176521 8.189687 8.204622 8.216327 8.229374 8.252556 8.270555 8.279729
7.39502 7.406212 7.431549 7.429792 7.407472 7.418394 7.425621 7.41064 7.392207 7.373081 7.351935 7.350382 7.347786 7.343943 7.342399 7.358275 7.373831 7.376537 7.379329 7.384582 7.39135 7.406964 7.424047 7.446893 7.466016 7.487522 7.511347 7.530597 7.552508 7.577683 7.593639 7.612599 7.649418 7.691371 7.732939 7.761787 7.801464 7.795856 7.850362 7.877345 7.899308 7.923073 7.98665 7.992553 7.940193 7.959383 8.052319 8.062923 8.074567 8.101257 8.078115 8.088533 8.104285 8.12187 8.142215 8.163959 8.190882 8.204415 8.219227 8.231909 8.242272 8.264031 8.276772
7.389872 7.401776 7.413971 7.418834 7.422742 7.436737 7.421336 7.434629 7.413939 7.398421 7.381003 7.379767 7.377752 7.373645 7.368243 7.369599 7.370876 7.371465 7.389822 7.399531 7.405334 7.425352 7.450517 7.464725 7.478034 7.49505 7.516957 7.537605 7.558109 7.577583 7.598846 7.622438 7.642969 7.656565 7.719161 7.755557 7.783885 7.797698 7.818398 7.872426 7.889661 7.923128 7.93552 8.012488 8.012486 7.956047 8.05708 8.074153 8.085365 8.096079 8.113952 8.09388 8.106915 8.117643 8.139201 8.155277 8.177086 8.205525 8.211818 8.23278 8.245264 8.255701 8.276389
7.375858 7.396398 7.40901 7.421466 7.428004 7.433444 7.432186 7.430724 7.433536 7.417747 7.401622 7.404412 7.400613 7.398158 7.395779 7.394881 7.394517 7.397346 7.400119 7.413393 7.421712 7.459457 7.468332 7.48618 7.500154 7.513613 7.527558 7.543632 7.564334 7.586174 7.603081 7.624257 7.642687 7.669248 7.68679 7.731279 7.78238 7.808289 7.841846 7.837403 7.893631 7.915819 7.943858 7.955914 7.978687 8.033876 8.062233 8.078967 8.095322 8.104901 8.117528 8.130124 8.155984 8.123612 8.135374 8.151813 8.167623 8.189222 8.210322 8.234601 8.246188 8.258449 8.26836
7.363542 7.381775 7.401686 7.418318 7.428675 7.436443 7.443885 7.443013 7.443712 7.43474 7.421777 7.422328 7.421243 7.419762 7.418582 7.415881 7.415037 7.417171 7.42022 7.419993 7.464776 7.487331 7.511517 7.533947 7.559115 7.533825 7.544487 7.554776 7.574213 7.59081 7.609888 7.638334 7.657574 7.675785 7.692935 7.710714 7.75803 7.788733 7.825924 7.86673 7.892062 7.914457 7.934519 7.964603 7.976143 7.998345 8.054768 8.079135 8.103621 8.114272 8.133742 8.137224 8.146732 8.16842 8.139968 8.151802 8.152802 8.185444 8.199973 8.221781 8.247459 8.24974 8.271406
7.356108 7.370852 7.388374 7.407478 7.425166 7.438722 7.444461 7.45288 7.452966 7.443696 7.431235 7.437063 7.437409 7.438336 7.438191 7.435376 7.435627 7.43571 7.435992 7.445684 7.48603 7.511379 7.537587 7.5595 7.582881 7.606345 7.632118 7.657911 7.583754 7.598388 7.619631 7.636376 7.654741 7.682828 7.700554 7.716039 7.737269 7.785076 7.815117 7.830492 7.889728 7.914165 7.937543 7.961459 7.984477 7.996518 8.017657 8.041082 8.094173 8.122181 8.136056 8.141029 8.158424 8.167521 8.182806 8.208016 8.167057 8.177279 8.185408 8.205792 8.232202 8.260213 8.271307
7.35082 7.367752 7.38317 7.39606 7.413942 7.431816 7.445615 7.454438 7.457405 7.458005 7.452461 7.447329 7.450417 7.45133 7.45301 7.454105 7.45355 7.451788 7.453584 7.482478 7.509212 7.535643 7.56081 7.579334 7.607068 7.62786 7.649943 7.672919 7.699126 7.724798 7.747629 7.643947 7.660761 7.678299 7.695587 7.726205 7.741969 7.756768 7.808136 7.841994 7.855909 7.890197 7.933614 7.960776 7.981504 8.006993 8.027249 8.037706 8.05903 8.101096 8.140441 8.144248 8.159097 8.179192 8.188033 8.197905 8.220754 8.246973 8.265498 8.195838 8.216276 8.236338 8.259491
7.344543 7.360865 7.377745 7.393462 7.408979 7.419938 7.438796 7.45286 7.461918 7.470964 7.472163 7.468323 7.465011 7.461408 7.465752 7.468055 7.469092 7.470901 7.478242 7.504684 7.531569 7.55892 7.584164 7.608072 7.631194 7.6539 7.673171 7.692782 7.714344 7.737191 7.762275 7.785841 7.809815 7.829111 7.849512 7.889897 7.742425 7.766444 7.78157 7.821774 7.866333 7.886398 7.912278 7.934003 7.980711 8.003609 8.018008 8.049013 8.059828 8.078768 8.121134 8.151048 8.162082 8.177852 8.193955 8.207897 8.216232 8.234036 8.25947 8.281225 8.299513 8.226831 8.245065
7.339888 7.355413 7.370611 7.387778 7.403464 7.417814 7.432311 7.445823 7.460417 7.46935 7.479589 7.482083 7.481104 7.479352 7.478242 7.481053 7.481871 7.484754 7.501424 7.528326 7.552997 7.578542 7.604491 7.630024 7.65381 7.675029 7.697488 7.716967 7.735631 7.75495 7.776497 7.79809 7.821025 7.843892 7.866313 7.88597 7.906167 7.945013 7.967116 7.986686 8.009958 7.879943 7.899864 7.935463 7.954658 7.982274 8.024459 8.051426 8.213983 7.989592 8.159206 8.143111 8.169316 8.180479 8.195082 8.211577 8.227799 8.235373 8.248327 8.270839 8.296482 8.314152 8.321316
