inputs/Middelgrunden/Resource grid 1   Sector 7   Height 64m   Weibull-A.grd
DSAA
 111           201 
 728800        731000
 6176000       6180000
 7.268925      8.795155
[rows 0 to 27 of 201, columns 0 to 62 of 111]
7.268925 7.300361 7.330434 7.372323 7.466927 7.511466 7.514409 7.543511 7.565462 7.596029 7.627162 7.663527 7.694285 7.730921 7.750057 7.761687 7.754876 7.769303 7.786392 7.804408 7.820665 7.836148 7.856233 7.887923 7.934601 7.931169 7.94134 7.951428 7.960616 7.973651 7.988086 8.014232 8.030195 8.040555 8.057334 8.071388 8.080327 8.089159 8.10112 8.110926 8.108767 8.119642 8.131795 8.144797 8.159811 8.168953 8.176429 8.187669 8.198361 8.205415 8.213252 8.218715 8.251591 8.25531 8.272921 8.282481 8.287034 8.300243 8.319431 8.319648 8.303102 8.30924 8.321789
7.27144 7.302092 7.33488 7.375247 7.469491 7.505964 7.517941 7.544012 7.566367 7.596902 7.628604 7.667502 7.70124 7.737644 7.755714 7.766933 7.761321 7.7759 7.793564 7.810521 7.827136 7.843675 7.864608 7.898967 7.931074 7.936058 7.945835 7.956916 7.964681 7.97909 7.99444 8.019798 8.03525 8.047345 8.063087 8.076486 8.085283 8.094111 8.105487 8.115525 8.124566 8.124174 8.136256 8.149335 8.164055 8.172985 8.18101 8.191372 8.202087 8.209281 8.21719 8.222587 8.255246 8.271602 8.276819 8.280085 8.291914 8.303798 8.322798 8.32328 8.306946 8.313095 8.325397
7.274177 7.305395 7.340069 7.378457 7.416867 7.474658 7.511558 7.546333 7.567157 7.597849 7.630289 7.669154 7.710235 7.743638 7.761107 7.772374 7.767893 7.783045 7.800328 7.816012 7.833261 7.851009 7.87397 7.906209 7.93681 7.940857 7.950551 7.958937 7.969837 7.98479 8.000947 8.025098 8.04441 8.05324 8.069155 8.081107 8.090119 8.099242 8.109784 8.120214 8.12991 8.128661 8.140487 8.153883 8.168149 8.177081 8.185237 8.195211 8.2057 8.212913 8.220849 8.226184 8.258913 8.264712 8.280752 8.283992 8.294703 8.315899 8.326212 8.327024 8.310672 8.317 8.326265
7.276106 7.309271 7.341152 7.382349 7.417724 7.474563 7.498659 7.547514 7.567335 7.598644 7.63165 7.676474 7.711144 7.749304 7.765604 7.777055 7.774414 7.789952 7.807057 7.821552 7.839699 7.858643 7.882022 7.929347 7.942823 7.945791 7.955627 7.96398 7.974599 7.99052 8.007405 8.030285 8.049569 8.059037 8.074393 8.08579 8.095269 8.104322 8.114086 8.12484 8.134556 8.133096 8.144411 8.1584 8.172342 8.181554 8.189371 8.198736 8.208867 8.216491 8.225268 8.254177 8.262471 8.268443 8.284721 8.288005 8.297313 8.319609 8.330318 8.33072 8.314795 8.321034 8.329463
7.277907 7.310702 7.343687 7.385245 7.418251 7.474579 7.49971 7.539826 7.561714 7.599422 7.633725 7.682991 7.723736 7.764038 7.770752 7.781584 7.780917 7.796894 7.813571 7.827229 7.846204 7.8663 7.889084 7.944243 7.948801 7.950625 7.959394 7.971082 7.979865 7.995661 8.013339 8.040273 8.049095 8.064639 8.079276 8.090544 8.092402 8.108889 8.118488 8.129747 8.138831 8.137988 8.148477 8.155099 8.176453 8.185599 8.193142 8.202293 8.212374 8.220014 8.228741 8.258897 8.267016 8.272265 8.285567 8.292053 8.299756 8.32338 8.334127 8.33439 8.318711 8.324764 8.332762
7.278072 7.315136 7.347159 7.387597 7.418666 7.474591 7.500998 7.538837 7.561326 7.594112 7.644242 7.691442 7.730512 7.769217 7.7759 7.78629 7.787223 7.803739 7.8197 7.832813 7.853357 7.873854 7.896745 7.94117 7.948323 7.955587 7.964405 7.980911 7.985029 8.000805 8.019536 8.040463 8.058547 8.070288 8.084437 8.095107 8.097009 8.113309 8.122842 8.134114 8.143466 8.142144 8.15254 8.159698 8.180538 8.1897 8.197139 8.205707 8.215929 8.223251 8.232057 8.262921 8.27041 8.275979 8.289142 8.29613 8.303005 8.32757 8.332596 8.338043 8.322651 8.328626 8.335673
7.278193 7.320522 7.35054 7.388677 7.419011 7.423211 7.512007 7.539485 7.561083 7.595307 7.644259 7.697606 7.737012 7.765935 7.781167 7.791081 7.793654 7.810203 7.825483 7.838684 7.85993 7.88202 7.903937 7.946723 7.95329 7.960213 7.967886 7.985671 7.99004 8.006347 8.025719 8.039268 8.057278 8.075397 8.089749 8.099657 8.101546 8.117811 8.126861 8.138498 8.148111 8.157551 8.157214 8.164646 8.185081 8.193811 8.200971 8.20867 8.219407 8.226843 8.241435 8.266496 8.273829 8.279257 8.292599 8.300131 8.306577 8.331012 8.336287 8.341618 8.326132 8.332324 8.338898
7.28058 7.324305 7.359963 7.387025 7.418768 7.438496 7.512838 7.540477 7.565317 7.594825 7.649492 7.703941 7.742584 7.770788 7.78618 7.785843 7.800586 7.816547 7.830852 7.844564 7.866147 7.889373 7.937819 7.952311 7.958261 7.964978 7.978336 7.990416 7.994772 8.012567 8.031529 8.043963 8.063284 8.080949 8.094611 8.104311 8.1059 8.114293 8.131173 8.142847 8.152602 8.162018 8.161471 8.169638 8.189404 8.197655 8.204842 8.211771 8.222892 8.230762 8.243879 8.270411 8.277586 8.282954 8.296015 8.304247 8.310664 8.334274 8.339913 8.345242 8.329887 8.3359 8.342417
7.283759 7.333856 7.362353 7.38903 7.395859 7.439745 7.513945 7.542328 7.567792 7.598297 7.654382 7.71172 7.756763 7.776004 7.790827 7.792005 7.807337 7.823085 7.836468 7.851811 7.874228 7.896492 7.94421 7.958741 7.96298 7.969862 7.983123 7.990594 8.000068 8.01879 8.043236 8.049153 8.069016 8.086581 8.099148 8.108809 8.110848 8.118524 8.135435 8.147082 8.157076 8.165884 8.157787 8.173809 8.193653 8.201566 8.208843 8.215512 8.226408 8.23484 8.246892 8.27387 8.281032 8.29089 8.299134 8.308743 8.324401 8.337756 8.343536 8.348848 8.333557 8.339547 8.34561
7.297733 7.336241 7.365124 7.39225 7.398978 7.440985 7.514826 7.543322 7.570653 7.608904 7.658269 7.717819 7.761363 7.781125 7.794703 7.797792 7.813315 7.829141 7.842132 7.858532 7.881373 7.903316 7.950462 7.963965 7.967688 7.974669 7.987923 7.995596 8.004909 8.024918 8.048936 8.064353 8.074771 8.091678 8.103803 8.106698 8.11547 8.122682 8.140129 8.151333 8.161561 8.170037 8.161999 8.177484 8.197202 8.205395 8.213022 8.21917 8.229836 8.238185 8.269091 8.276959 8.28442 8.294631 8.302972 8.313287 8.328954 8.341368 8.346666 8.352508 8.337154 8.342662 8.349109
7.30274 7.338628 7.369456 7.392657 7.40229 7.445062 7.469738 7.546217 7.575679 7.611544 7.657527 7.724151 7.765541 7.786273 7.799316 7.804255 7.819724 7.834835 7.847563 7.865686 7.888446 7.910142 7.956538 7.968842 7.97209 7.979302 7.992667 8.000523 8.009821 8.025281 8.047417 8.070145 8.08045 8.096538 8.108066 8.110872 8.119565 8.126805 8.144474 8.155857 8.165589 8.174105 8.166196 8.181582 8.201095 8.209116 8.217396 8.222791 8.233253 8.241671 8.272416 8.280337 8.28791 8.298101 8.306989 8.31719 8.333267 8.344354 8.349734 8.334733 8.340809 8.346107 8.352481
7.307489 7.337453 7.374009 7.400068 7.40097 7.44556 7.474018 7.549002 7.578745 7.631378 7.664557 7.730624 7.769828 7.791059 7.802608 7.81086 7.825725 7.839917 7.85297 7.8724 7.895771 7.943415 7.962664 7.97374 7.976573 7.984198 7.99736 7.997787 8.016708 8.031141 8.052086 8.075599 8.086038 8.101768 8.112657 8.115266 8.123748 8.130966 8.148451 8.160542 8.169754 8.178181 8.170421 8.185794 8.205436 8.213029 8.221175 8.226199 8.236635 8.245047 8.275728 8.283621 8.29095 8.301553 8.311517 8.321349 8.337461 8.347274 8.353226 8.338328 8.344311 8.34965 8.355855
7.310681 7.344311 7.37804 7.403433 7.406929 7.445233 7.476213 7.553107 7.581633 7.629203 7.66501 7.736515 7.773659 7.795888 7.815373 7.817262 7.831667 7.844769 7.858773 7.879698 7.90278 7.952224 7.975327 7.985593 7.980778 7.993742 8.002204 8.002508 8.021833 8.040794 8.062484 8.080058 8.091588 8.10685 8.117035 8.119181 8.127724 8.135017 8.152443 8.164962 8.174055 8.182192 8.185746 8.1895 8.20923 8.216887 8.224623 8.229721 8.240083 8.254609 8.279052 8.286887 8.294161 8.305522 8.315282 8.328289 8.3408 8.349844 8.356358 8.341903 8.347229 8.353071 8.359269
7.312776 7.372888 7.377808 7.382574 7.409811 7.447713 7.477818 7.555185 7.585354 7.623747 7.681293 7.741753 7.777375 7.800863 7.820384 7.822937 7.837469 7.85017 7.864238 7.886685 7.908796 7.955607 7.980807 7.990158 7.985223 7.998917 8.007013 8.007229 8.027629 8.046146 8.073283 8.085747 8.097368 8.111324 8.121506 8.123512 8.1316 8.138968 8.156672 8.168915 8.178159 8.186229 8.189967 8.193231 8.213065 8.221002 8.227979 8.232937 8.243347 8.257915 8.282451 8.290092 8.297208 8.30911 8.319317 8.332978 8.344482 8.352751 8.359377 8.345294 8.350691 8.356537 8.362603
7.315617 7.375109 7.38186 7.386301 7.412836 7.449513 7.481307 7.557395 7.588482 7.628842 7.695719 7.746232 7.780681 7.80584 7.825218 7.828656 7.842792 7.855483 7.871634 7.893988 7.915158 7.96155 7.98564 7.995051 7.989606 8.003707 8.007564 8.011895 8.038092 8.051562 8.078819 8.085111 8.102516 8.115872 8.119965 8.128266 8.135346 8.142863 8.16095 8.173074 8.182217 8.190358 8.194457 8.197135 8.216928 8.224781 8.231282 8.236398 8.246514 8.261228 8.285822 8.293308 8.300785 8.312981 8.323006 8.335081 8.345186 8.356443 8.362383 8.348835 8.354154 8.359955 8.366036
7.320294 7.376926 7.390178 7.395887 7.424862 7.4572 7.484814 7.510878 7.591762 7.633793 7.700384 7.750506 7.786366 7.810424 7.83017 7.83407 7.84757 7.860601 7.877647 7.901104 7.926029 7.970459 7.990041 7.999608 7.994254 8.007875 8.012397 8.019793 8.044955 8.057749 8.083709 8.090372 8.107646 8.120225 8.124471 8.132227 8.13871 8.14713 8.164935 8.177167 8.186363 8.194358 8.198973 8.20134 8.220663 8.22858 8.234741 8.239849 8.249451 8.294773 8.289192 8.296503 8.304482 8.323266 8.326351 8.339102 8.348891 8.355885 8.365157 8.351634 8.357463 8.363337 8.369332
7.362469 7.387424 7.399869 7.403177 7.460177 7.49085 7.524895 7.513418 7.596838 7.638278 7.709428 7.75465 7.792027 7.815114 7.835254 7.83937 7.852879 7.866453 7.884941 7.908313 7.955501 7.979424 7.994471 8.004127 7.998918 8.01215 8.017334 8.02409 8.049669 8.065938 8.088681 8.095688 8.112897 8.124771 8.128801 8.13617 8.142777 8.158318 8.168694 8.181255 8.190323 8.198576 8.203338 8.205425 8.224388 8.232332 8.23867 8.243355 8.253057 8.297916 8.292829 8.299606 8.308151 8.326925 8.329988 8.343096 8.352209 8.359783 8.368002 8.355042 8.360842 8.36657 8.372613
7.37482 7.397166 7.437321 7.439549 7.469971 7.500136 7.532561 7.516483 7.613269 7.642218 7.717963 7.758366 7.797449 7.819636 7.840486 7.844443 7.857642 7.872839 7.892584 7.914294 7.964154 7.985072 7.998877 8.008509 8.003718 8.016783 8.027241 8.031096 8.0551 8.075601 8.089823 8.10081 8.118231 8.129309 8.132958 8.14665 8.146684 8.162045 8.172421 8.185389 8.194223 8.202709 8.207541 8.209217 8.228042 8.236303 8.242132 8.246835 8.256274 8.288434 8.296062 8.302979 8.311707 8.330431 8.340837 8.349063 8.355665 8.36378 8.371451 8.358401 8.364153 8.369857 8.375896
7.386041 7.406641 7.448836 7.449327 7.480453 7.509584 7.540452 7.5213 7.606275 7.646915 7.725173 7.761792 7.802764 7.824068 7.845599 7.848877 7.862972 7.880001 7.899837 7.922152 7.973732 7.991246 8.003246 8.012599 8.00879 8.021296 8.031651 8.041259 8.071258 8.07972 8.095216 8.106071 8.123105 8.133802 8.137156 8.150429 8.150601 8.165836 8.176194 8.189078 8.198038 8.206822 8.211671 8.223977 8.231698 8.240264 8.245502 8.250569 8.26553 8.291678 8.305526 8.306628 8.315981 8.333843 8.344373 8.352291 8.359223 8.367157 8.374913 8.361463 8.367377 8.373068 8.379086
7.363275 7.415763 7.435976 7.460652 7.490339 7.518114 7.548806 7.52789 7.562583 7.659236 7.73151 7.765563 7.808485 7.828741 7.848262 7.853166 7.868627 7.886294 7.907439 7.932856 7.978695 7.995344 8.007481 8.016583 8.013655 8.025926 8.035662 8.046914 8.077381 8.094328 8.100398 8.11154 8.127662 8.138307 8.141632 8.154163 8.1545 8.169341 8.180308 8.193106 8.20179 8.210853 8.21582 8.227735 8.235346 8.243963 8.248573 8.253894 8.268399 8.294621 8.30887 8.310157 8.325463 8.337209 8.348113 8.35548 8.362503 8.370968 8.378139 8.364806 8.370623 8.376461 8.382259
7.374623 7.446838 7.446776 7.471175 7.501566 7.526942 7.554771 7.540734 7.567193 7.670302 7.737814 7.770282 7.799811 7.831964 7.852911 7.858201 7.874508 7.89255 7.914194 7.960535 7.98427 7.999576 8.011625 8.020638 8.018267 8.026451 8.039506 8.053253 8.083797 8.10002 8.105523 8.116275 8.132039 8.143144 8.146111 8.158062 8.165281 8.173152 8.184039 8.196823 8.205587 8.214762 8.219515 8.231509 8.238914 8.247211 8.251891 8.257241 8.297445 8.297715 8.312541 8.316655 8.32886 8.340884 8.348767 8.358742 8.366657 8.374553 8.380723 8.368073 8.373571 8.380057 8.385298
7.416595 7.443027 7.453696 7.48158 7.509739 7.535283 7.561725 7.551147 7.57187 7.677758 7.735669 7.76673 7.803767 7.846905 7.856462 7.876919 7.880322 7.898436 7.920387 7.965588 7.987291 8.003644 8.015947 8.013492 8.022853 8.035302 8.044006 8.059471 8.094168 8.104787 8.107763 8.1209 8.136399 8.141635 8.149877 8.15571 8.169324 8.176713 8.187819 8.200672 8.209154 8.218727 8.223412 8.23524 8.242419 8.250428 8.255152 8.260558 8.300717 8.300664 8.316255 8.320305 8.332315 8.343823 8.352737 8.362071 8.370203 8.377671 8.38305 8.370757 8.375975 8.383216 8.388391
7.426569 7.452463 7.463317 7.48791 7.519081 7.545092 7.569842 7.572052 7.575373 7.683906 7.741736 7.772073 7.807601 7.852687 7.861648 7.881855 7.88622 7.90433 7.926416 7.970557 7.992393 8.008199 8.017821 8.017691 8.027267 8.040409 8.048437 8.064981 8.095443 8.109332 8.112823 8.125619 8.140838 8.145859 8.153629 8.15974 8.172788 8.180187 8.191533 8.204084 8.212747 8.222631 8.227386 8.239225 8.245844 8.253558 8.258454 8.263921 8.303743 8.303829 8.319759 8.323932 8.335732 8.346903 8.356742 8.365395 8.373769 8.381041 8.385908 8.373832 8.379104 8.38598 8.39123
7.436105 7.458319 7.472676 7.497821 7.528499 7.5314 7.555549 7.582898 7.584867 7.634423 7.74844 7.777746 7.811949 7.857624 7.866466 7.887224 7.892064 7.910971 7.932456 7.975433 7.99725 8.012631 8.022009 8.02218 8.031452 8.044985 8.054019 8.081577 8.100346 8.114017 8.107115 8.130804 8.145191 8.150164 8.157482 8.16359 8.176426 8.183672 8.195346 8.207903 8.216409 8.226819 8.231363 8.243251 8.260611 8.256583 8.261626 8.273438 8.306236 8.315921 8.323243 8.32754 8.339116 8.349933 8.360011 8.368761 8.37731 8.384407 8.389066 8.376841 8.38255 8.389011 8.394211
7.445221 7.464319 7.482254 7.50831 7.537247 7.540557 7.563648 7.591406 7.60065 7.639177 7.751873 7.78306 7.833619 7.862443 7.871133 7.889865 7.897796 7.917092 7.963069 7.980679 8.002166 8.01638 8.02604 8.039084 8.036086 8.045047 8.060256 8.086757 8.108477 8.118914 8.112286 8.135587 8.149518 8.154443 8.161302 8.173292 8.179983 8.187208 8.199133 8.21145 8.220207 8.231009 8.241446 8.247278 8.264195 8.259958 8.264809 8.276788 8.308786 8.319592 8.326805 8.331194 8.342535 8.352914 8.366094 8.371744 8.380895 8.387671 8.392461 8.379805 8.385525 8.391987 8.407512
7.455146 7.45948 7.491261 7.522378 7.545593 7.549668 7.594323 7.592234 7.615862 7.645058 7.756725 7.788662 7.839426 7.867577 7.876018 7.897775 7.9035 7.924028 7.968158 7.985315 8.007197 8.020553 8.030155 8.04396 8.040672 8.050138 8.076928 8.08375 8.109098 8.118324 8.128634 8.139855 8.153893 8.15933 8.165091 8.177117 8.183645 8.190655 8.202858 8.214907 8.224186 8.23471 8.245206 8.251203 8.267692 8.263206 8.26796 8.280152 8.311962 8.322861 8.330615 8.334676 8.345964 8.356231 8.369143 8.377026 8.384185 8.390905 8.39578 8.382529 8.388555 8.395346 8.410249
7.435443 7.46851 7.505363 7.532042 7.5541 7.557615 7.603861 7.603609 7.629641 7.656951 7.762493 7.793836 7.844656 7.872267 7.88072 7.903431 7.913724 7.938985 7.972596 7.990128 8.011935 8.024876 8.038433 8.048826 8.059964 8.055359 8.083098 8.098899 8.113312 8.123705 8.132877 8.144128 8.153471 8.163517 8.168663 8.181132 8.187203 8.193998 8.206366 8.218279 8.227998 8.238449 8.248674 8.255093 8.271235 8.266418 8.271102 8.30392 8.316192 8.326113 8.333955 8.338075 8.349353 8.359579 8.372139 8.379912 8.387532 8.39416 8.399047 8.385395 8.391835 8.398326 8.412951
7.445468 7.469522 7.515147 7.541525 7.562678 7.567221 7.613101 7.613541 7.641852 7.670694 7.726885 7.799841 7.849474 7.876188 7.885405 7.909055 7.919313 7.944472 7.976724 7.994841 8.016536 8.028872 8.04277 8.053603 8.065174 8.060555 8.088981 8.104044 8.11768 8.128533 8.137029 8.151464 8.15758 8.167191 8.172384 8.184879 8.190697 8.197698 8.209931 8.221619 8.23173 8.241741 8.252199 8.258819 8.275274 8.269523 8.274156 8.307241 8.314179 8.32945 8.337349 8.341405 8.35273 8.362892 8.375168 8.382731 8.39087 8.397174 8.402285 8.388247 8.394752 8.400511 8.416132
