inputs/Middelgrunden/Resource grid 1   Sector 8   Height 64m   Sector frequency.grd
DSAA
 111           201 
 728800        731000
 6176000       6180000
 .0940415      9.693906E-02
[rows 120 to 143 of 201, columns 53 to 105 of 111]
9.502534E-02 9.506824E-02 9.510615E-02 9.512188E-02 9.516625E-02 9.518497E-02 9.519985E-02 9.522299E-02 9.502514E-02 9.504321E-02 9.508105E-02 9.510943E-02 9.519489E-02 9.503776E-02 9.507871E-02 9.511917E-02 9.541752E-02 9.544995E-02 9.548101E-02 9.551037E-02 9.554404E-02 9.555054E-02 9.558153E-02 9.561589E-02 9.565272E-02 9.567908E-02 9.569802E-02 9.571549E-02 9.573824E-02 9.575058E-02 .0957463 9.573745E-02 9.574359E-02 9.577012E-02 9.578109E-02 9.581695E-02 9.585293E-02 9.587517E-02 9.590086E-02 .0959269 9.594724E-02 9.596061E-02 9.597274E-02 9.598648E-02 9.599591E-02 9.602517E-02 9.611457E-02 9.615182E-02 9.619427E-02 9.622411E-02 9.625186E-02 9.626707E-02 9.627818E-02
9.502286E-02 .0950649 9.510157E-02 9.512216E-02 9.514437E-02 9.519113E-02 9.522087E-02 9.524383E-02 9.526464E-02 9.505513E-02 9.508497E-02 9.512182E-02 .0951959 9.523464E-02 9.507996E-02 9.511934E-02 9.541617E-02 9.544785E-02 .0954859 9.551863E-02 9.554662E-02 9.556743E-02 9.557098E-02 9.559896E-02 9.563258E-02 9.567326E-02 9.569447E-02 9.571341E-02 .095729 .0957444 9.575519E-02 9.575742E-02 9.574845E-02 9.576565E-02 .095778 9.580842E-02 9.584693E-02 9.587723E-02 9.590197E-02 9.592765E-02 9.595644E-02 9.597369E-02 9.599469E-02 9.600691E-02 9.600936E-02 9.603757E-02 9.613524E-02 .0961711 9.620237E-02 9.623168E-02 .0962593 9.627952E-02 9.629054E-02
9.502326E-02 9.506393E-02 9.510221E-02 9.514394E-02 9.515058E-02 9.519326E-02 .095231 9.524763E-02 .0952763 9.529155E-02 9.509417E-02 9.512699E-02 9.522111E-02 .0952328 9.507988E-02 9.512036E-02 9.542026E-02 9.545298E-02 9.548498E-02 9.551031E-02 .0955366 9.555871E-02 9.557502E-02 9.559137E-02 .0956239 .0956582 9.568396E-02 .0957064 9.573171E-02 9.574788E-02 9.575824E-02 9.577253E-02 9.577617E-02 .0957654 .095775 9.580179E-02 9.583745E-02 9.587716E-02 .0959039 .0959316 9.596434E-02 9.599614E-02 9.601615E-02 9.603457E-02 9.603991E-02 .0960553 9.614579E-02 9.617735E-02 9.620585E-02 9.623402E-02 9.626029E-02 9.628478E-02 9.629785E-02
9.503258E-02 9.506686E-02 .0951118 9.514244E-02 9.517241E-02 9.518892E-02 9.523562E-02 9.526452E-02 9.528191E-02 9.529103E-02 9.509779E-02 9.512965E-02 .095227 9.526123E-02 9.526592E-02 9.511961E-02 .095155 9.544704E-02 9.547401E-02 9.550051E-02 9.552967E-02 9.555323E-02 9.557894E-02 9.558558E-02 .0956048 9.563934E-02 9.567621E-02 9.570885E-02 9.572853E-02 .0957444 9.575981E-02 9.577927E-02 9.578981E-02 9.579717E-02 9.577142E-02 9.579958E-02 9.583273E-02 9.587533E-02 9.591579E-02 9.594958E-02 9.598235E-02 9.601281E-02 9.603422E-02 9.605611E-02 9.607362E-02 9.607529E-02 9.615248E-02 9.618092E-02 9.620807E-02 .0962349 9.625797E-02 9.635121E-02 .0963695
9.503462E-02 .0950649 9.510951E-02 9.515022E-02 9.518579E-02 9.519649E-02 9.523021E-02 9.527519E-02 9.529424E-02 9.529959E-02 9.532532E-02 9.513064E-02 9.522564E-02 9.525786E-02 9.526435E-02 9.510886E-02 9.514675E-02 9.544067E-02 .0954719 9.550027E-02 9.552837E-02 9.555657E-02 9.556896E-02 .0955945 9.559751E-02 9.563208E-02 9.566417E-02 .095701 9.572909E-02 9.574413E-02 9.576548E-02 9.578238E-02 9.579812E-02 9.581182E-02 .0958094 9.581336E-02 9.584577E-02 9.588347E-02 9.592734E-02 9.595888E-02 9.598964E-02 9.602351E-02 9.604917E-02 9.607077E-02 9.608514E-02 9.609216E-02 9.616977E-02 9.618368E-02 9.620753E-02 9.623435E-02 9.632219E-02 9.634093E-02 .0963603
9.504188E-02 .0950688 9.511025E-02 9.515056E-02 9.519237E-02 9.522133E-02 9.522789E-02 9.527199E-02 .0953051 9.532382E-02 9.532858E-02 9.534559E-02 9.521095E-02 9.525223E-02 9.528901E-02 9.529092E-02 9.513999E-02 9.543549E-02 9.547347E-02 9.550274E-02 9.552111E-02 9.554779E-02 9.557306E-02 9.559256E-02 9.561633E-02 9.562154E-02 9.565316E-02 9.568647E-02 .095715 9.574233E-02 9.577139E-02 9.579316E-02 9.581694E-02 9.583926E-02 9.584067E-02 9.584872E-02 .0958596 9.588699E-02 9.592207E-02 9.596799E-02 9.600032E-02 .0960318 9.606048E-02 9.608464E-02 9.609933E-02 9.610098E-02 9.618549E-02 9.619468E-02 9.620081E-02 9.629053E-02 9.631015E-02 9.633196E-02 .0963539
9.505306E-02 9.507205E-02 9.510579E-02 9.515211E-02 9.518714E-02 9.522291E-02 9.523904E-02 .0952616 9.530076E-02 9.532186E-02 9.532534E-02 9.535258E-02 9.543929E-02 9.524815E-02 9.529084E-02 9.532197E-02 9.513454E-02 9.517185E-02 9.545619E-02 9.548978E-02 9.552234E-02 .095548 9.557713E-02 .0955978 9.561294E-02 9.563546E-02 9.563819E-02 9.567221E-02 9.571273E-02 9.574796E-02 9.578313E-02 9.580991E-02 9.583105E-02 9.585387E-02 9.585612E-02 9.587251E-02 9.587772E-02 9.590006E-02 .0959347 9.596788E-02 .0960031 .0960353 9.606565E-02 9.609085E-02 .0961108 9.610508E-02 9.618311E-02 9.626535E-02 9.626938E-02 9.628008E-02 9.630432E-02 9.632614E-02 9.634852E-02
9.506031E-02 9.508476E-02 9.511089E-02 9.514529E-02 9.518263E-02 9.521578E-02 9.524544E-02 9.525089E-02 9.528308E-02 9.532565E-02 9.533538E-02 9.536191E-02 .0954532 9.525491E-02 9.529128E-02 9.531886E-02 9.513242E-02 .0951551 9.545359E-02 9.549059E-02 9.551774E-02 9.554301E-02 9.556955E-02 9.559896E-02 .0956192 9.564497E-02 9.566073E-02 9.566985E-02 9.571221E-02 9.574845E-02 9.578299E-02 .0958152 9.583977E-02 9.586389E-02 9.586681E-02 9.588815E-02 9.590971E-02 9.591518E-02 9.594009E-02 9.597663E-02 9.600616E-02 9.603615E-02 9.606425E-02 9.608528E-02 9.610353E-02 9.610408E-02 9.625252E-02 9.626583E-02 9.627803E-02 9.628287E-02 9.630007E-02 9.631929E-02 9.634033E-02
.0950642 9.508926E-02 .0951051 9.513658E-02 9.516449E-02 9.519947E-02 9.523901E-02 .0952658 9.528916E-02 .0953232 9.534827E-02 9.543303E-02 9.546182E-02 9.548896E-02 .0952811 9.531403E-02 9.533541E-02 9.515598E-02 9.544779E-02 9.548147E-02 .0955198 9.554648E-02 9.557554E-02 9.560592E-02 9.563378E-02 9.566027E-02 9.567679E-02 9.568238E-02 9.570061E-02 9.574355E-02 9.577994E-02 9.581685E-02 .0958506 9.587131E-02 9.588004E-02 9.590299E-02 9.592339E-02 9.594031E-02 9.594615E-02 9.597442E-02 9.600289E-02 9.603239E-02 9.605166E-02 9.607796E-02 9.610207E-02 9.618552E-02 9.625448E-02 9.626935E-02 9.627977E-02 9.629331E-02 9.630306E-02 9.631494E-02 9.633824E-02
9.505896E-02 9.508298E-02 9.509984E-02 9.512694E-02 9.516539E-02 9.519784E-02 .0952365 .095277 .0952972 9.532601E-02 9.534968E-02 9.544151E-02 9.545393E-02 9.548388E-02 9.551354E-02 9.532347E-02 9.534401E-02 9.517945E-02 9.544491E-02 9.548102E-02 9.552301E-02 9.555217E-02 9.558178E-02 9.561474E-02 .0956426 9.566509E-02 9.567837E-02 9.570295E-02 9.571071E-02 9.573438E-02 9.577689E-02 9.581368E-02 9.584972E-02 9.588446E-02 9.588963E-02 9.591272E-02 9.593139E-02 .0959473 9.595727E-02 9.596601E-02 9.599059E-02 9.602052E-02 9.605309E-02 9.614335E-02 9.616464E-02 9.618976E-02 9.626064E-02 9.627399E-02 9.628469E-02 9.629244E-02 9.630861E-02 9.632388E-02 9.634051E-02
9.509692E-02 9.509052E-02 9.511481E-02 9.513447E-02 9.516958E-02 .0952038 9.523757E-02 9.527516E-02 9.530905E-02 9.532867E-02 9.533162E-02 9.543127E-02 .0954615 9.548959E-02 9.552005E-02 9.556253E-02 9.535945E-02 9.538016E-02 9.519638E-02 9.548287E-02 9.550926E-02 9.555382E-02 9.558443E-02 9.561528E-02 9.564652E-02 9.566788E-02 9.569062E-02 9.571071E-02 9.572823E-02 9.573524E-02 9.576818E-02 9.581631E-02 9.584707E-02 9.587952E-02 9.589243E-02 .0959178 9.593157E-02 9.594471E-02 9.595776E-02 9.597375E-02 9.598824E-02 .0960096 9.611263E-02 9.614125E-02 9.616364E-02 9.618466E-02 9.625906E-02 9.627815E-02 9.628902E-02 9.630066E-02 9.631505E-02 9.633578E-02 9.635168E-02
9.514078E-02 9.513439E-02 .0951349 9.514413E-02 .0951753 9.520578E-02 .0952392 9.527883E-02 9.530024E-02 9.532203E-02 9.534249E-02 9.542534E-02 9.547367E-02 9.550374E-02 9.553297E-02 9.556944E-02 9.537948E-02 9.538878E-02 9.522472E-02 9.548634E-02 9.550816E-02 9.554064E-02 .0955862 .0956177 9.564789E-02 9.567523E-02 9.570085E-02 .0957176 9.574088E-02 .0957507 9.577268E-02 .0958005 9.584177E-02 9.586485E-02 .095882 9.590776E-02 9.593008E-02 9.594419E-02 9.595957E-02 9.597828E-02 9.599634E-02 9.608143E-02 9.610406E-02 9.613633E-02 9.615988E-02 9.618135E-02 .0962617 9.627943E-02 9.629942E-02 9.631249E-02 9.632716E-02 9.634573E-02 9.636524E-02
9.515966E-02 9.517186E-02 .0951766 9.516853E-02 9.518207E-02 9.521233E-02 9.523108E-02 .0952679 .0953038 9.534073E-02 9.535333E-02 9.542868E-02 9.546573E-02 9.551151E-02 9.554484E-02 9.557422E-02 9.560449E-02 9.540831E-02 9.542078E-02 9.551093E-02 .095518 9.553634E-02 9.557682E-02 9.561671E-02 .0956459 9.567619E-02 9.571041E-02 .0957313 9.574678E-02 9.576961E-02 9.577122E-02 9.579601E-02 9.581887E-02 9.585241E-02 9.586378E-02 9.589961E-02 9.593125E-02 9.594651E-02 .0959646 9.605015E-02 9.607384E-02 9.609034E-02 9.610048E-02 9.612685E-02 9.615425E-02 9.617812E-02 9.627616E-02 9.628987E-02 9.630625E-02 9.632628E-02 9.633952E-02 9.635237E-02 9.637328E-02
9.517826E-02 9.519437E-02 9.521475E-02 9.521552E-02 9.518803E-02 .0952177 9.524503E-02 9.527295E-02 9.530994E-02 9.533798E-02 9.536757E-02 9.543271E-02 9.546382E-02 9.551559E-02 9.555095E-02 9.558024E-02 .0956137 9.564121E-02 9.544152E-02 9.526825E-02 9.552258E-02 9.553889E-02 9.556287E-02 9.560268E-02 9.563637E-02 9.567793E-02 9.571477E-02 9.573933E-02 9.575383E-02 9.576333E-02 9.578224E-02 9.578099E-02 9.581693E-02 9.584583E-02 9.586611E-02 9.589837E-02 9.592786E-02 9.594674E-02 9.603126E-02 9.605483E-02 9.607532E-02 .0960974 9.610794E-02 9.612273E-02 9.615098E-02 9.618147E-02 9.627788E-02 9.629345E-02 9.632209E-02 .0963385 9.634886E-02 9.636311E-02 9.637752E-02
9.519476E-02 .0952158 9.522273E-02 9.524678E-02 9.523766E-02 9.523579E-02 9.525346E-02 9.528345E-02 .0953129 9.534631E-02 9.538887E-02 9.545017E-02 9.546714E-02 9.549674E-02 9.554966E-02 9.558613E-02 9.562113E-02 9.564387E-02 9.566614E-02 .0952814 9.554475E-02 9.554789E-02 9.556201E-02 9.559074E-02 .0956392 9.567187E-02 .0957063 9.573949E-02 9.575269E-02 9.576328E-02 9.578365E-02 9.579995E-02 9.581402E-02 9.584608E-02 9.585489E-02 9.589434E-02 9.593167E-02 9.602254E-02 9.603648E-02 9.605126E-02 9.606849E-02 9.609252E-02 9.612206E-02 .0961286 9.615269E-02 9.618501E-02 9.628215E-02 9.629836E-02 9.632455E-02 9.634379E-02 9.637031E-02 9.638461E-02 .0964003
9.520969E-02 9.522689E-02 9.523957E-02 9.525912E-02 9.528113E-02 9.526271E-02 9.527119E-02 9.529455E-02 9.532328E-02 9.535573E-02 9.538998E-02 9.546562E-02 9.547833E-02 9.549566E-02 9.553699E-02 .0955855 9.561481E-02 9.564184E-02 9.566654E-02 9.547308E-02 9.555695E-02 .0955669 9.556809E-02 9.559073E-02 9.562577E-02 9.566641E-02 9.569427E-02 9.572476E-02 9.575874E-02 .0957742 9.578954E-02 9.580867E-02 9.581082E-02 9.583876E-02 9.585177E-02 9.595431E-02 9.599485E-02 9.602786E-02 9.604696E-02 9.605908E-02 9.607156E-02 9.609327E-02 9.612062E-02 9.614618E-02 9.615755E-02 9.624882E-02 9.629388E-02 9.630965E-02 9.633779E-02 9.636597E-02 9.638264E-02 9.639888E-02 9.641837E-02
9.522817E-02 9.524202E-02 .0952576 9.527311E-02 9.529305E-02 .0953142 9.530082E-02 9.530843E-02 9.533345E-02 9.536518E-02 9.544793E-02 9.547769E-02 9.548578E-02 9.549822E-02 9.552512E-02 .0955702 9.561147E-02 9.564392E-02 9.566884E-02 9.569075E-02 9.531504E-02 9.558289E-02 9.557415E-02 9.558725E-02 9.561612E-02 9.565561E-02 9.569582E-02 .0957281 9.575697E-02 9.577703E-02 9.579577E-02 9.581345E-02 9.583429E-02 9.583572E-02 9.592079E-02 9.594829E-02 9.598146E-02 9.602256E-02 9.605213E-02 9.606943E-02 9.608477E-02 9.610174E-02 9.612638E-02 9.616231E-02 .0961854 9.626131E-02 9.629932E-02 .0963267 9.634536E-02 9.637213E-02 9.639473E-02 9.641112E-02 9.643017E-02
9.524839E-02 9.527193E-02 9.528183E-02 9.529001E-02 9.530741E-02 9.532321E-02 9.534474E-02 9.533276E-02 9.534179E-02 9.536143E-02 9.545483E-02 .0954847 9.550271E-02 9.551224E-02 9.552718E-02 9.555741E-02 9.560002E-02 9.564025E-02 9.567154E-02 9.569946E-02 .0957202 9.558061E-02 9.559492E-02 9.559517E-02 9.561498E-02 9.565303E-02 9.569236E-02 9.573364E-02 9.575994E-02 9.578004E-02 9.579535E-02 9.581655E-02 9.583792E-02 9.592502E-02 .0959157 9.594678E-02 9.597496E-02 9.600645E-02 9.605087E-02 9.608484E-02 .0961117 9.612321E-02 9.614766E-02 9.617332E-02 9.619471E-02 9.627938E-02 9.630026E-02 9.633123E-02 .096352 9.637842E-02 9.640446E-02 9.641982E-02 9.643576E-02
.0952566 9.529005E-02 .0953069 9.531084E-02 9.531969E-02 9.533123E-02 9.535106E-02 9.537177E-02 .0953562 9.537143E-02 .0954521 .0954859 9.551059E-02 9.552398E-02 9.553238E-02 9.555104E-02 9.559248E-02 9.563549E-02 .0956696 9.569874E-02 9.572107E-02 9.559125E-02 9.560492E-02 9.561986E-02 .0956205 .09565 9.568561E-02 9.573034E-02 9.576147E-02 9.578503E-02 9.580132E-02 9.588894E-02 9.590469E-02 9.592581E-02 .095921 9.594588E-02 9.598179E-02 9.601466E-02 9.605528E-02 9.609979E-02 9.612647E-02 9.614426E-02 9.615919E-02 9.618139E-02 9.620671E-02 9.629202E-02 9.631906E-02 .0963394 .0963537 9.637994E-02 9.640247E-02 9.641929E-02 9.643108E-02
9.526209E-02 9.529894E-02 9.532966E-02 9.533834E-02 9.533217E-02 9.533902E-02 9.534988E-02 9.537882E-02 9.539536E-02 .095382 9.546168E-02 9.548079E-02 9.550797E-02 9.553917E-02 .095543 9.555741E-02 9.558113E-02 9.562507E-02 .0956709 .0956968 .0957204 9.599348E-02 9.561508E-02 9.563241E-02 9.563331E-02 9.564816E-02 9.568235E-02 9.571695E-02 9.576175E-02 9.578954E-02 9.588098E-02 9.589343E-02 9.590714E-02 9.593154E-02 9.593997E-02 9.595485E-02 9.599261E-02 .0960211 9.604896E-02 9.609617E-02 9.613701E-02 9.615827E-02 9.617589E-02 9.619314E-02 9.621883E-02 9.630281E-02 9.633309E-02 9.634427E-02 9.635207E-02 9.637411E-02 9.639671E-02 9.641572E-02 9.643069E-02
.0952619 9.529556E-02 9.533606E-02 9.535616E-02 .0953578 9.535056E-02 9.536087E-02 9.538198E-02 9.540593E-02 9.542422E-02 9.547574E-02 9.549323E-02 9.550235E-02 9.554681E-02 9.555837E-02 9.556241E-02 9.558017E-02 9.561675E-02 .0956711 9.569903E-02 9.572553E-02 9.574632E-02 9.583844E-02 9.563897E-02 9.566092E-02 9.565673E-02 9.567615E-02 9.571359E-02 9.574566E-02 9.586155E-02 9.589703E-02 .0959127 .0959257 9.594072E-02 9.594215E-02 9.596971E-02 9.599523E-02 9.602394E-02 .0960521 9.608629E-02 .0961354 9.616974E-02 9.619084E-02 9.620775E-02 9.622627E-02 9.630661E-02 9.633388E-02 9.635416E-02 9.636018E-02 9.636917E-02 9.638909E-02 9.641187E-02 9.643213E-02
.0952601 9.529658E-02 9.532488E-02 9.536377E-02 9.538431E-02 9.538055E-02 9.537656E-02 9.538769E-02 9.541923E-02 9.544145E-02 9.551958E-02 9.550683E-02 9.551215E-02 9.554213E-02 9.557024E-02 9.557377E-02 9.559429E-02 9.562097E-02 9.566781E-02 9.570231E-02 9.573278E-02 9.575455E-02 9.583898E-02 .0958598 9.566274E-02 9.567393E-02 9.569076E-02 9.578896E-02 9.582547E-02 9.586269E-02 9.590045E-02 9.592149E-02 9.593862E-02 9.595458E-02 9.595308E-02 9.597658E-02 .0960052 9.602755E-02 9.605553E-02 9.608501E-02 .0961224 9.616995E-02 9.619716E-02 9.621119E-02 9.623189E-02 9.631249E-02 9.632924E-02 9.634682E-02 9.636662E-02 9.636249E-02 9.638507E-02 9.640665E-02 9.642876E-02
9.526666E-02 9.529478E-02 9.532846E-02 9.536529E-02 9.539437E-02 .0954144 9.541108E-02 9.540404E-02 9.542005E-02 .0954436 9.553611E-02 9.555039E-02 .0955409 9.554764E-02 9.557656E-02 .0955977 .0956051 9.562186E-02 9.565574E-02 .0957038 9.573888E-02 9.576061E-02 9.602652E-02 9.587441E-02 9.567918E-02 9.570047E-02 9.577315E-02 .0957905 9.582362E-02 .0958539 9.589294E-02 9.593192E-02 9.595054E-02 .0959677 9.596654E-02 9.598873E-02 9.600854E-02 9.602925E-02 9.605642E-02 9.608939E-02 9.612165E-02 .0961566 9.619626E-02 .0962158 .0962337 9.631467E-02 9.632847E-02 9.634364E-02 9.636077E-02 9.636939E-02 9.638232E-02 9.635138E-02 9.636685E-02
9.527094E-02 9.529869E-02 .0953327 9.536937E-02 9.540009E-02 .0954296 9.543595E-02 .0954257 9.542533E-02 9.546021E-02 9.554508E-02 9.557624E-02 9.558419E-02 9.556351E-02 9.559063E-02 9.560972E-02 .0956146 9.563394E-02 9.565534E-02 9.570065E-02 .0957459 9.578003E-02 9.579707E-02 9.588207E-02 9.589918E-02 9.577299E-02 9.579506E-02 9.579532E-02 9.582221E-02 9.585335E-02 9.588964E-02 9.593348E-02 9.596416E-02 9.598195E-02 .0959762 9.599658E-02 9.602146E-02 .0960476 9.605876E-02 9.608549E-02 9.611596E-02 9.614907E-02 9.618006E-02 9.621398E-02 9.623068E-02 9.631174E-02 9.633108E-02 9.634186E-02 9.636048E-02 9.631303E-02 9.633517E-02 9.634598E-02 9.636955E-02
