inputs/Middelgrunden/Resource grid 1   Sector 2   Height 64m   Sector frequency.grd
DSAA
 111           201 
 728800        731000
 6176000       6180000
 3.977445E-02  4.047586E-02
[rows 115 to 137 of 201, columns 0 to 52 of 111]
3.986732E-02 3.986855E-02 3.986881E-02 3.986632E-02 3.986309E-02 3.986605E-02 .0398656 3.987039E-02 3.986947E-02 3.986971E-02 3.987091E-02 3.989455E-02 3.989315E-02 3.989276E-02 3.989109E-02 3.989127E-02 3.989057E-02 3.989175E-02 3.989121E-02 3.989001E-02 3.988203E-02 .0398819 3.988039E-02 .0398821 3.988149E-02 .0398874 .039888 3.988115E-02 3.987909E-02 3.987653E-02 3.987486E-02 3.988863E-02 3.991578E-02 3.991651E-02 3.991879E-02 3.992162E-02 3.992426E-02 3.992591E-02 3.992539E-02 3.992487E-02 3.992493E-02 3.992718E-02 3.992772E-02 3.993092E-02 3.993229E-02 3.992796E-02 3.992331E-02 3.991907E-02 3.994623E-02 3.991919E-02 3.991771E-02 3.992003E-02 3.991888E-02
3.986984E-02 3.986904E-02 3.986685E-02 3.986398E-02 3.986065E-02 3.986249E-02 3.986226E-02 3.985961E-02 3.986483E-02 3.986514E-02 3.986916E-02 3.987197E-02 3.989177E-02 3.989128E-02 3.989042E-02 3.989062E-02 3.989053E-02 3.989421E-02 3.989327E-02 3.989178E-02 3.988241E-02 3.987946E-02 3.987886E-02 3.987988E-02 .0398793 3.987693E-02 3.988232E-02 3.987563E-02 3.987363E-02 3.987195E-02 .0398716 3.986996E-02 3.991105E-02 3.991219E-02 3.991614E-02 .0399199 3.992203E-02 3.992432E-02 3.992669E-02 3.992578E-02 3.992637E-02 3.992657E-02 3.992725E-02 3.992976E-02 .0399289 3.992765E-02 3.995415E-02 3.992566E-02 3.992268E-02 3.992077E-02 3.991947E-02 .0399183 3.992138E-02
3.986822E-02 3.986832E-02 3.986673E-02 3.986253E-02 3.985843E-02 3.985875E-02 3.985913E-02 3.986097E-02 3.985746E-02 3.986341E-02 3.986534E-02 .0398705 3.987221E-02 3.987471E-02 3.989234E-02 3.989073E-02 3.989403E-02 3.989429E-02 3.989394E-02 .0398848 3.988288E-02 3.987892E-02 3.987722E-02 3.987604E-02 3.987388E-02 3.986959E-02 3.987894E-02 3.987258E-02 3.987129E-02 3.986914E-02 3.986797E-02 3.989298E-02 .0399079 3.991125E-02 3.991279E-02 3.991675E-02 3.992065E-02 3.992411E-02 3.992533E-02 3.992639E-02 3.992657E-02 3.992714E-02 3.992711E-02 3.992867E-02 3.992851E-02 3.993167E-02 .0399279 3.992258E-02 3.992315E-02 3.992341E-02 3.992241E-02 3.991854E-02 3.991116E-02
3.986729E-02 3.986531E-02 3.986303E-02 3.986122E-02 3.985724E-02 3.985981E-02 3.985868E-02 3.986035E-02 3.986052E-02 3.986508E-02 3.986473E-02 3.986945E-02 3.987115E-02 3.987381E-02 3.987692E-02 3.989337E-02 3.989282E-02 3.989264E-02 3.989439E-02 3.988479E-02 3.987754E-02 3.987477E-02 .0398732 3.987151E-02 3.987018E-02 3.986695E-02 3.986601E-02 3.986897E-02 3.986768E-02 3.986742E-02 3.986633E-02 3.989133E-02 3.990849E-02 3.990898E-02 .0399114 3.991425E-02 3.991731E-02 .0399216 .0399242 3.992641E-02 3.992588E-02 3.992493E-02 3.992594E-02 .0399039 3.993276E-02 3.993078E-02 .0399267 3.992445E-02 3.992174E-02 3.991938E-02 3.991484E-02 3.991274E-02 3.990815E-02
3.986317E-02 3.986154E-02 .0398592 3.985819E-02 3.985823E-02 .0398612 3.986013E-02 3.986005E-02 3.986083E-02 3.986182E-02 3.986941E-02 3.986944E-02 3.987234E-02 3.987481E-02 3.987538E-02 3.987625E-02 3.987841E-02 3.989283E-02 3.989117E-02 3.987994E-02 3.987473E-02 3.987157E-02 3.987025E-02 3.986849E-02 3.986872E-02 .039865 3.986127E-02 3.986425E-02 3.986489E-02 3.986507E-02 3.986501E-02 3.989146E-02 3.990863E-02 3.990781E-02 3.991091E-02 3.991402E-02 3.991665E-02 3.992163E-02 .0399228 3.992163E-02 3.992211E-02 3.989802E-02 3.989813E-02 3.993223E-02 3.993251E-02 3.992923E-02 3.992569E-02 3.992266E-02 3.991728E-02 3.991332E-02 3.991201E-02 3.990903E-02 3.990705E-02
3.985807E-02 3.985696E-02 3.985593E-02 3.985518E-02 3.985678E-02 .0398625 .0398612 3.986054E-02 3.986047E-02 3.986109E-02 3.986472E-02 3.987698E-02 3.987318E-02 3.987581E-02 3.987507E-02 3.987407E-02 3.987399E-02 3.987671E-02 3.989023E-02 3.987714E-02 3.987304E-02 3.987001E-02 3.986683E-02 3.986551E-02 3.986484E-02 3.986275E-02 3.985924E-02 3.986271E-02 3.986108E-02 3.986293E-02 3.986429E-02 3.989195E-02 3.989357E-02 3.991117E-02 3.991412E-02 3.991457E-02 3.991716E-02 3.991777E-02 3.991913E-02 3.989435E-02 3.989547E-02 3.989549E-02 .0399282 3.992831E-02 3.992806E-02 .0399258 3.992092E-02 3.991731E-02 3.991632E-02 3.991402E-02 3.991293E-02 3.991005E-02 .03991
3.985489E-02 3.985479E-02 3.985373E-02 3.985461E-02 3.985689E-02 .0398597 3.986262E-02 3.986381E-02 3.986152E-02 3.986177E-02 3.986535E-02 3.987683E-02 3.987915E-02 3.987456E-02 3.987285E-02 3.987017E-02 3.987328E-02 3.987585E-02 3.987889E-02 3.986596E-02 3.987035E-02 3.986651E-02 3.986304E-02 3.986203E-02 3.986086E-02 3.985941E-02 3.985881E-02 .0398529 3.986099E-02 3.986282E-02 3.986502E-02 3.989589E-02 3.989667E-02 3.991466E-02 3.991438E-02 3.991625E-02 3.991808E-02 3.989298E-02 3.989348E-02 .0398936 .0399235 3.992112E-02 3.992301E-02 3.992272E-02 3.991993E-02 3.992171E-02 3.992087E-02 .0399179 3.991621E-02 3.991588E-02 3.991158E-02 3.991048E-02 3.990815E-02
3.985264E-02 3.985272E-02 3.985345E-02 3.985386E-02 3.985728E-02 3.985962E-02 3.986235E-02 3.986447E-02 3.986449E-02 .0398645 3.986796E-02 3.986691E-02 3.987426E-02 3.987544E-02 3.987442E-02 3.987471E-02 3.987324E-02 3.987535E-02 3.987489E-02 3.986215E-02 3.985711E-02 3.986447E-02 3.986231E-02 3.985997E-02 3.985845E-02 3.985758E-02 3.985767E-02 3.985393E-02 3.986527E-02 3.986591E-02 3.986835E-02 3.989622E-02 3.989756E-02 3.991435E-02 3.991703E-02 3.989323E-02 3.989411E-02 3.989416E-02 .0398916 3.991992E-02 3.991831E-02 3.991811E-02 3.991817E-02 3.991771E-02 3.991766E-02 3.991891E-02 3.991935E-02 3.991833E-02 3.991743E-02 3.991357E-02 3.990873E-02 3.990823E-02 3.990788E-02
3.985069E-02 3.985181E-02 3.985298E-02 .0398526 3.985678E-02 3.986004E-02 3.986251E-02 3.986498E-02 3.986575E-02 3.986319E-02 3.986073E-02 3.986531E-02 3.986738E-02 .0398767 3.987837E-02 3.987663E-02 3.987344E-02 3.987229E-02 3.986949E-02 3.986032E-02 3.985573E-02 3.985162E-02 3.985132E-02 3.986008E-02 3.985801E-02 3.985984E-02 .0398617 3.985838E-02 .0398684 3.986963E-02 3.989775E-02 3.989779E-02 .0398982 .0398908 3.989025E-02 3.988931E-02 3.989004E-02 3.989001E-02 3.992074E-02 3.991795E-02 3.991339E-02 3.991465E-02 3.991824E-02 3.991587E-02 3.991345E-02 3.991364E-02 3.991507E-02 3.991593E-02 3.991425E-02 3.991033E-02 3.990828E-02 3.990564E-02 3.990792E-02
3.984977E-02 3.985244E-02 3.985327E-02 3.985362E-02 3.985816E-02 3.986119E-02 3.986212E-02 3.986111E-02 3.986134E-02 .0398616 3.986204E-02 3.986514E-02 3.986653E-02 3.987555E-02 3.987524E-02 3.987452E-02 3.987297E-02 3.987001E-02 3.986676E-02 3.985842E-02 .0398541 3.985146E-02 3.985027E-02 3.985094E-02 3.986226E-02 3.986232E-02 3.986442E-02 3.986575E-02 3.986196E-02 .039871 3.989934E-02 3.987398E-02 .03987 3.986918E-02 3.988542E-02 .0398855 3.988734E-02 3.991707E-02 3.991674E-02 3.991754E-02 3.991595E-02 3.991452E-02 3.991202E-02 3.991237E-02 3.991106E-02 3.991102E-02 3.991014E-02 3.991079E-02 3.991197E-02 3.990951E-02 3.991207E-02 3.991022E-02 3.990776E-02
3.985024E-02 3.985285E-02 3.985584E-02 3.985639E-02 3.985815E-02 3.985581E-02 3.985774E-02 3.986148E-02 3.986312E-02 3.986353E-02 3.986314E-02 .0398628 .0398639 3.986342E-02 .0398719 3.987239E-02 3.987191E-02 3.986964E-02 3.985969E-02 3.985896E-02 3.985655E-02 3.985307E-02 3.985276E-02 3.985403E-02 3.985571E-02 3.985558E-02 3.986701E-02 3.986652E-02 3.986227E-02 3.984469E-02 3.986852E-02 3.986818E-02 3.986954E-02 3.986826E-02 3.988146E-02 3.987928E-02 3.991129E-02 3.991324E-02 3.991381E-02 3.991354E-02 3.991203E-02 3.991216E-02 3.991097E-02 3.990892E-02 3.990901E-02 3.990779E-02 3.990792E-02 3.990991E-02 3.991043E-02 3.991083E-02 3.990991E-02 3.990931E-02 3.990679E-02
3.985405E-02 3.985333E-02 3.985301E-02 3.985125E-02 3.985607E-02 3.985696E-02 3.985821E-02 3.985927E-02 3.986145E-02 3.986079E-02 3.986217E-02 3.986328E-02 .0398596 .0398605 3.986132E-02 3.987193E-02 3.987356E-02 3.987139E-02 3.986442E-02 .0398625 3.985962E-02 3.985576E-02 3.985553E-02 3.985617E-02 3.985853E-02 3.985927E-02 3.985739E-02 3.984009E-02 3.983212E-02 3.984081E-02 3.986731E-02 3.986754E-02 .0398648 3.986149E-02 3.990763E-02 3.990765E-02 3.990869E-02 3.990763E-02 3.990984E-02 3.991066E-02 3.991155E-02 3.991143E-02 3.990906E-02 3.990825E-02 3.990951E-02 3.991126E-02 3.990989E-02 3.990982E-02 3.990589E-02 3.990691E-02 3.990687E-02 3.990778E-02 3.990642E-02
3.985462E-02 3.985237E-02 3.985158E-02 3.985356E-02 .0398588 3.985633E-02 3.985577E-02 3.985677E-02 3.985965E-02 3.986036E-02 3.985881E-02 3.986245E-02 3.986109E-02 .0398596 3.986187E-02 3.987369E-02 3.987155E-02 3.987292E-02 3.986596E-02 3.986726E-02 3.986363E-02 3.985977E-02 3.985749E-02 3.985676E-02 3.985715E-02 3.983128E-02 3.983191E-02 3.983123E-02 3.982423E-02 3.983154E-02 3.986229E-02 3.986052E-02 3.986058E-02 .0398908 3.990678E-02 3.990768E-02 .0399083 3.990639E-02 3.990585E-02 3.990821E-02 3.990971E-02 3.991264E-02 3.991412E-02 3.991222E-02 3.991054E-02 3.990973E-02 3.990999E-02 3.990617E-02 .0399042 3.990426E-02 .0399041 3.990672E-02 3.990618E-02
3.985467E-02 3.985578E-02 3.985675E-02 3.985222E-02 3.985544E-02 3.985665E-02 3.985516E-02 3.985588E-02 3.985744E-02 3.985908E-02 3.985986E-02 3.986435E-02 3.986609E-02 3.986315E-02 3.986259E-02 3.986453E-02 3.987228E-02 3.987392E-02 3.986773E-02 .0398693 3.986771E-02 3.986188E-02 3.985716E-02 .0398319 3.983219E-02 3.983347E-02 3.983397E-02 3.982887E-02 3.981748E-02 3.984125E-02 3.984752E-02 3.985962E-02 3.989089E-02 .0398903 3.990573E-02 3.990712E-02 3.990686E-02 3.990558E-02 3.990649E-02 3.990911E-02 .0399127 3.991471E-02 3.991415E-02 3.991326E-02 3.991118E-02 3.990834E-02 3.990761E-02 3.990427E-02 3.990504E-02 3.990448E-02 .039903 .0399027 3.990392E-02
3.985607E-02 3.985342E-02 3.985637E-02 3.985738E-02 3.985472E-02 3.985389E-02 3.985457E-02 3.985468E-02 3.985948E-02 3.986293E-02 3.986359E-02 3.986752E-02 3.986936E-02 3.986902E-02 3.986541E-02 3.986419E-02 3.986166E-02 3.987434E-02 3.986681E-02 3.986621E-02 .039865 3.983883E-02 3.983924E-02 3.983648E-02 3.983168E-02 3.982743E-02 3.982528E-02 3.982241E-02 3.981661E-02 .0398437 3.984238E-02 3.988019E-02 3.989118E-02 3.989126E-02 3.988969E-02 3.990626E-02 3.990911E-02 3.990936E-02 3.991064E-02 .0399113 3.991255E-02 3.991492E-02 3.991346E-02 3.991253E-02 3.991084E-02 3.990761E-02 3.990456E-02 3.990394E-02 3.990321E-02 .0399031 3.990141E-02 3.989839E-02 3.989842E-02
3.985601E-02 3.985091E-02 3.985159E-02 3.985502E-02 3.985688E-02 3.985498E-02 3.985854E-02 3.985922E-02 3.986381E-02 3.986675E-02 3.986685E-02 3.987039E-02 3.987031E-02 3.986859E-02 3.986781E-02 .0398619 3.985825E-02 3.986857E-02 3.986483E-02 3.984173E-02 .0398416 3.983971E-02 3.983624E-02 3.983042E-02 3.982746E-02 .0398255 3.982407E-02 .0398204 3.981454E-02 3.984107E-02 3.987478E-02 3.988276E-02 .0398809 3.988233E-02 3.989326E-02 3.990976E-02 3.990906E-02 3.991014E-02 3.991116E-02 3.991247E-02 3.991299E-02 .0399118 3.991131E-02 3.991035E-02 3.990945E-02 3.990801E-02 .0399024 3.990122E-02 3.990058E-02 3.989798E-02 3.989661E-02 3.989385E-02 .0398906
3.985312E-02 3.985163E-02 3.984863E-02 3.985242E-02 3.986007E-02 .0398634 3.986201E-02 3.986198E-02 .0398653 3.986705E-02 .0398674 3.986906E-02 3.986907E-02 3.986593E-02 3.986284E-02 .0398609 3.986017E-02 3.983389E-02 3.983771E-02 3.983949E-02 3.983723E-02 3.983257E-02 3.983164E-02 3.982971E-02 3.982908E-02 3.982617E-02 3.982397E-02 3.982073E-02 3.984573E-02 3.987017E-02 3.987494E-02 3.988788E-02 3.988701E-02 3.988413E-02 3.988118E-02 3.990884E-02 3.991072E-02 3.991128E-02 3.991082E-02 3.990966E-02 3.991091E-02 3.990892E-02 3.990804E-02 3.990746E-02 3.990684E-02 3.990211E-02 3.989976E-02 3.989675E-02 3.989479E-02 3.989236E-02 3.989185E-02 3.989138E-02 3.988274E-02
3.985221E-02 3.985435E-02 3.985623E-02 3.985915E-02 3.986343E-02 3.986516E-02 3.986603E-02 3.986429E-02 3.986472E-02 3.986505E-02 .039864 3.986324E-02 .0398641 3.986286E-02 3.985913E-02 3.983321E-02 3.983364E-02 3.983454E-02 3.982446E-02 3.983416E-02 3.983338E-02 .0398324 3.983048E-02 .0398298 3.982763E-02 3.982817E-02 3.982525E-02 3.985663E-02 3.985577E-02 3.987685E-02 3.987772E-02 3.987769E-02 3.988742E-02 3.988641E-02 3.988543E-02 3.990079E-02 3.990042E-02 3.990988E-02 3.990689E-02 .0399049 3.990701E-02 3.990524E-02 .0399043 3.990392E-02 3.990192E-02 3.989756E-02 3.989402E-02 3.989192E-02 3.989213E-02 3.989294E-02 .0398929 3.989105E-02 3.988225E-02
3.985741E-02 .0398624 3.986657E-02 3.986476E-02 3.986681E-02 .0398651 3.986545E-02 3.986451E-02 3.986426E-02 3.985979E-02 3.985974E-02 3.986191E-02 3.986106E-02 3.983437E-02 3.983184E-02 3.983276E-02 3.983138E-02 3.983141E-02 3.982451E-02 3.983478E-02 3.983373E-02 3.983116E-02 3.982921E-02 3.982796E-02 3.983043E-02 3.983117E-02 3.986493E-02 3.986205E-02 3.985861E-02 3.987749E-02 3.987863E-02 3.987784E-02 3.989046E-02 3.988942E-02 3.988986E-02 3.988788E-02 3.989772E-02 3.989445E-02 3.990224E-02 3.990204E-02 .0399027 3.990189E-02 3.989955E-02 3.989783E-02 3.989368E-02 3.989418E-02 3.989328E-02 3.989118E-02 .0398913 3.989168E-02 3.989206E-02 3.989254E-02 3.988304E-02
3.986648E-02 3.986642E-02 3.986971E-02 3.986809E-02 3.986646E-02 3.986362E-02 3.986124E-02 3.986141E-02 3.986155E-02 3.985978E-02 .0398583 .0398333 3.983414E-02 3.983043E-02 3.982919E-02 3.982991E-02 3.983187E-02 3.982581E-02 3.982569E-02 3.982527E-02 3.983473E-02 3.982985E-02 3.983043E-02 3.983235E-02 3.983354E-02 3.986759E-02 3.986575E-02 3.986375E-02 3.988692E-02 .0398778 3.987737E-02 3.987954E-02 3.988792E-02 3.989023E-02 3.989011E-02 3.988476E-02 3.989573E-02 3.989135E-02 3.988834E-02 3.988746E-02 3.989707E-02 3.989586E-02 3.989722E-02 3.989594E-02 3.989257E-02 .0398915 3.989294E-02 3.989111E-02 .0398893 3.989008E-02 3.989092E-02 3.989302E-02 3.988605E-02
3.986922E-02 3.987075E-02 .0398671 3.986282E-02 3.986269E-02 3.986042E-02 .0398582 3.985785E-02 3.985904E-02 3.983161E-02 3.983305E-02 3.983041E-02 .0398295 3.982864E-02 3.983042E-02 3.983093E-02 3.983151E-02 3.982596E-02 3.982678E-02 3.982803E-02 3.982955E-02 3.983736E-02 3.983534E-02 3.983324E-02 3.986603E-02 3.986739E-02 3.986729E-02 3.986258E-02 3.988416E-02 3.987883E-02 3.987765E-02 3.988056E-02 3.987813E-02 3.988645E-02 3.988669E-02 3.988331E-02 3.989377E-02 3.988845E-02 3.988589E-02 3.988585E-02 3.988412E-02 3.989507E-02 3.989491E-02 3.989278E-02 3.989165E-02 .03989 3.988913E-02 3.988953E-02 3.988909E-02 3.988964E-02 3.989356E-02 3.989605E-02 .0398897
.0398694 3.986692E-02 3.986418E-02 .0398625 .0398603 3.985806E-02 3.985628E-02 3.982818E-02 3.982854E-02 .039825 3.982647E-02 .0398307 3.983026E-02 3.982688E-02 3.982657E-02 3.982802E-02 3.983118E-02 3.982796E-02 3.983076E-02 3.983065E-02 .0398297 3.983837E-02 3.983714E-02 3.986625E-02 3.986403E-02 3.986252E-02 3.986219E-02 3.986268E-02 3.988491E-02 3.987993E-02 3.988038E-02 3.987923E-02 .0398771 .0398828 3.988059E-02 3.987825E-02 3.989092E-02 3.988698E-02 3.988615E-02 3.988706E-02 3.988363E-02 3.988305E-02 3.988254E-02 3.989126E-02 .0398917 .0398883 3.988765E-02 3.988943E-02 3.989196E-02 .0398943 3.989667E-02 3.989223E-02 .0398834
.0398682 3.986807E-02 3.986416E-02 3.986262E-02 3.986141E-02 3.982887E-02 3.982673E-02 3.982354E-02 3.982539E-02 3.982707E-02 3.982746E-02 3.983282E-02 3.983057E-02 3.982949E-02 3.983114E-02 3.983299E-02 3.983452E-02 3.982811E-02 3.983055E-02 3.983115E-02 3.982907E-02 3.985985E-02 3.986802E-02 3.986447E-02 3.986111E-02 .0398606 .039862 3.986244E-02 3.988555E-02 3.987734E-02 .0398743 3.987382E-02 3.987186E-02 3.987036E-02 3.987852E-02 .0398777 3.987383E-02 .0398869 3.988698E-02 3.988747E-02 3.988589E-02 3.988312E-02 3.987953E-02 3.988004E-02 3.989082E-02 3.989144E-02 3.989119E-02 3.989228E-02 .0398933 3.988893E-02 3.989042E-02 3.989156E-02 3.988402E-02
