inputs/Middelgrunden/Resource grid 1   Sector 5   Height 64m   Weibull-A.grd
DSAA
 111           201 
 728800        731000
 6176000       6180000
 9.496202      9.696421
[rows 56 to 83 of 201, columns 0 to 62 of 111]
9.628289 9.627496 9.626917 9.626101 9.625795 9.625246 9.624574 9.623771 9.622677 9.621665 9.620813 9.619666 9.61872 9.618203 9.617386 9.616373 9.615673 9.614926 9.614068 9.612711 9.611739 9.612645 9.611965 9.611145 9.61045 9.609176 9.608281 9.608213 9.607628 9.606617 9.605518 9.604303 9.604313 9.601566 9.600907 9.600266 9.598991 9.597898 9.596486 9.596017 9.595379 9.594926 9.593916 9.592475 9.591357 9.590014 9.587571 9.586124 9.584534 9.583113 9.582104 9.581214 9.58036 9.579568 9.578539 9.577816 9.576504 9.576125 9.575747 9.575074 9.574494 9.573836 9.573223
9.628023 9.627455 9.62692 9.626192 9.625408 9.624543 9.623819 9.623047 9.622329 9.621486 9.620595 9.619514 9.61894 9.617908 9.617451 9.616391 9.615593 9.614868 9.615891 9.614868 9.614051 9.612353 9.611923 9.611108 9.609903 9.609997 9.609492 9.608732 9.607653 9.606563 9.605333 9.603779 9.602953 9.602172 9.601074 9.599995 9.598938 9.597797 9.596928 9.596616 9.594867 9.594431 9.593112 9.591853 9.589644 9.58775 9.586307 9.585327 9.584209 9.583067 9.582136 9.581303 9.580583 9.579796 9.579206 9.57894 9.577348 9.576944 9.57642 9.57688 9.576159 9.575457 9.573856
9.627532 9.626699 9.626147 9.625628 9.625286 9.624438 9.62366 9.623054 9.622334 9.621376 9.620638 9.619929 9.618781 9.617948 9.618922 9.618185 9.617228 9.61657 9.615736 9.614796 9.613504 9.612674 9.612019 9.611489 9.610894 9.610422 9.609835 9.608603 9.607574 9.607743 9.604936 9.604049 9.603368 9.601961 9.600748 9.600248 9.599363 9.597626 9.596584 9.595017 9.594788 9.592591 9.591462 9.590331 9.589089 9.587307 9.586051 9.58495 9.584136 9.583244 9.582317 9.581845 9.581287 9.58097 9.579431 9.578815 9.579271 9.578728 9.578126 9.576438 9.575494 9.57456 9.574452
9.627099 9.626596 9.626127 9.625881 9.625163 9.624412 9.623639 9.62294 9.62219 9.621495 9.62061 9.621284 9.620174 9.61949 9.618616 9.618132 9.617403 9.616289 9.615533 9.614748 9.613414 9.612955 9.61313 9.61258 9.611281 9.610478 9.609689 9.608665 9.607085 9.605994 9.605197 9.604352 9.602721 9.601438 9.600245 9.599075 9.598009 9.596849 9.595471 9.59424 9.593192 9.592336 9.591315 9.590038 9.588194 9.586929 9.585883 9.584956 9.584227 9.583861 9.583319 9.582665 9.582364 9.580566 9.581291 9.580573 9.579997 9.578073 9.577126 9.576488 9.576089 9.575925 9.575293
9.627389 9.626989 9.626322 9.625823 9.625262 9.624661 9.623713 9.622945 9.623957 9.623111 9.622087 9.621178 9.620142 9.61945 9.618607 9.617994 9.617129 9.616251 9.615471 9.615 9.614619 9.614082 9.613478 9.612733 9.611497 9.610346 9.609467 9.608288 9.607243 9.60635 9.605436 9.603628 9.602167 9.600822 9.599456 9.598538 9.597203 9.596201 9.595508 9.594436 9.593292 9.592206 9.591029 9.589042 9.587958 9.586955 9.586255 9.585551 9.585013 9.584398 9.58426 9.583776 9.582854 9.58252 9.580724 9.579916 9.57903 9.578532 9.577965 9.577572 9.577956 9.577529 9.576294
9.627812 9.627172 9.626616 9.626006 9.627179 9.626331 9.625484 9.624596 9.623837 9.622877 9.621942 9.620982 9.62007 9.619232 9.618567 9.617691 9.617006 9.616528 9.615958 9.6154 9.614942 9.614238 9.61358 9.612875 9.611278 9.611681 9.609091 9.607944 9.607137 9.605946 9.604018 9.602517 9.601151 9.600069 9.598839 9.598071 9.59716 9.5963 9.595388 9.594301 9.593097 9.59193 9.590555 9.589127 9.58824 9.587497 9.586705 9.586182 9.585807 9.585485 9.584705 9.582844 9.582306 9.581508 9.581049 9.580565 9.579889 9.579966 9.579831 9.575558 9.575233 9.574244 9.573411
9.627944 9.628926 9.628348 9.627674 9.626826 9.626151 9.625423 9.624413 9.623466 9.622608 9.621638 9.620867 9.620131 9.619164 9.618256 9.617671 9.617274 9.616883 9.616431 9.61561 9.614953 9.614329 9.613581 9.612036 9.612367 9.609706 9.608577 9.607286 9.606072 9.604628 9.603125 9.601986 9.600759 9.599734 9.598819 9.597998 9.597278 9.59625 9.595007 9.59376 9.592912 9.591722 9.590787 9.589251 9.588498 9.587748 9.587424 9.58726 9.585146 9.584273 9.58325 9.582973 9.58285 9.582973 9.582349 9.582131 9.577567 9.577798 9.577719 9.577251 9.576751 9.58181 9.581186
9.629637 9.629097 9.628344 9.62737 9.626626 9.625999 9.625175 9.62406 9.623102 9.622355 9.621478 9.620844 9.619972 9.618996 9.618454 9.618093 9.617661 9.617095 9.616562 9.615744 9.615022 9.614269 9.613329 9.611495 9.610455 9.609103 9.607948 9.606637 9.605343 9.604246 9.602983 9.601508 9.600725 9.600022 9.599154 9.598093 9.597034 9.596045 9.594963 9.593985 9.592813 9.591859 9.59106 9.589508 9.588873 9.589736 9.586679 9.58572 9.585165 9.585349 9.584816 9.584511 9.584388 9.580095 9.579923 9.579802 9.580024 9.580054 9.584765 9.584518 9.583671 9.582913 9.582507
9.629727 9.628922 9.627964 9.627098 9.626408 9.625498 9.624667 9.62383 9.62291 9.621981 9.621517 9.620769 9.620187 9.619583 9.618956 9.618338 9.617929 9.61716 9.616545 9.615705 9.614806 9.613346 9.612101 9.611189 9.609976 9.60897 9.607531 9.606181 9.604988 9.603596 9.602813 9.602061 9.601107 9.600333 9.59945 9.598351 9.597317 9.596096 9.594986 9.594003 9.593046 9.592033 9.591475 9.59049 9.588747 9.588001 9.587503 9.587031 9.58677 9.582233 9.582177 9.582074 9.582006 9.581934 9.582154 9.586953 9.587689 9.587212 9.586337 9.585403 9.584667 9.584312 9.584047
9.629708 9.628497 9.627696 9.626858 9.625995 9.625019 9.624201 9.623538 9.622684 9.622194 9.621683 9.621057 9.620423 9.619682 9.618985 9.618153 9.61752 9.616679 9.615764 9.614962 9.614244 9.613502 9.611944 9.610707 9.60992 9.608278 9.607026 9.605762 9.604418 9.603616 9.60284 9.602223 9.601664 9.600748 9.599688 9.598316 9.597128 9.595965 9.595049 9.594121 9.59279 9.587605 9.586439 9.589886 9.589239 9.584739 9.584505 9.584334 9.584159 9.58409 9.584151 9.584065 9.584826 9.589384 9.589798 9.589577 9.589108 9.588019 9.58704 9.586528 9.586262 9.585664 9.585056
9.629236 9.62818 9.62734 9.626522 9.625485 9.624825 9.624022 9.623468 9.623081 9.622469 9.621728 9.621058 9.620321 9.619506 9.618553 9.617702 9.616828 9.616258 9.615795 9.61518 9.61458 9.612715 9.611471 9.610557 9.608926 9.607586 9.606468 9.605282 9.604434 9.603743 9.603133 9.60247 9.6019 9.600651 9.599489 9.598304 9.596984 9.59588 9.59431 9.589173 9.58844 9.587689 9.587286 9.587053 9.58656 9.586253 9.58616 9.5912 9.591355 9.58677 9.591175 9.59119 9.591081 9.591382 9.591187 9.591121 9.590069 9.588974 9.588088 9.587519 9.586924 9.586273 9.585401
9.628948 9.628022 9.627126 9.626194 9.625318 9.624715 9.624355 9.623857 9.623138 9.62217 9.621397 9.620746 9.619936 9.619246 9.618506 9.617335 9.617107 9.616953 9.616159 9.615269 9.613649 9.612599 9.61111 9.609369 9.608195 9.607314 9.606296 9.605612 9.604958 9.604267 9.603414 9.602645 9.60165 9.600532 9.599307 9.597578 9.595889 9.590958 9.59024 9.589531 9.589186 9.588847 9.588458 9.588094 9.593319 9.593381 9.593674 9.592887 9.593445 9.593133 9.592843 9.592831 9.593193 9.593082 9.592618 9.591252 9.590174 9.589493 9.588767 9.588097 9.587295 9.586254 9.585339
9.62875 9.6278 9.626837 9.626074 9.625528 9.624963 9.62424 9.623322 9.622595 9.621813 9.621207 9.620628 9.620089 9.619098 9.618438 9.618142 9.617881 9.617159 9.616266 9.614362 9.613275 9.611941 9.610228 9.609047 9.608338 9.60748 9.606704 9.605968 9.605238 9.604339 9.603441 9.602546 9.601002 9.599596 9.598073 9.593325 9.592576 9.59185 9.591244 9.59079 9.590427 9.590151 9.589781 9.595513 9.594538 9.595371 9.595206 9.594836 9.594714 9.594523 9.594879 9.594754 9.594288 9.593683 9.592252 9.590962 9.590447 9.590011 9.589352 9.58801 9.58695 9.586114 9.585185
9.628244 9.627536 9.626616 9.625936 9.625321 9.624433 9.62359 9.623034 9.622473 9.622023 9.621137 9.620479 9.619953 9.619665 9.619295 9.618902 9.6179 9.616994 9.615829 9.614161 9.612094 9.611043 9.610416 9.609229 9.608323 9.60775 9.606977 9.606175 9.605329 9.604156 9.60271 9.60122 9.596206 9.595829 9.595284 9.594556 9.593676 9.592987 9.592491 9.592285 9.59196 9.595914 9.597124 9.59697 9.596868 9.596686 9.596685 9.596519 9.595988 9.596211 9.595992 9.595467 9.594782 9.593326 9.592106 9.591558 9.590778 9.589816 9.588869 9.587877 9.586894 9.585896 9.584903
9.627789 9.627259 9.626411 9.62576 9.625063 9.624228 9.623787 9.623366 9.622486 9.621938 9.621394 9.620964 9.620763 9.6205 9.620046 9.618868 9.617881 9.616583 9.61493 9.612782 9.612067 9.611259 9.610384 9.609443 9.608625 9.607795 9.607009 9.605597 9.604275 9.599452 9.598516 9.59839 9.597553 9.596883 9.59608 9.595609 9.595017 9.594596 9.594858 9.598544 9.598398 9.598726 9.598772 9.598637 9.598403 9.597987 9.597554 9.597454 9.597625 9.597199 9.596691 9.595883 9.594227 9.593139 9.592501 9.591685 9.590557 9.589562 9.588589 9.58784 9.586764 9.580035 9.579208
9.627575 9.627151 9.626482 9.625693 9.624856 9.624503 9.623824 9.623387 9.622698 9.622137 9.621995 9.6218 9.621512 9.620856 9.619895 9.618828 9.617574 9.61525 9.613659 9.612943 9.612085 9.611053 9.61028 9.609853 9.608358 9.606956 9.602297 9.601501 9.600665 9.599934 9.600024 9.599262 9.598541 9.597891 9.597456 9.597376 9.60093 9.60085 9.600465 9.600095 9.600451 9.600129 9.599691 9.599467 9.598953 9.598632 9.598644 9.598741 9.598464 9.597794 9.596889 9.595126 9.594172 9.593419 9.592559 9.591237 9.590165 9.58925 9.588373 9.582084 9.581601 9.581313 9.585534
9.627726 9.627097 9.626449 9.625669 9.624915 9.624634 9.624004 9.623466 9.6231 9.622942 9.622651 9.622488 9.621829 9.62082 9.61992 9.618243 9.615736 9.614356 9.613788 9.612927 9.611899 9.610922 9.609939 9.609034 9.604423 9.603404 9.602703 9.602105 9.601332 9.601815 9.601048 9.600459 9.599767 9.603045 9.603315 9.602833 9.602737 9.602287 9.601447 9.601604 9.601232 9.600813 9.600402 9.599905 9.599545 9.599791 9.599837 9.599537 9.599022 9.598004 9.595954 9.595087 9.5943 9.593022 9.591761 9.590784 9.590081 9.591315 9.588736 9.588843 9.588003 9.587104 9.586115
9.627817 9.627053 9.626366 9.625789 9.625343 9.624825 9.624306 9.624168 9.623937 9.623795 9.623438 9.622849 9.621809 9.620576 9.618921 9.616252 9.615238 9.614417 9.61358 9.612281 9.61145 9.610839 9.606334 9.605493 9.604941 9.604269 9.603494 9.602868 9.603596 9.602853 9.605459 9.605757 9.605363 9.604876 9.604426 9.603798 9.603145 9.602807 9.602862 9.602304 9.601846 9.601371 9.600882 9.600634 9.601102 9.601039 9.600643 9.59992 9.598671 9.596784 9.595946 9.594713 9.593363 9.592576 9.591346 9.591541 9.591395 9.590774 9.589956 9.589046 9.588206 9.587324 9.586614
9.627852 9.627035 9.626658 9.626069 9.625564 9.625331 9.62522 9.625093 9.62495 9.62445 9.623521 9.622312 9.621225 9.619469 9.616899 9.616101 9.614993 9.613935 9.613178 9.612662 9.608239 9.607524 9.606915 9.606448 9.605975 9.605504 9.606048 9.605546 9.608316 9.608048 9.607461 9.606668 9.605975 9.605333 9.604591 9.604073 9.604058 9.603862 9.603437 9.602806 9.602407 9.601934 9.601921 9.602157 9.601902 9.601447 9.600717 9.599266 9.59723 9.596416 9.595696 9.594068 9.594033 9.593731 9.593222 9.592591 9.591753 9.591035 9.590307 9.589546 9.588791 9.587838 9.587072
9.627824 9.627046 9.626473 9.626296 9.626469 9.626345 9.626216 9.625841 9.625109 9.624254 9.623016 9.621693 9.620094 9.617509 9.616447 9.615837 9.611565 9.610847 9.610091 9.609599 9.609025 9.60854 9.60816 9.607588 9.607246 9.611015 9.610972 9.60987 9.609074 9.608356 9.607612 9.606927 9.606152 9.605579 9.604989 9.605206 9.604866 9.604404 9.604074 9.603549 9.603004 9.603082 9.603193 9.602793 9.602021 9.601008 9.599758 9.597458 9.59721 9.596689 9.59591 9.595534 9.595074 9.594212 9.593564 9.592813 9.592347 9.591662 9.590908 9.590075 9.58886 9.588398 9.587193
9.627828 9.627427 9.62763 9.627645 9.627455 9.627156 9.62674 9.625918 9.624834 9.62398 9.622285 9.620082 9.614496 9.613897 9.613339 9.612865 9.612202 9.611637 9.611052 9.610511 9.610013 9.609486 9.613992 9.614268 9.61286 9.611718 9.610947 9.610054 9.608983 9.608291 9.607696 9.607101 9.606541 9.605967 9.606275 9.605835 9.605518 9.60501 9.604582 9.604255 9.604283 9.604106 9.603544 9.602875 9.601354 9.600531 9.599606 9.598629 9.597769 9.597229 9.596631 9.596158 9.595542 9.594726 9.594061 9.593523 9.592892 9.592146 9.590834 9.590569 9.589578 9.588366 9.586599
9.628855 9.628726 9.628531 9.628525 9.62805 9.627521 9.626733 9.625525 9.621326 9.619578 9.617516 9.616257 9.615034 9.614491 9.614232 9.613695 9.613023 9.612365 9.611871 9.615638 9.616332 9.61617 9.615135 9.613721 9.612516 9.611663 9.610679 9.60993 9.609215 9.608392 9.607894 9.607512 9.607098 9.607305 9.606879 9.606429 9.606091 9.605523 9.605277 9.604914 9.605192 9.604239 9.604051 9.603301 9.601748 9.600343 9.59926 9.598874 9.598421 9.597829 9.597374 9.596545 9.595805 9.595263 9.594672 9.594142 9.592876 9.592119 9.591725 9.590303 9.589016 9.588019 9.587114
9.62958 9.629406 9.629299 9.628941 9.628371 9.626372 9.625237 9.624298 9.623003 9.618423 9.617503 9.617055 9.616584 9.615845 9.615497 9.614481 9.618172 9.618706 9.618459 9.618357 9.616902 9.615865 9.61435 9.613234 9.612351 9.611373 9.610662 9.610001 9.609468 9.608883 9.60841 9.608192 9.608258 9.607903 9.607502 9.607044 9.60632 9.606519 9.606973 9.60706 9.60628 9.605185 9.604383 9.602843 9.601274 9.600335 9.599855 9.599457 9.599043 9.598426 9.597765 9.597005 9.596324 9.595924 9.594933 9.594031 9.593832 9.592113 9.59125 9.590281 9.589358 9.588347 9.587326
9.630692 9.630239 9.628847 9.62568 9.625087 9.624156 9.625494 9.624326 9.622789 9.618793 9.618331 9.617945 9.617167 9.620543 9.620973 9.620632 9.619933 9.619745 9.619126 9.61826 9.616743 9.615151 9.613935 9.613046 9.612226 9.611465 9.610976 9.610361 9.609967 9.609511 9.609129 9.6091 9.608809 9.608504 9.608298 9.608482 9.608495 9.608364 9.607869 9.607374 9.606811 9.605511 9.603739 9.602107 9.601557 9.600911 9.600473 9.600194 9.599468 9.598835 9.598079 9.597482 9.597473 9.595968 9.595755 9.594399 9.593342 9.592422 9.591465 9.590487 9.584382 9.583595 9.582983
9.630795 9.627417 9.62685 9.626157 9.625379 9.626761 9.625757 9.624007 9.620061 9.619734 9.622101 9.62285 9.622804 9.621778 9.621272 9.621304 9.620706 9.619868 9.619135 9.617425 9.615891 9.614692 9.613814 9.61304 9.612364 9.611834 9.611341 9.610912 9.610441 9.610231 9.610535 9.61011 9.610364 9.610041 9.60963 9.609351 9.609442 9.608943 9.608376 9.607822 9.60686 9.604351 9.603346 9.602804 9.60218 9.601776 9.601233 9.600367 9.599785 9.599058 9.59914 9.598599 9.597096 9.596322 9.595517 9.594718 9.588717 9.587715 9.586798 9.585937 9.585191 9.584942 9.58975
9.628503 9.628084 9.627502 9.626196 9.627814 9.626794 9.624833 9.624274 9.624332 9.62506 9.624319 9.623636 9.622618 9.622581 9.622081 9.621345 9.620752 9.619825 9.618719 9.616589 9.615567 9.614659 9.613888 9.613254 9.612682 9.612283 9.612117 9.611933 9.611904 9.612197 9.611661 9.611085 9.610796 9.61065 9.610492 9.610382 9.609893 9.609386 9.60877 9.607625 9.605304 9.604297 9.603871 9.603557 9.603101 9.602315 9.601431 9.600686 9.600861 9.600271 9.598579 9.59808 9.597523 9.596616 9.595613 9.589911 9.589315 9.588512 9.587658 9.587387 9.591947 9.592424 9.592344
9.629211 9.628664 9.629809 9.628354 9.627195 9.626942 9.627071 9.626774 9.62601 9.625205 9.624077 9.623829 9.62354 9.622816 9.622115 9.621303 9.620612 9.619209 9.617356 9.616247 9.615413 9.614784 9.61413 9.613855 9.613888 9.613848 9.613482 9.613078 9.613052 9.612475 9.6121 9.611952 9.611555 9.611383 9.611417 9.610977 9.610406 9.609771 9.608254 9.60632 9.605636 9.605068 9.604589 9.604077 9.603373 9.602511 9.602594 9.601096 9.595746 9.599541 9.599026 9.598516 9.593004 9.592186 9.591464 9.590713 9.590146 9.590177 9.594409 9.594488 9.594263 9.594101 9.593927
9.631907 9.630423 9.629553 9.629109 9.628901 9.628366 9.627601 9.62685 9.626048 9.625277 9.624702 9.624118 9.623592 9.622908 9.622153 9.621318 9.619836 9.618267 9.617149 9.61634 9.615974 9.615882 9.616307 9.615687 9.614748 9.614265 9.61385 9.613878 9.613521 9.613019 9.612811 9.612796 9.612773 9.612394 9.61193 9.611377 9.610471 9.609125 9.60801 9.607336 9.606925 9.606249 9.605633 9.604894 9.604653 9.598619 9.597342 9.601003 9.600529 9.600276 9.595022 9.594407 9.59373 9.593024 9.592717 9.596893 9.596798 9.596487 9.596278 9.596111 9.595972 9.595729 9.595212
