inputs/Middelgrunden/Resource grid 1   Sector 2   Height 64m   Weibull-A.grd
DSAA
 111           201 
 728800        731000
 6176000       6180000
 6.732592      6.758048
[rows 168 to 195 of 201, columns 0 to 62 of 111]
6.756721 6.756724 6.756727 6.756744 6.756783 6.756917 6.756813 6.756661 6.756568 6.756605 6.756594 6.756622 6.756653 6.756663 6.75682 6.756664 6.756605 6.756371 6.756334 6.756487 6.756511 6.756472 6.756539 6.756488 6.756469 6.756466 6.756399 6.756445 6.756375 6.756459 6.756426 6.756412 6.756482 6.756442 6.756403 6.756376 6.756552 6.756414 6.756367 6.756475 6.756443 6.756331 6.75609 6.75621 6.756162 6.756008 6.756037 6.756086 6.756313 6.756532 6.756515 6.756493 6.756765 6.756869 6.757229 6.757379 6.75736 6.757372 6.757365 6.757349 6.757381 6.757359 6.757279
6.756727 6.75672 6.756744 6.756709 6.756751 6.756785 6.75684 6.756755 6.756623 6.756624 6.756614 6.756626 6.75662 6.756665 6.756643 6.756732 6.756622 6.756599 6.756355 6.756423 6.756458 6.756387 6.756463 6.756455 6.756459 6.75646 6.756371 6.756403 6.756378 6.756345 6.756487 6.756431 6.756489 6.756413 6.756379 6.7563 6.7564 6.756407 6.756398 6.756519 6.756483 6.756369 6.756194 6.756238 6.756107 6.756005 6.756001 6.756016 6.756194 6.756508 6.756529 6.756501 6.756746 6.756843 6.757104 6.75736 6.757343 6.757333 6.757336 6.757339 6.757389 6.75736 6.757283
6.756816 6.756677 6.756691 6.756721 6.756677 6.756684 6.756745 6.756835 6.756725 6.756581 6.756597 6.756631 6.756571 6.756627 6.756629 6.756712 6.756686 6.756589 6.756367 6.756489 6.756383 6.756437 6.756336 6.756493 6.75645 6.756442 6.75643 6.756358 6.75637 6.756325 6.756404 6.756447 6.756474 6.756433 6.756328 6.7563 6.756262 6.756421 6.756393 6.75639 6.756529 6.756423 6.756233 6.756139 6.756226 6.756102 6.755964 6.755987 6.756073 6.756397 6.75654 6.756512 6.756714 6.756799 6.75695 6.75728 6.757343 6.757339 6.757354 6.757364 6.757381 6.757377 6.757332
6.756907 6.756805 6.756688 6.756678 6.756677 6.756681 6.756684 6.756695 6.756757 6.75667 6.756555 6.756607 6.756585 6.756565 6.756631 6.756582 6.75673 6.756602 6.756578 6.756492 6.756445 6.756423 6.756328 6.756324 6.756449 6.756409 6.756431 6.756392 6.756371 6.756304 6.756213 6.756438 6.756489 6.756468 6.756354 6.756283 6.75621 6.756296 6.756438 6.756428 6.756472 6.756439 6.756165 6.756128 6.756229 6.75606 6.755989 6.755995 6.756059 6.756273 6.75653 6.756563 6.756665 6.756775 6.756858 6.757194 6.757327 6.757322 6.757368 6.757371 6.757396 6.757372 6.757318
6.757042 6.756845 6.756712 6.756696 6.756651 6.756648 6.756698 6.75669 6.756647 6.756752 6.756594 6.756535 6.756565 6.756577 6.756586 6.756589 6.756531 6.756698 6.756582 6.756489 6.756446 6.756336 6.756408 6.756271 6.756371 6.756423 6.75641 6.756413 6.756299 6.756309 6.756177 6.756324 6.756474 6.756437 6.756425 6.756338 6.756244 6.756175 6.756324 6.756346 6.756489 6.756423 6.756164 6.755976 6.75621 6.756172 6.756001 6.756 6.756044 6.756194 6.756522 6.756547 6.756656 6.756775 6.756805 6.757119 6.757349 6.75736 6.757329 6.757338 6.757347 6.757395 6.757343
6.756909 6.756947 6.756798 6.756665 6.75663 6.75663 6.756648 6.756577 6.756624 6.75663 6.756701 6.756552 6.75658 6.756555 6.756524 6.756546 6.756543 6.756524 6.756614 6.756475 6.756487 6.756381 6.756344 6.756284 6.756229 6.756416 6.756394 6.756397 6.756353 6.756317 6.756257 6.756117 6.756512 6.756496 6.756467 6.75631 6.756239 6.756065 6.756236 6.756334 6.756472 6.756391 6.756155 6.755895 6.756214 6.75621 6.756069 6.756019 6.756073 6.756155 6.756411 6.756566 6.756657 6.756716 6.756769 6.757015 6.757339 6.757331 6.757342 6.757323 6.757355 6.757425 6.757381
6.756818 6.756832 6.756883 6.75668 6.756578 6.756593 6.756618 6.756574 6.756586 6.756611 6.756687 6.756687 6.756599 6.75656 6.756562 6.756534 6.756521 6.756522 6.756622 6.756731 6.756487 6.756403 6.756351 6.756347 6.756209 6.756279 6.756443 6.756389 6.756416 6.75632 6.756262 6.756189 6.756331 6.756494 6.756458 6.756421 6.756256 6.756066 6.756094 6.756306 6.756299 6.756427 6.756225 6.756057 6.756086 6.756259 6.756197 6.756029 6.756035 6.756101 6.756299 6.756576 6.756586 6.756695 6.756755 6.756929 6.757253 6.757342 6.75733 6.75736 6.757382 6.757435 6.757369
6.756684 6.756789 6.756781 6.756822 6.756619 6.756577 6.756615 6.756598 6.756533 6.75662 6.756643 6.756721 6.756642 6.756594 6.756593 6.756545 6.756479 6.75653 6.756504 6.75678 6.756495 6.756491 6.756402 6.75637 6.756245 6.756203 6.756321 6.756426 6.756454 6.756382 6.756287 6.756199 6.756188 6.756442 6.756452 6.756436 6.756227 6.756083 6.756001 6.756123 6.756304 6.756457 6.756263 6.75608 6.755992 6.756242 6.756236 6.756056 6.756012 6.75604 6.75622 6.756529 6.756593 6.756713 6.75684 6.756839 6.75716 6.757373 6.757383 6.75738 6.7574 6.757439 6.75737
6.756625 6.756703 6.756783 6.756764 6.756782 6.756593 6.756606 6.75658 6.756616 6.756543 6.756636 6.75662 6.756763 6.756633 6.756622 6.756596 6.756618 6.756552 6.756506 6.756604 6.756755 6.75651 6.756449 6.756419 6.756337 6.756246 6.756203 6.75646 6.756472 6.756421 6.75632 6.756206 6.756158 6.756225 6.756481 6.756455 6.756286 6.756119 6.755986 6.756052 6.756248 6.756453 6.756316 6.756208 6.755957 6.756138 6.756256 6.756128 6.756026 6.756062 6.756166 6.756409 6.756578 6.756694 6.756763 6.756846 6.757119 6.757401 6.757403 6.757397 6.757385 6.757375 6.757375
6.756648 6.756626 6.756714 6.756738 6.756763 6.756717 6.75656 6.756576 6.756585 6.756602 6.756584 6.756591 6.756592 6.756691 6.756598 6.756635 6.756633 6.756607 6.756543 6.756598 6.756564 6.756525 6.756463 6.756433 6.756375 6.756199 6.756164 6.756229 6.756407 6.756429 6.756379 6.756243 6.756178 6.756152 6.756384 6.756474 6.756372 6.756173 6.756029 6.755993 6.75613 6.756467 6.756353 6.756285 6.755923 6.756031 6.756255 6.756148 6.756002 6.756045 6.75609 6.756283 6.75658 6.756728 6.756739 6.756849 6.757046 6.757354 6.757392 6.757372 6.757373 6.757383 6.757376
6.756565 6.756639 6.756584 6.756636 6.756682 6.756746 6.756672 6.756576 6.75657 6.756523 6.756569 6.756579 6.756536 6.756505 6.756608 6.756639 6.756635 6.75663 6.756556 6.75662 6.756593 6.756384 6.756424 6.756399 6.75637 6.756289 6.756186 6.75613 6.756304 6.756433 6.756406 6.756333 6.756257 6.756127 6.756182 6.756464 6.756383 6.756287 6.75604 6.755929 6.755994 6.756261 6.75637 6.756276 6.756065 6.755915 6.756122 6.756214 6.756146 6.755985 6.756024 6.756207 6.756489 6.756714 6.756732 6.756813 6.756919 6.75723 6.75738 6.757342 6.757354 6.757354 6.757374
6.756526 6.756547 6.756596 6.756616 6.756649 6.75666 6.756742 6.756653 6.756548 6.756579 6.756565 6.756538 6.756538 6.756556 6.756511 6.756631 6.756633 6.756642 6.756641 6.756658 6.756598 6.756524 6.756464 6.756407 6.756423 6.756389 6.756239 6.756165 6.756107 6.756422 6.756427 6.756473 6.756265 6.75612 6.756119 6.756288 6.756359 6.756315 6.756076 6.755949 6.755987 6.756122 6.756355 6.756393 6.756084 6.75582 6.755969 6.756202 6.756118 6.75597 6.756016 6.7561 6.756355 6.756729 6.756689 6.7567 6.756837 6.757119 6.757363 6.757353 6.757342 6.75735 6.757381
6.756544 6.756527 6.75656 6.756677 6.756617 6.756662 6.756585 6.756748 6.756567 6.756538 6.75653 6.756543 6.756515 6.756502 6.756485 6.756574 6.756639 6.756641 6.756607 6.756705 6.756613 6.756561 6.756289 6.756479 6.756479 6.756439 6.756361 6.756147 6.756111 6.756238 6.756433 6.756466 6.756407 6.756195 6.756074 6.756131 6.756349 6.756338 6.756228 6.755975 6.755887 6.755971 6.756288 6.756375 6.756145 6.755775 6.75586 6.756067 6.756062 6.756047 6.755978 6.756048 6.756279 6.756701 6.756669 6.756687 6.756795 6.757019 6.757341 6.757357 6.757359 6.757352 6.757359
6.756689 6.756538 6.756556 6.756582 6.756658 6.756641 6.756622 6.756561 6.756665 6.7565 6.756468 6.756543 6.756541 6.75655 6.756522 6.756471 6.756579 6.756639 6.756646 6.756774 6.756689 6.75658 6.756547 6.756276 6.756479 6.756449 6.756417 6.756188 6.756106 6.756077 6.756299 6.756485 6.756428 6.756228 6.756047 6.756039 6.756124 6.756379 6.756292 6.756025 6.755827 6.755852 6.756119 6.756369 6.756258 6.755848 6.755798 6.755923 6.756127 6.756017 6.755947 6.755995 6.756175 6.756603 6.75671 6.756692 6.756778 6.756925 6.757257 6.757367 6.757359 6.757369 6.757369
6.756828 6.7567 6.756539 6.756583 6.756592 6.756641 6.756575 6.756559 6.75645 6.756576 6.756541 6.756565 6.75658 6.756607 6.756525 6.756459 6.756409 6.756571 6.756654 6.756788 6.756781 6.756632 6.756521 6.756206 6.756354 6.756466 6.756433 6.75637 6.756123 6.756042 6.756097 6.756492 6.756448 6.756363 6.756086 6.755979 6.756011 6.756269 6.756256 6.756122 6.75587 6.755843 6.755808 6.756338 6.75637 6.756049 6.75572 6.755844 6.756043 6.756065 6.75604 6.755976 6.756088 6.756494 6.756701 6.756659 6.75669 6.756838 6.75716 6.75739 6.757364 6.75737 6.757372
6.75698 6.756816 6.75669 6.756586 6.756563 6.75655 6.756569 6.756551 6.756497 6.756466 6.756581 6.756526 6.75655 6.756615 6.756558 6.75646 6.756411 6.756374 6.75659 6.756855 6.756795 6.756718 6.756514 6.756451 6.75614 6.756434 6.756433 6.756413 6.756173 6.756025 6.756027 6.756244 6.756452 6.75639 6.756226 6.755988 6.755904 6.756052 6.756338 6.756225 6.755917 6.755797 6.755757 6.75619 6.756342 6.756111 6.755715 6.755792 6.755957 6.756159 6.756029 6.755961 6.756002 6.756382 6.756681 6.756634 6.756663 6.756803 6.757049 6.757382 6.757389 6.757371 6.75737
6.757165 6.756991 6.75678 6.756628 6.756496 6.756536 6.756531 6.756597 6.756585 6.756463 6.756412 6.756514 6.756513 6.756587 6.756619 6.75657 6.75643 6.756395 6.756341 6.756732 6.756795 6.756773 6.756609 6.756437 6.756091 6.756117 6.756417 6.756426 6.75636 6.756058 6.755996 6.756117 6.756371 6.756424 6.756333 6.756004 6.755857 6.755947 6.756219 6.75625 6.756059 6.755786 6.755694 6.75605 6.756285 6.756208 6.755775 6.755756 6.755882 6.756069 6.756065 6.756052 6.755968 6.756253 6.756564 6.756682 6.756632 6.756774 6.75697 6.757298 6.757388 6.75738 6.757374
6.75714 6.757119 6.756886 6.756759 6.756583 6.756519 6.75656 6.756553 6.756582 6.75646 6.756405 6.756382 6.756513 6.756536 6.756624 6.756548 6.756499 6.756375 6.756307 6.756435 6.75673 6.756726 6.756664 6.756496 6.756106 6.75604 6.756161 6.756386 6.75638 6.756196 6.755984 6.756049 6.756107 6.756462 6.756429 6.756207 6.75584 6.755869 6.755976 6.756243 6.756133 6.755825 6.755636 6.755949 6.756165 6.756338 6.755867 6.755749 6.755821 6.755943 6.756157 6.75602 6.755955 6.756179 6.756459 6.7567 6.756613 6.7567 6.756845 6.757174 6.75738 6.757381 6.757364
6.757161 6.757165 6.757119 6.756902 6.756689 6.75655 6.756487 6.756557 6.756538 6.756498 6.75643 6.756419 6.756325 6.756487 6.756527 6.756577 6.756544 6.75643 6.756316 6.756374 6.756492 6.756723 6.756691 6.756589 6.756353 6.756044 6.756027 6.756282 6.756399 6.756353 6.756053 6.756037 6.756069 6.756286 6.75646 6.756328 6.755917 6.7558 6.755909 6.756073 6.75622 6.755971 6.755614 6.75571 6.756042 6.756341 6.756176 6.755731 6.755762 6.755879 6.756097 6.756027 6.756051 6.755951 6.756355 6.756643 6.756565 6.756639 6.75679 6.75708 6.757389 6.757375 6.757376
6.757196 6.757164 6.757156 6.757066 6.756836 6.756666 6.756515 6.756495 6.75654 6.756543 6.756536 6.756423 6.756354 6.756287 6.756539 6.756552 6.756561 6.756549 6.756347 6.756397 6.756349 6.756569 6.756675 6.756626 6.756501 6.756055 6.755993 6.756042 6.756391 6.756433 6.756239 6.756055 6.756026 6.756102 6.756341 6.756319 6.75609 6.755785 6.755845 6.755925 6.756211 6.756063 6.755676 6.755679 6.755972 6.756169 6.756268 6.755785 6.755739 6.755812 6.755972 6.756165 6.756037 6.755954 6.756229 6.756532 6.756656 6.75663 6.756769 6.756981 6.75732 6.757369 6.75735
6.757152 6.757163 6.757121 6.757158 6.757006 6.756849 6.756645 6.756546 6.756515 6.756533 6.75656 6.756505 6.756391 6.756316 6.756337 6.756559 6.756573 6.75655 6.756492 6.756444 6.756357 6.756318 6.756626 6.756658 6.75658 6.756333 6.755988 6.756001 6.75613 6.756422 6.756419 6.756206 6.755979 6.756006 6.756098 6.756323 6.756208 6.755873 6.755774 6.755888 6.756032 6.756184 6.755915 6.755713 6.755912 6.756044 6.756274 6.755917 6.755733 6.755757 6.755837 6.756129 6.755971 6.756035 6.756126 6.756425 6.756709 6.756619 6.756671 6.756878 6.757195 6.757358 6.757351
6.757197 6.757155 6.75718 6.757162 6.757173 6.756998 6.756839 6.756653 6.756524 6.756474 6.756507 6.756521 6.7565 6.756305 6.756311 6.756298 6.756563 6.75655 6.756525 6.75653 6.756375 6.756321 6.756355 6.756642 6.75664 6.75646 6.756051 6.755968 6.756001 6.756217 6.756434 6.756292 6.756035 6.755939 6.75602 6.756145 6.756292 6.756042 6.755738 6.755829 6.75593 6.756203 6.756042 6.755713 6.755847 6.755969 6.756182 6.755994 6.755716 6.755688 6.75573 6.755982 6.756114 6.756013 6.756088 6.756285 6.756599 6.756586 6.756649 6.756773 6.757089 6.757348 6.757346
6.757289 6.757209 6.75719 6.757166 6.757154 6.757167 6.756985 6.756805 6.756598 6.756517 6.756492 6.756509 6.756501 6.756423 6.756276 6.75626 6.756269 6.756539 6.756537 6.756639 6.756462 6.756337 6.756295 6.756384 6.756649 6.756579 6.756183 6.755961 6.7559 6.756038 6.756325 6.756454 6.75619 6.755933 6.755977 6.756027 6.756273 6.756186 6.755893 6.755755 6.755872 6.755977 6.756115 6.755848 6.755636 6.755897 6.75601 6.756153 6.755748 6.755697 6.755735 6.755845 6.756107 6.756009 6.756166 6.75622 6.756521 6.756601 6.756605 6.756734 6.756968 6.757318 6.757339
6.757482 6.757303 6.757223 6.757182 6.757161 6.757148 6.757141 6.756938 6.756792 6.756605 6.756494 6.756496 6.756526 6.756483 6.756358 6.756287 6.756199 6.756256 6.756539 6.756622 6.756557 6.756444 6.756314 6.756334 6.75645 6.756662 6.756476 6.756072 6.755897 6.755926 6.756135 6.756488 6.756272 6.756073 6.755905 6.755917 6.756046 6.756302 6.756041 6.755715 6.755784 6.755861 6.75604 6.75595 6.755674 6.755811 6.755925 6.756075 6.75587 6.755689 6.755703 6.755748 6.756006 6.756061 6.756152 6.756118 6.75638 6.756612 6.756571 6.756616 6.756854 6.757195 6.757305
6.757875 6.757483 6.757299 6.757205 6.757155 6.757154 6.757124 6.757124 6.756936 6.756774 6.756586 6.756496 6.75649 6.756501 6.756412 6.756316 6.756214 6.75615 6.75625 6.756658 6.756601 6.756485 6.756371 6.756258 6.756273 6.756489 6.756591 6.75619 6.755961 6.75586 6.756016 6.756156 6.756458 6.7562 6.755926 6.755877 6.755966 6.756179 6.756179 6.755857 6.755716 6.755797 6.755872 6.756052 6.755764 6.755766 6.755854 6.756004 6.755883 6.755674 6.755621 6.755662 6.755892 6.756112 6.75613 6.75616 6.756265 6.756533 6.756558 6.756587 6.756715 6.757068 6.75729
6.758048 6.757637 6.757428 6.757272 6.75717 6.757147 6.757132 6.757089 6.757087 6.756874 6.7567 6.756535 6.756454 6.756473 6.756489 6.756414 6.75631 6.756187 6.756147 6.756403 6.756611 6.756565 6.756428 6.756279 6.756204 6.75632 6.756523 6.756544 6.756083 6.755884 6.755918 6.756061 6.756223 6.756275 6.756073 6.755777 6.755886 6.755995 6.756186 6.755975 6.755689 6.755739 6.755792 6.755895 6.755852 6.755776 6.755787 6.755898 6.755785 6.755734 6.755643 6.755592 6.755759 6.756054 6.756178 6.756129 6.756169 6.756427 6.756517 6.756549 6.756656 6.756938 6.757291
6.757999 6.757781 6.757617 6.757426 6.75731 6.757195 6.75715 6.757152 6.75713 6.756995 6.756812 6.756672 6.756522 6.756518 6.756504 6.756502 6.756401 6.756275 6.756119 6.756239 6.756399 6.756537 6.756462 6.756344 6.756232 6.756195 6.756282 6.75653 6.756215 6.75601 6.755925 6.755968 6.756112 6.756364 6.756178 6.755876 6.755789 6.755897 6.75602 6.756144 6.755852 6.755688 6.755718 6.755823 6.755908 6.755701 6.755738 6.755837 6.755867 6.75577 6.755635 6.755625 6.755691 6.755928 6.756209 6.756122 6.756139 6.756304 6.756536 6.756563 6.756607 6.756824 6.757212
6.758008 6.758024 6.757787 6.757633 6.7574 6.757282 6.757183 6.757191 6.757142 6.75711 6.756939 6.756766 6.756624 6.756516 6.756508 6.756494 6.756451 6.75634 6.756186 6.756193 6.75623 6.756447 6.75655 6.756463 6.756307 6.756153 6.756191 6.756286 6.756497 6.756138 6.756025 6.755914 6.756009 6.756162 6.756277 6.75597 6.755758 6.755821 6.755913 6.756034 6.755949 6.75569 6.755668 6.755764 6.755786 6.755799 6.75574 6.755744 6.755858 6.755701 6.755697 6.755605 6.755592 6.755761 6.756198 6.756129 6.756104 6.756193 6.756459 6.756536 6.756615 6.756766 6.757129
