inputs/Middelgrunden/Resource grid 1   Sector 6   Height 64m   Weibull-A.grd
DSAA
 111           201 
 728800        731000
 6176000       6180000
 8.560945      8.677958
[rows 112 to 139 of 201, columns 0 to 62 of 111]
8.669121 8.668759 8.668583 8.668341 8.667875 8.667858 8.667589 8.667453 8.667087 8.667032 8.666812 8.666389 8.666058 8.665779 8.665244 8.665138 8.665026 8.66487 8.665151 8.665657 8.66611 8.665912 8.665568 8.665219 8.665064 8.665046 8.664941 8.664649 8.664351 8.664238 8.664092 8.663874 8.663586 8.663136 8.673667 8.673573 8.673561 8.673525 8.673278 8.673052 8.66618 8.66522 8.664453 8.664151 8.663729 8.663427 8.663169 8.662978 8.662621 8.662156 8.661524 8.661178 8.660891 8.660396 8.659946 8.659364 8.658842 8.658301 8.657947 8.657784 8.657766 8.657848 8.657906
8.668859 8.668571 8.668355 8.668051 8.667865 8.667622 8.667447 8.667086 8.667011 8.666801 8.666467 8.666084 8.665779 8.665237 8.665132 8.665039 8.664768 8.664884 8.665217 8.665667 8.665998 8.665656 8.665284 8.665135 8.664973 8.664911 8.664761 8.664637 8.66439 8.664129 8.663999 8.663717 8.663282 8.663041 8.673633 8.673597 8.673462 8.673407 8.673196 8.666409 8.665349 8.664948 8.66433 8.663986 8.663689 8.663312 8.662993 8.662762 8.662207 8.66184 8.661324 8.661154 8.660661 8.660089 8.659589 8.659027 8.658582 8.658185 8.658112 8.657921 8.65797 8.658031 8.658101
8.668709 8.668291 8.668057 8.667769 8.667537 8.667493 8.667077 8.666927 8.66671 8.666395 8.66594 8.665704 8.665254 8.665154 8.664965 8.6648 8.66481 8.665027 8.665291 8.665686 8.665713 8.665322 8.665211 8.664984 8.664873 8.664725 8.664701 8.66468 8.664379 8.664077 8.663874 8.663426 8.663194 8.673714 8.673681 8.673558 8.673388 8.67331 8.667023 8.665619 8.66513 8.664882 8.664223 8.66398 8.663549 8.663205 8.66277 8.66225 8.661986 8.661579 8.661263 8.660829 8.660386 8.659843 8.659205 8.658751 8.658423 8.65829 8.658167 8.658158 8.658242 8.658298 8.658305
8.668498 8.668045 8.66792 8.667638 8.667493 8.667139 8.666974 8.666541 8.666374 8.666075 8.665711 8.665156 8.66511 8.664433 8.664307 8.664787 8.664909 8.665093 8.665206 8.665559 8.665313 8.665209 8.665041 8.664915 8.66487 8.664699 8.664793 8.664456 8.6643 8.663959 8.663532 8.663288 8.673801 8.673656 8.673593 8.673476 8.673263 8.667166 8.665823 8.665377 8.66507 8.66455 8.664116 8.663795 8.663424 8.66302 8.662489 8.662077 8.661638 8.661408 8.661029 8.660485 8.660017 8.659443 8.658983 8.658663 8.658544 8.65832 8.658428 8.658407 8.658442 8.65852 8.658448
8.668223 8.667872 8.667665 8.667623 8.667261 8.666968 8.666677 8.666272 8.666058 8.665771 8.66506 8.665063 8.664433 8.664172 8.66427 8.664764 8.664902 8.665034 8.66506 8.665394 8.665238 8.66507 8.66492 8.664889 8.66474 8.664657 8.664592 8.6643 8.664186 8.663677 8.663437 8.673903 8.673763 8.673681 8.673442 8.673354 8.673113 8.666015 8.665485 8.665231 8.664867 8.664412 8.664056 8.663626 8.663272 8.662684 8.662275 8.66174 8.661611 8.661283 8.660797 8.660188 8.659709 8.659283 8.658881 8.658746 8.658608 8.658533 8.658626 8.658689 8.658683 8.658635 8.658442
8.667997 8.667604 8.667607 8.667321 8.667045 8.666863 8.666451 8.665926 8.665801 8.665125 8.664907 8.664469 8.664178 8.664168 8.664677 8.664845 8.664885 8.664866 8.664813 8.665272 8.665113 8.664988 8.66497 8.664779 8.664682 8.664626 8.664343 8.66425 8.663953 8.663512 8.663301 8.673909 8.673804 8.673416 8.673409 8.673215 8.666244 8.665673 8.665391 8.665042 8.664754 8.664353 8.66375 8.663406 8.662915 8.662351 8.661881 8.661436 8.66154 8.661043 8.660475 8.65989 8.659419 8.659151 8.659016 8.658884 8.658772 8.658826 8.658816 8.658942 8.658813 8.658692 8.658232
8.667614 8.667529 8.667305 8.667063 8.666865 8.666464 8.666056 8.665703 8.665397 8.664819 8.664469 8.664111 8.664075 8.664159 8.664744 8.66479 8.664682 8.664544 8.664865 8.665146 8.665043 8.665049 8.664828 8.664748 8.664674 8.664312 8.664196 8.664049 8.663715 8.663458 8.673899 8.673785 8.673515 8.673503 8.673267 8.666424 8.665709 8.665573 8.665228 8.664903 8.664671 8.664124 8.663651 8.663181 8.662701 8.662205 8.661584 8.661304 8.661275 8.660757 8.660155 8.65965 8.659286 8.659227 8.659126 8.658969 8.659005 8.659039 8.659134 8.659187 8.658998 8.658548 8.658126
8.667458 8.667275 8.666994 8.666881 8.666587 8.666093 8.665783 8.66559 8.6648 8.664462 8.664149 8.664064 8.664102 8.66411 8.664705 8.664532 8.664427 8.664499 8.664973 8.665038 8.665028 8.664765 8.664758 8.664693 8.664444 8.664153 8.663972 8.663775 8.663514 8.674095 8.673836 8.67366 8.673468 8.673403 8.666582 8.665853 8.665733 8.665368 8.665081 8.664852 8.66451 8.664001 8.66343 8.662897 8.662367 8.661794 8.661475 8.661194 8.660987 8.660335 8.659865 8.659503 8.659345 8.659307 8.65913 8.659216 8.659286 8.659288 8.65936 8.659362 8.658986 8.6584 8.657504
8.667297 8.666979 8.66673 8.666599 8.666101 8.665823 8.665527 8.665009 8.664826 8.664237 8.663982 8.664003 8.664085 8.664205 8.664451 8.664264 8.664351 8.664545 8.664878 8.665068 8.664802 8.664764 8.664647 8.664448 8.664205 8.664008 8.663647 8.663568 8.674116 8.674054 8.673767 8.673582 8.673523 8.667209 8.665956 8.66574 8.665555 8.665274 8.665014 8.664662 8.664298 8.663759 8.663098 8.66259 8.661971 8.661598 8.661384 8.660846 8.660566 8.660079 8.659664 8.659554 8.659444 8.659286 8.65938 8.659434 8.659528 8.659604 8.659556 8.659221 8.658772 8.657807 8.65752
8.66694 8.666739 8.66656 8.666234 8.665854 8.665543 8.664956 8.66469 8.664127 8.663939 8.664015 8.664081 8.66412 8.663991 8.663709 8.664119 8.664337 8.664618 8.664909 8.664929 8.664835 8.66468 8.664536 8.664289 8.663995 8.663665 8.663481 8.674261 8.674086 8.673844 8.673591 8.673436 8.673144 8.666145 8.665847 8.665654 8.665417 8.665137 8.664832 8.664472 8.664107 8.663453 8.662864 8.662192 8.661835 8.661563 8.66109 8.660471 8.6603 8.659897 8.659751 8.659636 8.659524 8.65946 8.659598 8.659698 8.659804 8.659796 8.659409 8.659007 8.65818 8.657769 8.657417
8.666762 8.666603 8.666266 8.665885 8.665565 8.664993 8.664696 8.664164 8.664006 8.664008 8.663935 8.663965 8.663946 8.663628 8.663467 8.66408 8.664393 8.664909 8.664835 8.664816 8.66476 8.66461 8.664297 8.663998 8.66365 8.663579 8.663354 8.67399 8.673876 8.673831 8.673611 8.673241 8.666337 8.665972 8.665617 8.665325 8.665227 8.664972 8.664698 8.664274 8.663809 8.663253 8.662564 8.662043 8.661663 8.661376 8.660717 8.660208 8.66006 8.659921 8.659845 8.659744 8.65963 8.659714 8.659876 8.659961 8.659906 8.659693 8.659286 8.658413 8.658068 8.657741 8.657428
8.666612 8.666283 8.665848 8.66562 8.665048 8.664832 8.664122 8.663984 8.663984 8.66394 8.663968 8.663916 8.66353 8.663312 8.663847 8.664123 8.664456 8.664894 8.664726 8.664829 8.664699 8.664388 8.664063 8.663809 8.663611 8.663423 8.674017 8.673822 8.673879 8.673668 8.673375 8.666441 8.666092 8.665868 8.665474 8.665232 8.665073 8.664802 8.664412 8.663967 8.663548 8.662861 8.662038 8.661866 8.661606 8.661016 8.660332 8.659966 8.660117 8.660038 8.659957 8.659836 8.659883 8.659948 8.659983 8.660121 8.659939 8.659584 8.658622 8.65821 8.657941 8.657722 8.656672
8.666315 8.665981 8.665584 8.665081 8.664871 8.664171 8.663981 8.664093 8.664055 8.663825 8.663969 8.663491 8.663236 8.663243 8.663869 8.664232 8.664634 8.664753 8.664695 8.664656 8.664447 8.664279 8.663968 8.6637 8.663474 8.674034 8.6738 8.673697 8.673719 8.673453 8.666687 8.666222 8.666002 8.665753 8.66536 8.665071 8.664984 8.664598 8.664165 8.663726 8.66323 8.662303 8.662023 8.661569 8.661251 8.660611 8.660179 8.659986 8.660201 8.660154 8.66004 8.660052 8.660104 8.660143 8.660223 8.660162 8.659819 8.658901 8.658527 8.65824 8.657988 8.65758 8.656239
8.66602 8.665619 8.665212 8.664441 8.664273 8.663915 8.664018 8.66401 8.66397 8.663951 8.663605 8.663171 8.663115 8.663281 8.664031 8.664381 8.664654 8.664697 8.66457 8.664557 8.664368 8.66394 8.663613 8.663496 8.674013 8.673802 8.673736 8.67371 8.673526 8.666706 8.666476 8.666121 8.665806 8.665537 8.665227 8.66496 8.664852 8.66436 8.663895 8.663457 8.6627 8.662161 8.661723 8.661456 8.660791 8.660375 8.660157 8.660081 8.660267 8.660226 8.660179 8.660243 8.660301 8.660403 8.660261 8.660036 8.659174 8.658817 8.658542 8.658225 8.657894 8.656715 8.655999
8.665749 8.665285 8.664498 8.664306 8.663995 8.663782 8.664004 8.664048 8.663942 8.663671 8.674483 8.663111 8.663189 8.6634 8.664112 8.664279 8.664777 8.664725 8.664535 8.664478 8.664119 8.663696 8.663531 8.674031 8.673865 8.673743 8.673714 8.673435 8.672474 8.666574 8.666374 8.666055 8.665783 8.665417 8.665165 8.664876 8.664561 8.664064 8.66363 8.662924 8.662346 8.66203 8.661696 8.661046 8.660563 8.660363 8.660236 8.660154 8.660202 8.66032 8.660378 8.660419 8.660542 8.660449 8.660153 8.659298 8.659069 8.658799 8.658435 8.658141 8.657076 8.656291 8.65591
8.665308 8.664503 8.664368 8.663985 8.663845 8.663867 8.664048 8.664029 8.663839 8.674562 8.674544 8.663195 8.663273 8.66395 8.664131 8.664443 8.664825 8.664626 8.664388 8.664284 8.663752 8.663646 8.674121 8.673944 8.673785 8.673675 8.673477 8.67302 8.666479 8.666492 8.666194 8.666002 8.66548 8.665277 8.66505 8.664592 8.664242 8.663815 8.663215 8.662517 8.662107 8.661828 8.661283 8.660741 8.660564 8.660481 8.660402 8.660255 8.660309 8.660511 8.660557 8.660633 8.660631 8.660343 8.659489 8.659133 8.658941 8.658712 8.658377 8.657351 8.656582 8.656181 8.655811
8.664615 8.664352 8.664151 8.663842 8.663916 8.663814 8.66411 8.663778 8.674685 8.674647 8.674475 8.663204 8.663362 8.664064 8.664268 8.664566 8.66471 8.664495 8.664216 8.663833 8.663639 8.663444 8.674067 8.673883 8.67371 8.673669 8.673079 8.666565 8.66647 8.666325 8.666062 8.665738 8.665439 8.665161 8.664839 8.664234 8.663918 8.663402 8.662675 8.662427 8.662022 8.661691 8.660955 8.660777 8.660671 8.660603 8.66048 8.660519 8.660504 8.660665 8.660752 8.66071 8.660538 8.659706 8.659475 8.659147 8.658916 8.658602 8.658088 8.656806 8.656391 8.656102 8.655723
8.664433 8.66411 8.663886 8.66378 8.663855 8.663991 8.663898 8.674749 8.674663 8.674656 8.663158 8.663345 8.663457 8.664045 8.664244 8.664761 8.664526 8.664313 8.663876 8.663837 8.663642 8.674178 8.674048 8.673856 8.673771 8.673172 8.672402 8.666456 8.666302 8.666218 8.666014 8.66567 8.665299 8.665017 8.664436 8.663981 8.66355 8.662936 8.662467 8.662226 8.661796 8.66128 8.660958 8.66083 8.66078 8.660679 8.660634 8.660658 8.660665 8.660892 8.660854 8.660724 8.659914 8.659739 8.65939 8.659048 8.658748 8.658413 8.657146 8.656588 8.656289 8.655971 8.655562
8.664247 8.664029 8.663773 8.6638 8.66372 8.663817 8.674629 8.674693 8.674669 8.6747 8.663308 8.663415 8.663885 8.664053 8.664345 8.664657 8.664407 8.664114 8.663733 8.663713 8.674261 8.674088 8.673966 8.673815 8.673295 8.672562 8.666623 8.666465 8.666245 8.66604 8.665862 8.665585 8.665277 8.66466 8.664211 8.663612 8.66321 8.662666 8.662354 8.662088 8.661515 8.661232 8.660985 8.660916 8.660839 8.660793 8.660752 8.660859 8.66088 8.661063 8.66088 8.660134 8.659909 8.659605 8.659312 8.658966 8.658569 8.657528 8.656864 8.656543 8.656198 8.655818 8.65546
8.664162 8.663847 8.66379 8.663603 8.663615 8.663302 8.674646 8.674729 8.674718 8.663269 8.663398 8.663319 8.663818 8.664017 8.664385 8.664495 8.664221 8.663841 8.663565 8.67437 8.674205 8.674018 8.673897 8.673507 8.672702 8.666778 8.666506 8.666405 8.666111 8.665979 8.665747 8.665483 8.665086 8.66442 8.663838 8.663438 8.662846 8.662554 8.662168 8.661868 8.661342 8.661281 8.661057 8.661004 8.660973 8.660892 8.660895 8.660997 8.660971 8.661021 8.660368 8.660158 8.659883 8.65947 8.659173 8.658798 8.657732 8.657169 8.656812 8.656544 8.656056 8.655612 8.655308
8.663982 8.663882 8.663705 8.663556 8.663148 8.674569 8.674703 8.674733 8.674786 8.663322 8.663256 8.663266 8.663826 8.664062 8.664501 8.664277 8.663857 8.66363 8.674216 8.674239 8.674111 8.673992 8.673582 8.672819 8.666974 8.666675 8.666573 8.66627 8.666145 8.665823 8.665703 8.665359 8.66474 8.664095 8.66349 8.663027 8.662636 8.662365 8.662003 8.661624 8.66143 8.661416 8.661251 8.661133 8.66107 8.661027 8.661063 8.661166 8.661043 8.660603 8.660303 8.66007 8.65971 8.659373 8.659064 8.658491 8.657303 8.656962 8.65685 8.656316 8.655881 8.655588 8.655037
8.663905 8.663829 8.663527 8.663227 8.67451 8.674821 8.674795 8.674782 8.674719 8.663193 8.663163 8.663209 8.663872 8.664068 8.664333 8.663903 8.663769 8.663359 8.67408 8.674176 8.674048 8.673573 8.67335 8.672734 8.666823 8.666598 8.666391 8.666235 8.666061 8.665728 8.665553 8.665008 8.664464 8.663765 8.663366 8.662871 8.662523 8.662032 8.661809 8.661733 8.661547 8.66151 8.661307 8.66131 8.661226 8.66126 8.661242 8.661258 8.660758 8.660496 8.660235 8.65992 8.659573 8.659282 8.658728 8.657559 8.657176 8.657003 8.65663 8.656131 8.655804 8.65531 8.654853
8.663786 8.663787 8.663363 8.674539 8.674571 8.674886 8.674847 8.674826 8.674786 8.663144 8.663073 8.663107 8.663774 8.663951 8.663884 8.663698 8.663383 8.674138 8.674048 8.674111 8.67368 8.673536 8.672801 8.666982 8.666741 8.666588 8.666324 8.666203 8.66589 8.665626 8.665153 8.664669 8.664114 8.663656 8.662941 8.662793 8.662322 8.661974 8.661949 8.661868 8.661685 8.661636 8.66145 8.661396 8.661413 8.661414 8.661255 8.661168 8.660531 8.660442 8.660219 8.659831 8.659527 8.659006 8.657901 8.657414 8.657197 8.656782 8.656368 8.655922 8.655639 8.655149 8.654618
8.663755 8.663375 8.674483 8.674683 8.674673 8.674882 8.674875 8.674882 8.674742 8.674615 8.663079 8.663651 8.663729 8.663714 8.663712 8.663463 8.674128 8.674054 8.673981 8.67381 8.673634 8.672986 8.667171 8.666863 8.666607 8.666514 8.666405 8.666094 8.665788 8.665278 8.664715 8.66428 8.663837 8.663261 8.662755 8.662501 8.662063 8.662079 8.662071 8.66203 8.66184 8.661806 8.66159 8.661578 8.661552 8.661372 8.661307 8.660805 8.660508 8.660397 8.659952 8.659681 8.659246 8.658199 8.657645 8.657423 8.657071 8.656565 8.656144 8.655946 8.65544 8.654856 8.65418
8.663464 8.6745 8.674581 8.674722 8.674772 8.674938 8.67493 8.674872 8.674749 8.674606 8.663008 8.663576 8.663548 8.663799 8.663616 8.674191 8.674063 8.673996 8.673663 8.673561 8.673008 8.667282 8.667037 8.666746 8.666667 8.666602 8.666358 8.666007 8.665519 8.664939 8.664359 8.664016 8.663527 8.663059 8.662631 8.662185 8.662165 8.66224 8.66221 8.662172 8.661981 8.661961 8.661767 8.661706 8.661562 8.661484 8.660847 8.660773 8.660466 8.660253 8.659916 8.659534 8.658994 8.657927 8.657647 8.657317 8.656802 8.656437 8.656072 8.655691 8.655152 8.65449 8.653762
8.663051 8.674455 8.674693 8.674823 8.674928 8.674926 8.674978 8.67491 8.674734 8.674494 8.662988 8.663469 8.663471 8.66361 8.67413 8.674109 8.674018 8.673729 8.673391 8.67311 8.672843 8.667159 8.666891 8.666674 8.66663 8.666521 8.666171 8.66573 8.665205 8.664562 8.664049 8.663849 8.663273 8.662985 8.6623 8.662193 8.662429 8.662354 8.662321 8.662263 8.662127 8.662025 8.661875 8.661753 8.661695 8.661071 8.660877 8.660718 8.660406 8.660148 8.659814 8.65925 8.658227 8.657935 8.657686 8.657139 8.656715 8.656333 8.655924 8.655471 8.654902 8.654089 8.653323
8.674436 8.674603 8.674757 8.674918 8.675092 8.674951 8.674919 8.674747 8.674582 8.674579 8.662852 8.663325 8.663454 8.663375 8.674191 8.674081 8.673775 8.673453 8.673442 8.672899 8.667281 8.66708 8.666857 8.666808 8.666647 8.666453 8.665956 8.665395 8.664763 8.664193 8.66387 8.663311 8.663077 8.662621 8.662386 8.662568 8.662527 8.66248 8.662414 8.662382 8.662148 8.662136 8.661895 8.661876 8.661249 8.66108 8.660838 8.660707 8.660215 8.659945 8.659522 8.658485 8.658187 8.657955 8.657436 8.657024 8.656627 8.656231 8.655764 8.655181 8.654473 8.653674 8.652803
8.674706 8.674909 8.675012 8.674992 8.675093 8.67494 8.674887 8.674756 8.67474 8.674457 8.662688 8.663155 8.66349 8.6742 8.674058 8.673794 8.673539 8.673454 8.672869 8.667454 8.667215 8.666994 8.666772 8.666845 8.666576 8.666087 8.665575 8.664924 8.664392 8.663988 8.663534 8.6631 8.662847 8.662497 8.662434 8.662684 8.662625 8.662594 8.662538 8.662325 8.662282 8.662185 8.661974 8.661416 8.661259 8.661042 8.660722 8.660453 8.660222 8.659644 8.658773 8.658426 8.658174 8.657711 8.657322 8.656904 8.656539 8.656106 8.655586 8.654779 8.654097 8.653179 8.652471
