inputs/Middelgrunden/Resource grid 1   Sector 1   Height 64m   Weibull-A.grd
DSAA
 111           201 
 728800        731000
 6176000       6180000
 8.431909      8.520576
[rows 112 to 139 of 201, columns 0 to 62 of 111]
8.518212 8.518069 8.518148 8.518084 8.517949 8.517993 8.517912 8.517913 8.517891 8.518104 8.518107 8.518115 8.518165 8.518219 8.518167 8.518123 8.518173 8.518185 8.518208 8.51845 8.518469 8.518569 8.518587 8.518638 8.518603 8.518824 8.518868 8.518891 8.518683 8.518671 8.518734 8.518663 8.518664 8.518413 8.517653 8.51747 8.51741 8.517311 8.517149 8.517019 8.516932 8.516836 8.516624 8.515701 8.515504 8.515561 8.516072 8.517031 8.51702 8.51701 8.516874 8.517145 8.51636 8.516298 8.516291 8.516769 8.517594 8.517377 8.517161 8.517056 8.517014 8.516029 8.516119
8.51816 8.518049 8.518117 8.518081 8.518009 8.518045 8.517918 8.51788 8.518012 8.518058 8.518123 8.518133 8.518156 8.518259 8.518296 8.518242 8.518189 8.51821 8.51827 8.518412 8.518525 8.518587 8.518606 8.518643 8.518656 8.518836 8.518915 8.518925 8.51875 8.518742 8.518776 8.518727 8.518719 8.518611 8.517908 8.51757 8.517431 8.517337 8.517203 8.51711 8.516927 8.516908 8.516634 8.51585 8.515518 8.515551 8.515847 8.516893 8.516969 8.517069 8.51707 8.517223 8.516414 8.51628 8.516361 8.516584 8.517566 8.517385 8.517339 8.517068 8.51698 8.516011 8.516105
8.518175 8.517987 8.518082 8.518001 8.517971 8.518036 8.517874 8.517937 8.517976 8.517993 8.517979 8.518072 8.518233 8.518327 8.518373 8.518358 8.518286 8.518298 8.518291 8.518528 8.518544 8.518545 8.518682 8.518632 8.518667 8.51871 8.518947 8.519016 8.518965 8.518802 8.518834 8.51882 8.518758 8.518714 8.518184 8.517667 8.517482 8.517373 8.517241 8.517118 8.517035 8.516954 8.516648 8.516178 8.515519 8.515528 8.515662 8.5165 8.517001 8.517205 8.517159 8.517097 8.516529 8.516326 8.516425 8.516421 8.51736 8.517462 8.517359 8.517088 8.51701 8.516124 8.516102
8.518156 8.518001 8.518107 8.518089 8.518052 8.518009 8.518065 8.51783 8.517957 8.517985 8.518024 8.518129 8.518266 8.518312 8.51846 8.518464 8.518344 8.51831 8.518312 8.518529 8.518534 8.518544 8.518623 8.518682 8.518794 8.518813 8.519058 8.51897 8.51903 8.518847 8.518832 8.518806 8.518753 8.518716 8.518333 8.517747 8.517518 8.517422 8.517272 8.517198 8.517097 8.516828 8.516644 8.516306 8.515554 8.515519 8.515579 8.516314 8.517142 8.517252 8.517175 8.51709 8.516743 8.516284 8.516397 8.516462 8.5172 8.517477 8.517391 8.517114 8.517027 8.516224 8.516127
8.518144 8.518015 8.518108 8.518167 8.518095 8.518028 8.518011 8.517841 8.517969 8.517979 8.51798 8.518231 8.518262 8.518383 8.518473 8.518487 8.518341 8.518366 8.518383 8.518594 8.518571 8.518601 8.5186 8.518734 8.518798 8.518832 8.518992 8.518991 8.51904 8.518884 8.518861 8.518815 8.518758 8.518782 8.51844 8.517783 8.517521 8.517488 8.517267 8.517228 8.5171 8.516853 8.516685 8.516441 8.515555 8.515549 8.515548 8.516204 8.517384 8.517336 8.517237 8.517139 8.517036 8.516305 8.516357 8.516414 8.517029 8.517483 8.517467 8.517313 8.517097 8.516285 8.516109
8.518129 8.517999 8.518155 8.518129 8.518107 8.518106 8.518025 8.517849 8.518003 8.517924 8.51804 8.518269 8.518346 8.518429 8.518486 8.518553 8.518528 8.518423 8.518385 8.518596 8.518552 8.518612 8.518644 8.518784 8.518791 8.518879 8.518982 8.519033 8.519072 8.518873 8.518886 8.518861 8.518846 8.518687 8.518652 8.517944 8.517649 8.51757 8.517344 8.517241 8.517148 8.516932 8.516576 8.516532 8.515602 8.515475 8.515568 8.516038 8.517381 8.517384 8.517284 8.517197 8.517035 8.516386 8.516382 8.51642 8.516932 8.517548 8.517407 8.517445 8.51711 8.516373 8.516054
8.518009 8.518032 8.518052 8.51813 8.518135 8.518065 8.517993 8.517904 8.518031 8.517941 8.518174 8.518237 8.518367 8.518443 8.51854 8.518533 8.518576 8.518395 8.518464 8.518586 8.518619 8.518683 8.518699 8.518766 8.518854 8.518815 8.518862 8.519062 8.519065 8.519045 8.518859 8.518863 8.518773 8.518787 8.518752 8.518152 8.517715 8.517675 8.517396 8.517249 8.517214 8.516903 8.516646 8.516658 8.515891 8.515567 8.515675 8.515877 8.517152 8.517402 8.517344 8.517241 8.517198 8.516388 8.516395 8.516366 8.51676 8.517623 8.517512 8.517509 8.517206 8.516432 8.516098
8.51797 8.518017 8.518033 8.518156 8.518144 8.518042 8.518 8.518121 8.517858 8.518078 8.518186 8.518306 8.518403 8.518445 8.518545 8.518571 8.518598 8.518499 8.518423 8.518588 8.518659 8.518641 8.518696 8.518758 8.518847 8.51878 8.518884 8.519099 8.519078 8.519071 8.518855 8.518846 8.51879 8.518804 8.518764 8.518281 8.517932 8.517741 8.517469 8.517319 8.517227 8.516948 8.516688 8.516652 8.516034 8.515644 8.51577 8.515821 8.516945 8.517427 8.51737 8.517343 8.517292 8.516362 8.516406 8.516373 8.516565 8.517586 8.51759 8.517552 8.517465 8.51659 8.516143
8.517965 8.517995 8.517982 8.518122 8.518027 8.518024 8.518008 8.518066 8.518042 8.518198 8.518207 8.51832 8.518425 8.518536 8.518562 8.51861 8.518611 8.518579 8.518425 8.518726 8.518658 8.518685 8.518719 8.518738 8.518761 8.518838 8.51891 8.519099 8.519063 8.519094 8.518868 8.518838 8.518917 8.518806 8.518782 8.518525 8.517947 8.517822 8.517633 8.517314 8.517181 8.51697 8.516734 8.516622 8.516302 8.515642 8.515823 8.515757 8.516695 8.517499 8.517394 8.517349 8.517293 8.516303 8.516416 8.516443 8.516467 8.517517 8.517694 8.517575 8.517425 8.51683 8.516178
8.517916 8.517941 8.518031 8.518064 8.518032 8.518041 8.51802 8.517956 8.518074 8.518175 8.518279 8.518369 8.518474 8.518536 8.5186 8.518632 8.518612 8.518599 8.518538 8.518743 8.518723 8.518694 8.518773 8.518738 8.518721 8.518862 8.518896 8.519141 8.519079 8.519023 8.518805 8.518832 8.518849 8.518806 8.518836 8.518742 8.51812 8.517844 8.517673 8.517333 8.517223 8.517004 8.516771 8.516655 8.516504 8.51576 8.515789 8.515765 8.516546 8.517462 8.517483 8.517369 8.517286 8.516531 8.516405 8.516467 8.516485 8.517295 8.517699 8.517594 8.517468 8.517006 8.516157
8.517899 8.517996 8.518035 8.518047 8.518029 8.518017 8.517962 8.518115 8.518198 8.5183 8.518266 8.51834 8.518444 8.518524 8.51859 8.518608 8.51864 8.518638 8.518546 8.518736 8.518804 8.518785 8.51874 8.518708 8.518743 8.518869 8.518888 8.518902 8.518999 8.519052 8.518986 8.518859 8.518889 8.518868 8.518789 8.518782 8.518225 8.517867 8.517742 8.517426 8.517245 8.517044 8.516803 8.516833 8.516665 8.515894 8.515765 8.51582 8.516331 8.517246 8.517513 8.517415 8.517302 8.516699 8.516416 8.516516 8.516477 8.517086 8.517646 8.517625 8.517507 8.517211 8.516212
8.517974 8.518017 8.517931 8.518061 8.518047 8.518037 8.518029 8.518192 8.518273 8.518286 8.518344 8.518388 8.51846 8.518502 8.51856 8.518631 8.518619 8.518613 8.518691 8.518886 8.518871 8.51879 8.51867 8.518774 8.518806 8.518826 8.518877 8.518862 8.519098 8.519011 8.519014 8.518868 8.518902 8.518904 8.518785 8.518785 8.518392 8.517869 8.517683 8.517482 8.51727 8.516991 8.516808 8.516862 8.516912 8.516093 8.515744 8.515825 8.516206 8.517101 8.517554 8.517443 8.517344 8.516833 8.516238 8.516509 8.5165 8.516971 8.517622 8.517561 8.517545 8.51728 8.516152
8.517991 8.518006 8.517944 8.517952 8.518025 8.518023 8.518123 8.518361 8.518375 8.518264 8.518418 8.518416 8.518485 8.518495 8.518546 8.518619 8.518642 8.518631 8.51872 8.518856 8.518838 8.518853 8.518752 8.518844 8.518844 8.51879 8.518799 8.518849 8.519061 8.519034 8.519065 8.518898 8.518903 8.518927 8.518787 8.518787 8.518587 8.517871 8.517733 8.517568 8.517343 8.517039 8.516937 8.516853 8.516912 8.51624 8.515767 8.515852 8.516136 8.516891 8.517565 8.517461 8.51737 8.516939 8.516248 8.516527 8.516496 8.516729 8.517664 8.51762 8.517604 8.517403 8.51615
8.518006 8.517947 8.517958 8.517961 8.518057 8.518058 8.518269 8.518358 8.5184 8.518381 8.518476 8.518444 8.518441 8.518538 8.518576 8.51862 8.518642 8.518692 8.518727 8.518902 8.518933 8.518804 8.518776 8.518802 8.518784 8.518719 8.5188 8.518886 8.519071 8.519019 8.519102 8.518903 8.518877 8.518862 8.518803 8.518792 8.518748 8.517945 8.517759 8.517619 8.517357 8.517171 8.516935 8.516969 8.516882 8.516406 8.515753 8.515806 8.516138 8.516627 8.517551 8.517467 8.517385 8.517112 8.516262 8.516505 8.51647 8.516572 8.517632 8.51764 8.517568 8.51751 8.516306
8.518023 8.517956 8.518002 8.518003 8.518047 8.51807 8.518321 8.51846 8.518453 8.51846 8.518502 8.518486 8.51851 8.518561 8.518564 8.518586 8.518657 8.518784 8.518832 8.519016 8.518949 8.518873 8.518917 8.518783 8.518762 8.518762 8.518811 8.5188 8.518815 8.519123 8.519115 8.519063 8.518935 8.518864 8.518861 8.518806 8.518869 8.518145 8.517807 8.51765 8.517407 8.517248 8.517091 8.51698 8.516922 8.516532 8.515817 8.515775 8.515934 8.5164 8.517321 8.517476 8.517436 8.517251 8.516342 8.516286 8.516451 8.516544 8.517427 8.517694 8.517603 8.517529 8.516359
8.517983 8.517987 8.518045 8.518011 8.518087 8.518187 8.518441 8.518508 8.518631 8.518588 8.518562 8.518615 8.51856 8.518595 8.5186 8.518652 8.518832 8.518854 8.518863 8.519059 8.518952 8.51904 8.518924 8.518765 8.518774 8.518771 8.518756 8.51881 8.518863 8.519154 8.519104 8.519101 8.518822 8.51885 8.518883 8.518766 8.518908 8.518327 8.517879 8.517655 8.517387 8.517293 8.517173 8.517018 8.51696 8.516719 8.516005 8.515793 8.515937 8.516178 8.517107 8.517514 8.517502 8.517341 8.516432 8.516202 8.516432 8.516506 8.517231 8.517719 8.517602 8.51749 8.516407
8.518246 8.518011 8.51811 8.518044 8.518194 8.518185 8.518529 8.518523 8.518633 8.518692 8.518575 8.518627 8.51859 8.518679 8.51868 8.518711 8.518848 8.518924 8.51892 8.519016 8.518963 8.51902 8.518942 8.518889 8.518766 8.518847 8.51879 8.518767 8.518899 8.519101 8.519088 8.519008 8.518868 8.518859 8.518852 8.518744 8.518866 8.518506 8.51779 8.517754 8.517504 8.517475 8.517206 8.517114 8.517041 8.516841 8.516036 8.515905 8.515939 8.516092 8.516906 8.517583 8.517507 8.517391 8.516479 8.516261 8.516474 8.516418 8.517013 8.517694 8.517643 8.517498 8.51643
8.51823 8.518036 8.518039 8.518039 8.518205 8.518373 8.518559 8.518678 8.51871 8.518735 8.51864 8.518661 8.51863 8.518657 8.518699 8.518785 8.518868 8.518932 8.518926 8.519128 8.519136 8.519048 8.519052 8.518921 8.518859 8.518796 8.518737 8.518762 8.518867 8.51911 8.519138 8.519049 8.518865 8.518877 8.51879 8.518757 8.51889 8.51862 8.517869 8.517782 8.517609 8.517483 8.517298 8.517235 8.517064 8.516979 8.516242 8.515908 8.51592 8.516095 8.516703 8.517631 8.51751 8.517465 8.516583 8.516266 8.516269 8.5164 8.516791 8.51771 8.517593 8.517527 8.516477
8.518274 8.518129 8.518036 8.518133 8.518128 8.518399 8.518558 8.518722 8.51873 8.518754 8.518692 8.518679 8.518711 8.518687 8.518781 8.518905 8.518902 8.518906 8.518923 8.519156 8.519113 8.519019 8.51903 8.518946 8.518911 8.518823 8.518813 8.518868 8.518895 8.518945 8.519128 8.519094 8.519056 8.518827 8.518815 8.518788 8.518929 8.518821 8.518126 8.517899 8.517754 8.517562 8.517357 8.517236 8.517079 8.516972 8.516369 8.515956 8.515925 8.516136 8.516511 8.517447 8.517543 8.517433 8.516732 8.516223 8.516248 8.516371 8.516584 8.517678 8.517589 8.517537 8.516531
8.518358 8.518256 8.518105 8.518044 8.518186 8.518495 8.518652 8.518727 8.518751 8.518765 8.518782 8.518675 8.518667 8.51867 8.518836 8.518889 8.518913 8.518925 8.518928 8.519169 8.519132 8.519023 8.51905 8.519127 8.518961 8.518827 8.518805 8.518887 8.518853 8.518973 8.519149 8.519132 8.519078 8.518856 8.518827 8.51899 8.518892 8.518952 8.518314 8.518036 8.517801 8.517629 8.517361 8.517236 8.517161 8.517044 8.516484 8.516055 8.515891 8.516117 8.516301 8.517245 8.517577 8.517457 8.516829 8.51618 8.516217 8.516361 8.51639 8.517512 8.517616 8.517531 8.516636
8.518342 8.518322 8.518129 8.518148 8.518252 8.518523 8.518686 8.518725 8.518762 8.518767 8.518767 8.518691 8.518686 8.518786 8.518908 8.518888 8.51889 8.518898 8.518932 8.519152 8.519147 8.519123 8.519121 8.519075 8.518981 8.518917 8.518939 8.518899 8.518986 8.518955 8.51916 8.519178 8.519075 8.518857 8.518874 8.518923 8.518887 8.518967 8.51865 8.518082 8.517878 8.517717 8.517407 8.517293 8.517166 8.517118 8.516631 8.516082 8.515937 8.516127 8.516118 8.516997 8.517566 8.517462 8.516903 8.516307 8.516224 8.516178 8.51641 8.517264 8.51761 8.517602 8.516713
8.51833 8.518364 8.518242 8.51822 8.518367 8.51872 8.518726 8.518729 8.518716 8.518742 8.518759 8.518717 8.518742 8.518811 8.518855 8.518869 8.518953 8.518906 8.518921 8.51917 8.519157 8.519143 8.519076 8.519073 8.51903 8.518911 8.518892 8.518935 8.518977 8.518917 8.519184 8.519161 8.51912 8.518942 8.518921 8.518956 8.518956 8.518977 8.518904 8.518185 8.517944 8.517764 8.517398 8.517337 8.51726 8.517179 8.516793 8.516211 8.5159 8.516124 8.516088 8.516759 8.517612 8.517473 8.516993 8.516376 8.516159 8.516161 8.516308 8.517033 8.51765 8.517593 8.516848
8.518328 8.518402 8.518409 8.518382 8.518445 8.518773 8.518748 8.518762 8.518759 8.518766 8.518752 8.518684 8.518762 8.518833 8.518861 8.51887 8.518872 8.518911 8.518944 8.519156 8.519169 8.519218 8.519048 8.519014 8.519018 8.519011 8.518961 8.518991 8.518932 8.518962 8.518991 8.519143 8.519177 8.519128 8.51885 8.519041 8.519041 8.519158 8.519151 8.518432 8.517967 8.517855 8.517447 8.517365 8.517307 8.517206 8.517028 8.516315 8.515939 8.516124 8.516128 8.516552 8.517461 8.517487 8.517131 8.516341 8.516151 8.516103 8.516186 8.516777 8.51762 8.517664 8.516926
8.518374 8.51837 8.518431 8.518667 8.518523 8.518745 8.518738 8.518771 8.518757 8.518767 8.518804 8.518921 8.518829 8.518817 8.51885 8.518826 8.518857 8.518892 8.51894 8.519145 8.51924 8.519195 8.519114 8.518995 8.518999 8.519091 8.519076 8.518962 8.518961 8.51895 8.518886 8.519136 8.519189 8.519104 8.518883 8.519049 8.519108 8.519233 8.519333 8.518653 8.518044 8.517924 8.517548 8.517443 8.517359 8.517223 8.517219 8.516494 8.516079 8.516106 8.516031 8.516278 8.517208 8.517488 8.517256 8.516368 8.516115 8.516048 8.516005 8.516647 8.517679 8.517601 8.516941
8.518448 8.518451 8.518567 8.518711 8.518595 8.518703 8.518757 8.518786 8.518797 8.518788 8.518856 8.5189 8.518793 8.518843 8.518874 8.518865 8.518852 8.518902 8.518929 8.519125 8.519154 8.519118 8.519089 8.518983 8.519094 8.519208 8.519104 8.519058 8.518958 8.518896 8.51892 8.51919 8.519167 8.519123 8.518957 8.519066 8.519212 8.519308 8.51934 8.518845 8.518093 8.51799 8.517635 8.517482 8.517389 8.517369 8.517248 8.516685 8.516149 8.516089 8.516069 8.516066 8.517006 8.517527 8.517419 8.516335 8.516003 8.516054 8.515993 8.516462 8.517612 8.517561 8.517038
8.518431 8.518456 8.518643 8.51876 8.518725 8.518703 8.518811 8.518816 8.518823 8.518791 8.518888 8.518897 8.518884 8.518817 8.518775 8.518868 8.518879 8.518917 8.518894 8.519196 8.519103 8.519091 8.519045 8.51897 8.519114 8.519192 8.519141 8.519016 8.518957 8.518907 8.518959 8.519158 8.519123 8.519202 8.518999 8.519139 8.51938 8.519344 8.519354 8.51902 8.518136 8.517983 8.517732 8.517516 8.517488 8.517405 8.517295 8.51683 8.516242 8.516096 8.516045 8.516034 8.516782 8.517589 8.517479 8.516393 8.516073 8.51606 8.516061 8.516343 8.5174 8.51757 8.517139
8.518401 8.518588 8.518683 8.518796 8.518957 8.51877 8.518802 8.518759 8.518772 8.518888 8.518877 8.518899 8.518868 8.518892 8.518858 8.518863 8.518889 8.518921 8.518984 8.519099 8.519071 8.51905 8.519056 8.519175 8.51917 8.519194 8.51912 8.519005 8.518966 8.518933 8.518946 8.518903 8.519146 8.519178 8.519249 8.51937 8.5194 8.519385 8.519341 8.519202 8.518297 8.517983 8.517766 8.517625 8.517515 8.51744 8.517337 8.517016 8.516243 8.515917 8.516045 8.515998 8.516581 8.517528 8.517431 8.516526 8.516222 8.516061 8.516158 8.516129 8.51717 8.517604 8.5172
8.518636 8.518728 8.518809 8.518821 8.518978 8.518787 8.518813 8.518811 8.518922 8.518888 8.518893 8.518872 8.518957 8.518847 8.518826 8.518833 8.518947 8.518938 8.518942 8.519076 8.51904 8.519037 8.519069 8.519251 8.519181 8.519107 8.519113 8.519024 8.519018 8.518935 8.518935 8.518904 8.519183 8.519172 8.519255 8.519424 8.519387 8.519372 8.519327 8.519207 8.518485 8.518101 8.517885 8.517681 8.517539 8.517461 8.517329 8.517113 8.51632 8.516081 8.51606 8.516045 8.516356 8.517245 8.517477 8.516673 8.516287 8.516141 8.516174 8.51603 8.516985 8.517585 8.517335
