inputs/Middelgrunden/Resource grid 1   Sector 10   Height 64m   Weibull-A.grd
DSAA
 111           201 
 728800        731000
 6176000       6180000
 6.513293      9.127136
[rows 168 to 195 of 201, columns 0 to 62 of 111]
8.189595 8.198207 8.196353 8.207315 8.220036 8.233249 8.247893 8.263187 8.278337 8.293259 8.307796 8.323017 8.338722 8.352241 8.364986 8.391594 8.403814 8.395391 8.396441 8.407869 8.394136 8.400619 8.406838 8.4141 8.425555 8.436926 8.452245 8.456111 8.466994 8.477851 8.48914 8.500212 8.511303 8.529606 8.539269 8.5512 8.560595 8.565527 8.568583 8.576643 8.576175 8.584871 8.594295 8.603914 8.612746 8.620047 8.627528 8.634136 8.642057 8.649041 8.657418 8.665874 8.674168 8.682364 8.690201 8.698166 8.706247 8.714158 8.722137 8.729955 8.754818 8.75806 8.76475
8.179266 8.193584 8.207009 8.22074 8.23439 8.246733 8.259763 8.274945 8.290004 8.305371 8.320691 8.335672 8.349833 8.353456 8.343567 8.348047 8.352948 8.358039 8.378253 8.382566 8.394259 8.407234 8.419485 8.419399 8.431306 8.457098 8.468091 8.478617 8.488951 8.498942 8.508874 8.521334 8.530252 8.5291 8.53813 8.548826 8.55759 8.55817 8.564987 8.573376 8.584492 8.595081 8.602808 8.609733 8.616831 8.624759 8.622408 8.630492 8.63823 8.64614 8.654332 8.662289 8.680221 8.68819 8.696147 8.704171 8.710138 8.7183 8.72485 8.731172 8.738396 8.747585 8.746122
8.183528 8.197232 8.20972 8.224446 8.240823 8.25642 8.271848 8.286864 8.301309 8.307577 8.297921 8.302658 8.307176 8.326612 8.333637 8.328967 8.340482 8.350559 8.361924 8.373578 8.385242 8.410019 8.421099 8.432044 8.443211 8.453987 8.457149 8.46931 8.479563 8.492143 8.493101 8.501981 8.511578 8.521514 8.530056 8.538378 8.546494 8.554778 8.577044 8.584875 8.593084 8.588661 8.597136 8.629906 8.6384 8.646048 8.653404 8.662888 8.671166 8.679747 8.68484 8.69715 8.701151 8.707894 8.71325 8.695192 8.702043 8.710558 8.716386 8.72232 8.728575 8.735102 8.742062
8.172541 8.190167 8.20607 8.219986 8.232509 8.232554 8.239174 8.250312 8.26365 8.273065 8.267555 8.279244 8.291858 8.304227 8.321195 8.333504 8.344976 8.355225 8.365165 8.375312 8.404924 8.413489 8.406897 8.417447 8.442663 8.451618 8.46146 8.471294 8.467865 8.476557 8.485283 8.492956 8.500152 8.509392 8.525913 8.536455 8.546051 8.555841 8.565651 8.592744 8.601775 8.61075 8.619809 8.628853 8.642055 8.647884 8.650687 8.657132 8.664101 8.65284 8.659488 8.66636 8.690957 8.68719 8.705403 8.712807 8.720227 8.727827 8.7361 8.743761 8.752451 8.761081 8.769421
8.174317 8.181681 8.185082 8.180366 8.186349 8.19181 8.200548 8.213947 8.227199 8.240433 8.273471 8.287483 8.301741 8.315982 8.329843 8.333086 8.345856 8.361061 8.374681 8.385937 8.396736 8.407374 8.417446 8.426188 8.434947 8.448394 8.437874 8.446627 8.45626 8.465874 8.475376 8.485435 8.494854 8.504589 8.514218 8.52391 8.557558 8.566938 8.576134 8.554688 8.564544 8.569595 8.576547 8.585876 8.601206 8.609694 8.610095 8.625192 8.650756 8.658152 8.666109 8.674856 8.682417 8.690724 8.698727 8.707095 8.715961 8.725135 8.735106 8.744598 8.754124 8.763166 8.772072
8.190373 8.17067 8.16923 8.181481 8.192821 8.200236 8.217954 8.209251 8.220089 8.249986 8.26005 8.270826 8.283765 8.301821 8.313149 8.327127 8.32344 8.334621 8.345466 8.353948 8.363147 8.373646 8.386393 8.400417 8.415485 8.428032 8.438995 8.458329 8.468412 8.478012 8.496641 8.506399 8.513862 8.513042 8.511104 8.516485 8.52523 8.53404 8.542917 8.551709 8.560436 8.568915 8.57784 8.600326 8.60795 8.617334 8.625397 8.633533 8.641823 8.649808 8.657645 8.666439 8.67646 8.686445 8.69651 8.706755 8.716209 8.725684 8.735067 8.744253 8.754058 8.751249 8.761469
8.155693 8.167614 8.178555 8.189974 8.199547 8.21003 8.219352 8.22769 8.241532 8.237026 8.255519 8.285039 8.289692 8.297083 8.305681 8.314301 8.325588 8.337321 8.349255 8.34269 8.354504 8.366195 8.392816 8.406443 8.417555 8.427563 8.437951 8.446874 8.453252 8.45626 8.464214 8.47109 8.462529 8.491125 8.499552 8.506495 8.515019 8.524007 8.532433 8.542477 8.55114 8.559413 8.568025 8.576549 8.588531 8.596385 8.605667 8.616213 8.626769 8.637257 8.647313 8.657414 8.667377 8.677333 8.687341 8.69726 8.70876 8.719278 8.72966 8.73814 8.748299 8.744154 8.752531
8.13069 8.147639 8.161465 8.175307 8.189538 8.202055 8.213132 8.221627 8.232795 8.26842 8.276318 8.287642 8.299448 8.311224 8.323023 8.334631 8.349048 8.35187 8.355092 8.366075 8.376711 8.389253 8.392201 8.400879 8.40529 8.413482 8.42165 8.430797 8.439048 8.447485 8.456381 8.465316 8.473815 8.482429 8.491013 8.499433 8.508342 8.516584 8.524014 8.531909 8.539872 8.549284 8.5592 8.570518 8.581491 8.596244 8.606579 8.616419 8.626099 8.635715 8.644814 8.654785 8.665301 8.675523 8.685691 8.695852 8.706188 8.716632 8.727112 8.737853 8.747834 8.747772 8.75761
8.131204 8.142335 8.167362 8.181455 8.193428 8.207422 8.220777 8.235015 8.250303 8.264455 8.278923 8.293133 8.306723 8.319677 8.334316 8.344152 8.352209 8.35269 8.356309 8.363896 8.375006 8.379284 8.389118 8.395705 8.395099 8.40316 8.426078 8.43414 8.44218 8.450351 8.457392 8.465313 8.472732 8.465885 8.487604 8.496932 8.503983 8.512882 8.52299 8.536261 8.546983 8.557664 8.568423 8.578068 8.588157 8.597951 8.607836 8.618716 8.622844 8.633273 8.643808 8.648417 8.659567 8.671153 8.682617 8.69616 8.705995 8.715955 8.724508 8.734225 8.761094 8.770163 8.778629
8.148738 8.162204 8.175557 8.189455 8.202361 8.216307 8.231033 8.244994 8.258526 8.272 8.269617 8.282961 8.288206 8.298635 8.308563 8.318272 8.327964 8.336752 8.344275 8.352165 8.365654 8.373799 8.381903 8.402477 8.409578 8.416852 8.40888 8.4142 8.438441 8.435347 8.44206 8.450666 8.460983 8.471299 8.483558 8.494319 8.505116 8.515569 8.525875 8.535426 8.544834 8.554064 8.561652 8.57223 8.582685 8.592896 8.602849 8.61337 8.624043 8.626673 8.658718 8.6462 8.655693 8.676062 8.686859 8.698751 8.710026 8.717454 8.736873 8.735913 8.763866 8.772802 8.781309
8.153063 8.167182 8.180182 8.192245 8.211204 8.220479 8.226184 8.234581 8.244562 8.25425 8.261838 8.271713 8.279765 8.288352 8.297347 8.306916 8.338422 8.34756 8.357072 8.365079 8.37093 8.361466 8.371424 8.380115 8.389721 8.400429 8.410161 8.419863 8.429473 8.438478 8.448723 8.458958 8.468992 8.48193 8.494796 8.496344 8.505693 8.515748 8.527118 8.538412 8.548001 8.558998 8.594264 8.605057 8.592902 8.604524 8.616053 8.615883 8.625774 8.639104 8.660213 8.670741 8.680144 8.690327 8.698659 8.716715 8.724019 8.731674 8.738616 8.755983 8.758218 8.763801 8.769573
8.179049 8.188222 8.169849 8.182549 8.193113 8.203376 8.243184 8.223676 8.233222 8.24315 8.253546 8.264066 8.274835 8.285545 8.285797 8.302536 8.309231 8.317204 8.328563 8.339743 8.350061 8.360406 8.37032 8.380597 8.390864 8.400162 8.410026 8.420009 8.429429 8.438835 8.448586 8.465797 8.475295 8.484533 8.495704 8.50749 8.519427 8.531182 8.54192 8.550493 8.575107 8.575107 8.577396 8.586691 8.596342 8.606212 8.615894 8.635566 8.64494 8.663791 8.672551 8.681042 8.690898 8.696217 8.702888 8.70958 8.715863 8.728293 8.733335 8.732591 8.739733 8.765873 8.770975
8.120701 8.131655 8.142638 8.153404 8.167642 8.186378 8.201842 8.213006 8.224496 8.231516 8.240487 8.24977 8.260984 8.273104 8.283506 8.295121 8.307155 8.314466 8.325729 8.336798 8.347258 8.356822 8.374347 8.384847 8.395134 8.405482 8.415532 8.42581 8.431052 8.445137 8.450022 8.478343 8.478514 8.489019 8.501649 8.515087 8.52889 8.543058 8.553726 8.564405 8.571476 8.581732 8.591788 8.602162 8.609152 8.611674 8.625264 8.643575 8.649307 8.654355 8.660983 8.667929 8.674366 8.681585 8.689267 8.696858 8.704279 8.711592 8.718878 8.727551 8.73459 8.742134 8.749279
8.11543 8.132314 8.137606 8.165166 8.167698 8.175467 8.184749 8.178881 8.194972 8.227627 8.243838 8.235269 8.248687 8.260981 8.277389 8.290097 8.302065 8.315226 8.328267 8.339513 8.372175 8.382376 8.392025 8.402601 8.412869 8.406441 8.418579 8.431273 8.459465 8.468115 8.479177 8.490107 8.501265 8.493194 8.504007 8.514588 8.524252 8.542375 8.551708 8.560803 8.569738 8.578165 8.586011 8.59345 8.600624 8.624693 8.632691 8.640734 8.647213 8.65472 8.656232 8.662621 8.664763 8.67217 8.680733 8.689224 8.697286 8.705535 8.727767 8.735312 8.742787 8.749907 8.757238
8.124976 8.11664 8.125177 8.133207 8.153304 8.16271 8.171581 8.178882 8.18997 8.203134 8.216426 8.228863 8.26486 8.27915 8.298409 8.307808 8.32605 8.342724 8.335888 8.350743 8.364361 8.375855 8.386642 8.419935 8.430452 8.439873 8.449514 8.455891 8.464612 8.472753 8.481292 8.490064 8.498672 8.507207 8.515677 8.524721 8.533931 8.543221 8.551156 8.560857 8.568911 8.577628 8.586322 8.594364 8.602978 8.611273 8.620046 8.628364 8.637321 8.645114 8.65256 8.66629 8.674286 8.663291 8.672393 8.680637 8.705915 8.712108 8.718125 8.726894 8.735671 8.743892 8.752556
8.090245 8.101759 8.113231 8.125711 8.139036 8.152603 8.166181 8.178439 8.188694 8.209572 8.219475 8.228533 8.235914 8.246407 8.257377 8.26818 8.27932 8.325267 8.336554 8.347389 8.36104 8.374101 8.390084 8.401487 8.407637 8.417477 8.427048 8.436969 8.447585 8.452275 8.46148 8.47093 8.481509 8.491529 8.500138 8.514062 8.521099 8.528299 8.525329 8.551492 8.560184 8.567596 8.575573 8.583372 8.592691 8.597534 8.607583 8.617409 8.631241 8.640479 8.648686 8.642994 8.652636 8.661847 8.671508 8.681144 8.690934 8.701161 8.711587 8.719598 8.727495 8.724611 8.740887
8.101992 8.116234 8.12994 8.143674 8.155454 8.168499 8.181173 8.195115 8.208865 8.222243 8.23489 8.249613 8.255858 8.262757 8.28103 8.289289 8.310269 8.315063 8.331528 8.327329 8.338027 8.335268 8.366912 8.377539 8.383522 8.394197 8.406728 8.412648 8.438932 8.438075 8.446299 8.454396 8.462242 8.470937 8.495829 8.505172 8.512661 8.520174 8.528989 8.538781 8.548152 8.557973 8.567466 8.576677 8.589105 8.598623 8.6037 8.612352 8.62108 8.635651 8.645126 8.655366 8.665987 8.676149 8.686005 8.693928 8.695006 8.701244 8.695273 8.701795 8.712535 8.719774 8.721986
8.109149 8.136877 8.149418 8.16192 8.164031 8.175996 8.187559 8.199087 8.209811 8.214278 8.22494 8.235766 8.250407 8.262344 8.276488 8.28664 8.299348 8.309129 8.318726 8.329144 8.35956 8.377172 8.387419 8.397275 8.404392 8.41012 8.397306 8.422538 8.42837 8.41872 8.426314 8.451597 8.462286 8.471224 8.480715 8.489575 8.499517 8.508927 8.518255 8.528194 8.537997 8.531188 8.536341 8.545096 8.569038 8.579097 8.589359 8.599749 8.610279 8.620748 8.630199 8.643428 8.650441 8.657324 8.665346 8.671965 8.679526 8.687329 8.680738 8.7028 8.711181 8.720199 8.730515
8.109266 8.119845 8.132307 8.145341 8.158713 8.171817 8.18466 8.197718 8.209661 8.232061 8.244549 8.257288 8.269986 8.288807 8.297759 8.319359 8.332591 8.330608 8.342269 8.35346 8.363037 8.365636 8.371241 8.397604 8.405295 8.392529 8.421638 8.430835 8.439653 8.448396 8.438992 8.447707 8.456222 8.46362 8.470484 8.477478 8.485108 8.493921 8.504386 8.515804 8.527061 8.538209 8.549384 8.559829 8.568911 8.578114 8.600503 8.608272 8.608682 8.615102 8.621515 8.63141 8.635805 8.639691 8.645392 8.65091 8.657012 8.66586 8.675883 8.685815 8.695646 8.706275 8.716698
8.113225 8.125937 8.138247 8.150553 8.162597 8.175344 8.18839 8.200959 8.23157 8.23579 8.246478 8.258499 8.262077 8.277949 8.298501 8.311085 8.323144 8.331946 8.340303 8.349367 8.358724 8.367869 8.37674 8.385962 8.395076 8.402582 8.408922 8.411081 8.442101 8.431168 8.44197 8.451843 8.461323 8.470967 8.480598 8.518683 8.529897 8.541026 8.542036 8.552956 8.563834 8.574748 8.583129 8.591666 8.603514 8.607974 8.610989 8.595333 8.600928 8.624369 8.628969 8.630826 8.636942 8.643022 8.650857 8.661295 8.670723 8.680494 8.690211 8.699071 8.707424 8.71603 8.724801
8.141457 8.138712 8.151805 8.170072 8.183542 8.185191 8.195516 8.204949 8.214336 8.227927 8.241899 8.254454 8.266664 8.278152 8.289738 8.301019 8.313029 8.32499 8.336833 8.34824 8.360447 8.368886 8.37913 8.389697 8.401618 8.410785 8.42092 8.430742 8.440533 8.44895 8.449026 8.456923 8.46549 8.49664 8.507955 8.519412 8.515426 8.526428 8.535311 8.555781 8.563202 8.57036 8.584941 8.590144 8.595617 8.601016 8.605799 8.596758 8.620148 8.633872 8.64149 8.647227 8.65364 8.660248 8.651626 8.658849 8.679043 8.686942 8.69518 8.701365 8.708959 8.717092 8.725245
8.138952 8.142337 8.153135 8.163535 8.173202 8.188332 8.205887 8.191507 8.204814 8.215455 8.227425 8.239603 8.252387 8.276145 8.289468 8.302752 8.315865 8.328924 8.341904 8.353729 8.364745 8.375204 8.386013 8.39674 8.407218 8.408162 8.417612 8.427917 8.446333 8.456269 8.466541 8.477146 8.487738 8.497637 8.49641 8.502681 8.509391 8.539681 8.555864 8.545644 8.556682 8.561261 8.565749 8.570031 8.581857 8.583281 8.59146 8.599732 8.607881 8.615155 8.623068 8.630656 8.638435 8.646092 8.655327 8.666137 8.675484 8.68494 8.692913 8.721974 8.727672 8.714168 8.72161
8.150078 8.113342 8.140444 8.150566 8.161126 8.174543 8.175642 8.201924 8.216038 8.234464 8.254948 8.256323 8.269677 8.282857 8.295938 8.308841 8.321821 8.334889 8.359245 8.345845 8.356695 8.368017 8.378816 8.388687 8.398532 8.407968 8.417335 8.426075 8.444749 8.454516 8.452969 8.470107 8.477635 8.485987 8.489388 8.49488 8.50202 8.515048 8.522251 8.526275 8.53416 8.543978 8.552106 8.562238 8.570813 8.578126 8.585958 8.5939 8.611143 8.619743 8.628349 8.63694 8.6451 8.653641 8.662479 8.671704 8.675793 8.683883 8.691948 8.700779 8.710445 8.751276 8.748154
8.141147 8.154784 8.15418 8.181327 8.194826 8.208899 8.166166 8.203322 8.221551 8.237242 8.251533 8.263823 8.275961 8.289533 8.31037 8.312396 8.331862 8.331899 8.348763 8.358898 8.382511 8.38992 8.399649 8.411121 8.422489 8.420245 8.428955 8.43749 8.45844 8.455507 8.472464 8.478298 8.469272 8.488805 8.474682 8.479091 8.487185 8.496232 8.503981 8.513433 8.522975 8.532301 8.543591 8.55251 8.565033 8.575039 8.581569 8.595454 8.605303 8.614355 8.628519 8.637623 8.646176 8.648543 8.656611 8.674644 8.682454 8.690332 8.698129 8.706889 8.712416 8.707677 8.711729
8.122597 8.135297 8.147935 8.164856 8.176569 8.182583 8.194176 8.205616 8.217261 8.22826 8.238715 8.24779 8.22434 8.221848 8.226449 8.244528 8.284476 8.300582 8.323494 8.340581 8.355412 8.364531 8.373314 8.381842 8.391483 8.399878 8.407596 8.415159 8.422013 8.428425 8.434759 8.443081 8.464714 8.474106 8.483704 8.493334 8.502753 8.511848 8.511839 8.520453 8.529613 8.543778 8.552907 8.561829 8.570656 8.579344 8.57496 8.584489 8.592163 8.615137 8.627867 8.636846 8.645939 8.642794 8.649861 8.656698 8.663529 8.670099 8.675392 8.681503 8.687243 8.69345 8.700298
8.102756 8.11582 8.128766 8.141403 8.153945 8.165902 8.177647 8.189391 8.202231 8.215775 8.229031 8.241774 8.254907 8.268013 8.281019 8.293904 8.306265 8.309618 8.326797 8.309052 8.305231 8.314155 8.332182 8.343812 8.359719 8.387154 8.395282 8.40318 8.412344 8.421298 8.430058 8.439268 8.448461 8.452169 8.462178 8.473057 8.483733 8.494604 8.505479 8.515554 8.52581 8.536112 8.538351 8.546928 8.556185 8.566091 8.58011 8.589598 8.598017 8.604967 8.609504 8.613595 8.618398 8.624603 8.632105 8.638569 8.646118 8.651803 8.657635 8.665907 8.677275 8.688827 8.699245
8.119168 8.132623 8.127295 8.14119 8.154588 8.169043 8.182835 8.196356 8.21045 8.224099 8.23535 8.248698 8.263345 8.274075 8.3 8.310719 8.318196 8.327405 8.351395 8.351758 8.358461 8.363929 8.367685 8.349936 8.368604 8.35121 8.363811 8.377999 8.390941 8.399046 8.40689 8.416303 8.425339 8.445099 8.456463 8.458713 8.47072 8.481739 8.492771 8.50359 8.51436 8.524906 8.535375 8.538389 8.547076 8.555801 8.563804 8.56865 8.581356 8.588755 8.596832 8.603918 8.611268 8.617903 8.622079 8.629464 8.638954 8.650153 8.654143 8.664035 8.675019 8.684931 8.70045
8.105798 8.120102 8.134288 8.148502 8.162632 8.177546 8.192481 8.205956 8.219505 8.231212 8.242667 8.269354 8.28908 8.297853 8.292342 8.307401 8.313038 8.318633 8.323258 8.333865 8.344035 8.354109 8.364017 8.3739 8.382998 8.390186 8.397604 8.406114 8.414749 8.407053 8.402719 8.410654 8.425031 8.445876 8.456109 8.465899 8.475964 8.485242 8.494185 8.503857 8.514133 8.523439 8.532923 8.542292 8.551416 8.549408 8.557525 8.565553 8.57298 8.580809 8.588699 8.597953 8.607909 8.620555 8.628538 8.638445 8.658519 8.668225 8.669217 8.677553 8.678483 8.687828 8.706873
