inputs/Middelgrunden/Resource grid 1   Sector 12   Height 64m   Weibull-A.grd
DSAA
 111           201 
 728800        731000
 6176000       6180000
 6.590877      7.378915
[rows 112 to 139 of 201, columns 0 to 62 of 111]
7.092347 7.09403 7.09792 7.099234 7.100419 7.101789 7.103341 7.105443 7.107023 7.109588 7.113096 7.117808 7.122262 7.12736 7.132364 7.136245 7.139706 7.144397 7.14825 7.151666 7.160939 7.164518 7.168529 7.190826 7.195803 7.204836 7.210358 7.215126 7.222374 7.231872 7.233736 7.223922 7.231614 7.233312 7.23484 7.236523 7.238255 7.240024 7.241518 7.243791 7.246261 7.248662 7.250497 7.25262 7.254443 7.256141 7.257658 7.259364 7.261311 7.26322 7.26497 7.266712 7.268848 7.270556 7.272293 7.295357 7.296574 7.297204 7.297861 7.29853 7.29927 7.299965 7.300698
7.093974 7.095169 7.096368 7.097634 7.099193 7.100717 7.102545 7.104567 7.106936 7.110384 7.114661 7.118608 7.123589 7.128724 7.133194 7.136591 7.141158 7.145308 7.148626 7.151766 7.161555 7.165843 7.169532 7.192887 7.201886 7.207511 7.212633 7.220754 7.230458 7.232152 7.233921 7.230158 7.231917 7.233443 7.235036 7.236732 7.238386 7.240139 7.24234 7.244783 7.247193 7.249415 7.251198 7.253028 7.254719 7.256117 7.257634 7.259772 7.261575 7.263693 7.265285 7.267422 7.26918 7.270889 7.294155 7.29552 7.296227 7.296898 7.297622 7.298233 7.298933 7.299647 7.307419
7.091678 7.093409 7.094519 7.096643 7.098119 7.099866 7.102006 7.104236 7.107706 7.111303 7.115828 7.120044 7.124981 7.130081 7.133372 7.137722 7.142311 7.145821 7.1488 7.159152 7.163238 7.166581 7.189899 7.19601 7.204593 7.210017 7.21517 7.229078 7.230776 7.232403 7.222712 7.230523 7.232061 7.233521 7.235252 7.23692 7.238515 7.240832 7.243237 7.24581 7.247977 7.250163 7.251715 7.253145 7.254694 7.256125 7.257965 7.259905 7.261911 7.264 7.265657 7.267739 7.269561 7.27081 7.293996 7.295182 7.295935 7.296582 7.297336 7.297989 7.298778 7.306513 7.307258
7.090913 7.091372 7.094191 7.095657 7.097033 7.098378 7.101782 7.104835 7.108497 7.113681 7.117456 7.122306 7.127175 7.130014 7.1345 7.138734 7.142942 7.146802 7.156876 7.161108 7.164449 7.168636 7.193212 7.201816 7.207123 7.212636 7.227524 7.229208 7.231071 7.232668 7.22902 7.230573 7.232009 7.23363 7.235366 7.237003 7.239154 7.241684 7.24431 7.246589 7.248717 7.250502 7.251579 7.253254 7.254637 7.256482 7.258452 7.260304 7.262465 7.2643 7.266104 7.267995 7.269369 7.292809 7.294176 7.294961 7.29563 7.296383 7.297178 7.297778 7.305528 7.306346 7.307083
7.088363 7.0899 7.093079 7.095019 7.096455 7.099272 7.102382 7.10553 7.110334 7.115254 7.119641 7.124612 7.128006 7.131814 7.135734 7.14085 7.144872 7.148724 7.158869 7.162595 7.166561 7.190665 7.199736 7.205023 7.210547 7.218819 7.227834 7.229471 7.231274 7.227561 7.229163 7.230482 7.232113 7.233824 7.235363 7.237572 7.239913 7.242744 7.245046 7.247267 7.249237 7.250316 7.251592 7.25316 7.255104 7.256951 7.258744 7.260879 7.262979 7.264629 7.266657 7.267933 7.269215 7.292716 7.293968 7.294712 7.29549 7.296114 7.296868 7.297638 7.305395 7.306114 7.298884
7.086842 7.09038 7.092829 7.094371 7.096566 7.099857 7.103009 7.106815 7.113107 7.117108 7.121909 7.126088 7.129726 7.133638 7.138344 7.143007 7.146828 7.156932 7.160451 7.164466 7.169591 7.194359 7.202914 7.208192 7.216862 7.22617 7.227977 7.229672 7.231539 7.22764 7.228987 7.230657 7.232356 7.233763 7.235987 7.238381 7.241023 7.243601 7.245789 7.247807 7.249059 7.250167 7.251586 7.253475 7.255421 7.25715 7.259108 7.261364 7.263303 7.2651 7.266619 7.267749 7.291425 7.293029 7.293791 7.294504 7.295209 7.295913 7.296596 7.304538 7.305128 7.305934 7.298691
7.08775 7.089248 7.092278 7.09353 7.097362 7.100309 7.103704 7.110835 7.114742 7.1193 7.124114 7.12758 7.131493 7.13611 7.141001 7.14489 7.15503 7.158456 7.161994 7.167196 7.191713 7.200824 7.20614 7.214712 7.224476 7.226175 7.228037 7.229903 7.226261 7.2275 7.229019 7.230719 7.232233 7.234423 7.236811 7.239452 7.241963 7.244305 7.246374 7.247596 7.248944 7.250158 7.25203 7.253929 7.255787 7.257626 7.259714 7.261472 7.263553 7.265069 7.26641 7.267624 7.291411 7.29278 7.293507 7.294209 7.294928 7.295652 7.303553 7.304405 7.305065 7.297789 7.29868
7.086545 7.090016 7.092027 7.094616 7.097932 7.100968 7.108739 7.112583 7.116657 7.121582 7.125561 7.12941 7.133935 7.138626 7.142924 7.153095 7.15683 7.159986 7.164574 7.170696 7.195348 7.203927 7.211846 7.222582 7.224627 7.226319 7.228267 7.224718 7.225965 7.227601 7.22912 7.230726 7.232713 7.235279 7.237815 7.240397 7.242798 7.244897 7.246163 7.247515 7.248836 7.250705 7.252386 7.25423 7.25604 7.258098 7.260277 7.261817 7.263582 7.264848 7.266234 7.290218 7.291624 7.292448 7.293168 7.293923 7.294733 7.302583 7.303452 7.304291 7.305114 7.297702 7.298665
7.085594 7.08949 7.091231 7.095271 7.098139 7.106268 7.110212 7.114326 7.118957 7.123559 7.127256 7.131144 7.136616 7.140997 7.144806 7.155067 7.158192 7.162196 7.168087 7.192445 7.201732 7.203899 7.213926 7.222915 7.224689 7.226597 7.228457 7.224391 7.225946 7.227699 7.229174 7.23114 7.233721 7.236197 7.238801 7.241119 7.243421 7.244781 7.246105 7.247423 7.249056 7.250984 7.252674 7.254546 7.256582 7.258579 7.260593 7.261669 7.26343 7.264695 7.266012 7.290061 7.291296 7.292046 7.292921 7.293709 7.301659 7.302509 7.303302 7.304134 7.296858 7.297684 7.298593
7.087276 7.087997 7.092403 7.095459 7.099249 7.10803 7.11173 7.116254 7.121377 7.125135 7.129099 7.134387 7.138735 7.142837 7.153161 7.156453 7.159926 7.165786 7.171216 7.196273 7.201653 7.211455 7.221145 7.223054 7.224854 7.226808 7.22263 7.224387 7.226041 7.227634 7.229445 7.231916 7.234556 7.237224 7.239538 7.241826 7.243313 7.244737 7.246021 7.247477 7.249575 7.251294 7.253059 7.254905 7.257009 7.259224 7.260457 7.261556 7.263258 7.264454 7.288835 7.290243 7.291021 7.291785 7.292683 7.300656 7.301538 7.302341 7.303092 7.303936 7.296794 7.297602 7.298429
7.084916 7.089242 7.092805 7.096066 7.105978 7.109498 7.113712 7.119307 7.123123 7.127009 7.132005 7.136766 7.140457 7.151037 7.154609 7.157858 7.163351 7.168896 7.174299 7.201344 7.209319 7.212834 7.221236 7.223132 7.225075 7.226558 7.222546 7.224208 7.225937 7.227922 7.230334 7.232907 7.235631 7.237971 7.240129 7.241624 7.243198 7.244559 7.246142 7.24778 7.249902 7.251643 7.25344 7.255497 7.257507 7.259175 7.260141 7.261447 7.262987 7.264266 7.288723 7.290026 7.290785 7.291543 7.292489 7.300505 7.301258 7.302101 7.302947 7.295729 7.296657 7.297529 7.298306
7.086442 7.090113 7.093172 7.103822 7.10745 7.111321 7.116594 7.121022 7.124869 7.129836 7.134664 7.138564 7.148959 7.152782 7.156002 7.16085 7.166414 7.171865 7.196785 7.202541 7.210601 7.21972 7.221305 7.223417 7.224889 7.220932 7.222632 7.224143 7.226279 7.228669 7.231317 7.233935 7.236424 7.238801 7.240238 7.241589 7.243043 7.244599 7.246067 7.248269 7.250175 7.25193 7.253739 7.255831 7.257872 7.258804 7.259985 7.261205 7.262852 7.287494 7.28895 7.28973 7.290501 7.291263 7.299326 7.300284 7.301131 7.302022 7.294623 7.295506 7.29647 7.297375 7.298079
7.08707 7.091109 7.10133 7.105205 7.108944 7.11405 7.118886 7.122973 7.127684 7.132302 7.136712 7.140253 7.150865 7.154233 7.158499 7.163922 7.169501 7.174912 7.200002 7.208274 7.211403 7.219866 7.221602 7.223263 7.224587 7.220899 7.222542 7.224321 7.227021 7.229668 7.232427 7.234972 7.237305 7.238838 7.240079 7.24138 7.243063 7.244668 7.24644 7.24857 7.250485 7.2523 7.254258 7.25607 7.257433 7.258472 7.259901 7.261058 7.262583 7.287344 7.288642 7.289388 7.290205 7.298277 7.299155 7.300113 7.301003 7.30184 7.29452 7.2955 7.296406 7.297227 7.297979
7.089203 7.098892 7.103076 7.106705 7.1116 7.116838 7.120811 7.125299 7.13023 7.134822 7.138421 7.149006 7.152398 7.156293 7.161443 7.167041 7.172505 7.197274 7.202008 7.209412 7.218164 7.219938 7.221313 7.222893 7.219144 7.220804 7.222583 7.225227 7.22796 7.230826 7.233521 7.235655 7.237316 7.238606 7.239794 7.24138 7.243237 7.244774 7.246956 7.248891 7.250855 7.252702 7.254372 7.25606 7.257029 7.258371 7.259667 7.260753 7.285979 7.287496 7.288303 7.289116 7.297239 7.298126 7.298958 7.299958 7.30085 7.293509 7.294466 7.295365 7.296254 7.297138 7.297956
7.09679 7.100964 7.10464 7.109121 7.114841 7.118534 7.123073 7.128061 7.132625 7.136612 7.146856 7.150633 7.154068 7.15919 7.164476 7.170012 7.175448 7.200139 7.20716 7.210145 7.218332 7.219796 7.221097 7.222777 7.219127 7.220924 7.223618 7.226229 7.228911 7.231905 7.234166 7.235906 7.237148 7.2384 7.239844 7.241574 7.243315 7.245118 7.247304 7.249221 7.251141 7.252977 7.25448 7.255672 7.256729 7.258136 7.259381 7.260498 7.285653 7.287196 7.288003 7.296145 7.29704 7.297918 7.298775 7.299667 7.300704 7.293458 7.294314 7.295209 7.296172 7.296974 7.297797
7.098846 7.102442 7.106612 7.112354 7.116554 7.12075 7.125819 7.130531 7.134846 7.145017 7.148833 7.152283 7.156928 7.162061 7.167506 7.173022 7.198614 7.201766 7.207905 7.21651 7.218125 7.219589 7.220966 7.217464 7.219262 7.221906 7.224483 7.227151 7.22998 7.232521 7.23435 7.23575 7.236806 7.238273 7.240081 7.241684 7.243468 7.245695 7.247663 7.249519 7.251332 7.252741 7.254225 7.25526 7.256607 7.257989 7.259224 7.284241 7.285892 7.286938 7.295072 7.295918 7.296863 7.297689 7.298591 7.299471 7.292307 7.293338 7.294144 7.295061 7.29599 7.296846 7.297586
7.100478 7.104309 7.109902 7.114636 7.118657 7.123253 7.128342 7.132784 7.136654 7.146773 7.150382 7.154631 7.15976 7.165082 7.170599 7.175801 7.200746 7.209417 7.208081 7.216457 7.217834 7.219485 7.221241 7.217624 7.220127 7.222918 7.225447 7.228233 7.23084 7.232815 7.234143 7.235405 7.23674 7.238491 7.24025 7.241818 7.243767 7.246017 7.247839 7.249842 7.251134 7.252793 7.25389 7.255016 7.256502 7.257762 7.258996 7.284272 7.285657 7.28661 7.294823 7.295689 7.296627 7.297544 7.298546 7.29951 7.292257 7.293144 7.294015 7.294876 7.295792 7.29657 7.297293
7.102149 7.107249 7.11261 7.116443 7.121485 7.125954 7.130637 7.134779 7.145063 7.148275 7.152336 7.157503 7.162591 7.168012 7.17351 7.177488 7.201753 7.209798 7.21408 7.216332 7.217827 7.219593 7.215991 7.218493 7.221228 7.223774 7.226557 7.229074 7.231085 7.232621 7.234003 7.235296 7.236925 7.238735 7.240353 7.241961 7.244305 7.246118 7.248052 7.249581 7.250939 7.252669 7.25354 7.254943 7.256267 7.257542 7.282902 7.284505 7.285309 7.293751 7.294633 7.295562 7.296449 7.297509 7.298445 7.291115 7.291992 7.293015 7.293831 7.29469 7.295455 7.296254 7.297032
7.104808 7.110623 7.114356 7.119404 7.123428 7.128198 7.13263 7.143155 7.146362 7.15008 7.155155 7.160295 7.165503 7.171108 7.175172 7.199346 7.207691 7.206348 7.214389 7.216043 7.217795 7.219572 7.21685 7.21945 7.222395 7.224963 7.22752 7.22956 7.230925 7.232313 7.233789 7.235531 7.237341 7.238847 7.240497 7.24229 7.244538 7.246446 7.247917 7.249508 7.250998 7.25228 7.25327 7.254735 7.256027 7.25732 7.282801 7.284234 7.292444 7.293566 7.294444 7.295409 7.29643 7.297364 7.290015 7.290907 7.291811 7.292822 7.293653 7.294432 7.295188 7.296008 7.296819
7.108181 7.112256 7.117235 7.121141 7.125643 7.13052 7.141225 7.144545 7.147562 7.152834 7.158 7.16308 7.16843 7.172819 7.178532 7.205479 7.207883 7.206444 7.214069 7.216082 7.218008 7.215058 7.217776 7.220745 7.223454 7.225932 7.227897 7.229376 7.230616 7.232149 7.23402 7.235763 7.237514 7.23903 7.24063 7.242952 7.244814 7.246397 7.247788 7.249334 7.250785 7.251931 7.253158 7.254517 7.255836 7.281476 7.283002 7.291372 7.292224 7.293362 7.294387 7.29538 7.296353 7.297242 7.289809 7.290694 7.291603 7.292631 7.293436 7.29425 7.294959 7.295756 7.296619
7.110396 7.115172 7.118938 7.123263 7.127935 7.132628 7.142646 7.145545 7.15048 7.155629 7.160796 7.165943 7.170551 7.174491 7.197247 7.20574 7.20779 7.212296 7.214111 7.216178 7.218648 7.216041 7.218993 7.221772 7.224388 7.226366 7.227841 7.229108 7.230558 7.232286 7.234233 7.236084 7.237663 7.239048 7.241012 7.243207 7.244647 7.246183 7.247789 7.249382 7.250515 7.251723 7.253074 7.254322 7.255641 7.281362 7.290215 7.291171 7.292101 7.293202 7.294205 7.295237 7.296163 7.288686 7.289619 7.290536 7.291427 7.292292 7.293256 7.293962 7.294715 7.29558 7.296768
7.112995 7.116791 7.12102 7.125576 7.130516 7.140906 7.14362 7.147803 7.153254 7.158423 7.163521 7.168234 7.17227 7.176734 7.203538 7.205633 7.207825 7.212319 7.21421 7.216855 7.214259 7.217154 7.220036 7.222893 7.224782 7.226159 7.227441 7.22887 7.230669 7.232494 7.234519 7.236198 7.237817 7.239364 7.241596 7.24308 7.244596 7.246019 7.247678 7.249237 7.250192 7.251603 7.252834 7.254201 7.280295 7.289181 7.289986 7.291045 7.291893 7.29308 7.294094 7.295067 7.296046 7.288483 7.289411 7.290317 7.291195 7.292072 7.292933 7.293625 7.294475 7.295415 7.296952
7.114443 7.118939 7.123413 7.128487 7.138971 7.14196 7.145741 7.151017 7.15616 7.161203 7.165934 7.169851 7.171632 7.194979 7.203449 7.205504 7.210298 7.212414 7.214848 7.220773 7.215376 7.218388 7.221154 7.223323 7.224539 7.225907 7.227224 7.229152 7.230936 7.232784 7.234557 7.236281 7.238003 7.239874 7.241374 7.243041 7.244499 7.246069 7.247653 7.248984 7.249987 7.251508 7.25266 7.254001 7.280154 7.288907 7.289782 7.290866 7.291791 7.292999 7.294026 7.294947 7.287363 7.288305 7.289229 7.290143 7.290993 7.29171 7.292532 7.29328 7.294139 7.295638 7.296866
7.116571 7.121001 7.126242 7.13728 7.140107 7.143713 7.148394 7.153865 7.158877 7.164068 7.167564 7.169643 7.174785 7.201186 7.203245 7.2055 7.210521 7.212948 7.218786 7.213543 7.216539 7.219388 7.221784 7.223022 7.224172 7.225681 7.227588 7.229376 7.231193 7.232925 7.234566 7.236419 7.238195 7.239947 7.241174 7.242879 7.244393 7.245876 7.247644 7.248708 7.249934 7.251328 7.252495 7.278855 7.287795 7.288634 7.289647 7.290781 7.291728 7.292873 7.293715 7.2862 7.287139 7.28811 7.289031 7.28992 7.290687 7.291384 7.292149 7.293105 7.294175 7.295594 7.296647
7.118805 7.123956 7.128525 7.138386 7.141643 7.146233 7.151062 7.156635 7.161715 7.165462 7.167341 7.17255 7.174728 7.201068 7.203442 7.208102 7.211012 7.216946 7.219789 7.214574 7.217519 7.220033 7.221343 7.222641 7.224059 7.226024 7.227904 7.229655 7.231375 7.233026 7.234754 7.236709 7.238157 7.239739 7.241144 7.242616 7.244218 7.24595 7.247281 7.248421 7.249793 7.251143 7.252315 7.286141 7.287539 7.288543 7.28951 7.290668 7.291554 7.292637 7.293606 7.286058 7.28706 7.287977 7.288831 7.289589 7.290277 7.291102 7.291895 7.292873 7.294336 7.295429 7.296592
7.121581 7.126571 7.136545 7.13964 7.143983 7.148985 7.154429 7.159492 7.163419 7.164977 7.168457 7.172538 7.198857 7.201091 7.203542 7.209133 7.211861 7.217972 7.212488 7.215734 7.21837 7.219693 7.221016 7.222447 7.224278 7.226287 7.228002 7.229775 7.231521 7.233214 7.234997 7.236508 7.238152 7.23958 7.240873 7.242479 7.244218 7.245829 7.246902 7.248298 7.249564 7.250886 7.284851 7.286442 7.287433 7.288387 7.289382 7.290462 7.29142 7.292562 7.284956 7.285923 7.286891 7.287803 7.288621 7.289267 7.290046 7.290845 7.291727 7.293024 7.294308 7.295392 7.296569
7.124332 7.134655 7.137533 7.142066 7.146931 7.151686 7.15709 7.161204 7.162799 7.166352 7.168964 7.172652 7.198654 7.201329 7.206363 7.209999 7.216113 7.219062 7.213762 7.216661 7.218056 7.21941 7.22084 7.222808 7.224602 7.226461 7.228175 7.229976 7.231645 7.233459 7.234876 7.236124 7.237848 7.239346 7.240877 7.242566 7.244175 7.245464 7.246586 7.248096 7.249271 7.260366 7.284699 7.286274 7.287219 7.288227 7.289236 7.290418 7.291309 7.292276 7.284785 7.285737 7.286722 7.28755 7.288228 7.28902 7.289821 7.290598 7.291669 7.293115 7.294261 7.295351 7.29656
7.132932 7.13587 7.140076 7.144733 7.149585 7.154706 7.159153 7.16263 7.164093 7.166708 7.170287 7.190934 7.199041 7.203965 7.208026 7.214205 7.217304 7.211887 7.214822 7.216433 7.217736 7.219162 7.220824 7.22308 7.224781 7.226563 7.228382 7.230084 7.231956 7.233314 7.234347 7.236002 7.23768 7.23913 7.240654 7.242394 7.243969 7.245037 7.246391 7.247657 7.258859 7.283497 7.285061 7.286062 7.28704 7.288128 7.289072 7.290139 7.29119 7.283483 7.284637 7.285625 7.286462 7.287173 7.287991 7.288788 7.28959 7.290523 7.291903 7.293013 7.294225 7.295282 7.300079
