inputs/Middelgrunden/Resource grid 1   Sector 5   Height 64m   Sector frequency.grd
DSAA
 111           201 
 728800        731000
 6176000       6180000
 8.534133E-02  8.677751E-02
[rows 69 to 91 of 201, columns 53 to 105 of 111]
8.578419E-02 8.576569E-02 8.576567E-02 .085743 8.573893E-02 8.573525E-02 8.572395E-02 8.571298E-02 8.570541E-02 .0856882 8.567234E-02 8.566288E-02 .0856569 8.564887E-02 8.564355E-02 8.563863E-02 8.563261E-02 8.562944E-02 8.568758E-02 8.568341E-02 8.570535E-02 8.570539E-02 8.570381E-02 8.569391E-02 8.569244E-02 8.569065E-02 8.568948E-02 8.568992E-02 8.568911E-02 8.570142E-02 8.569486E-02 8.569694E-02 8.567327E-02 8.566646E-02 8.564326E-02 .0856111 8.560302E-02 8.559666E-02 8.559199E-02 8.558533E-02 .0855784 8.557119E-02 8.556236E-02 8.555459E-02 8.555035E-02 8.554844E-02 8.554144E-02 .0855436 8.553817E-02 8.565518E-02 .0856562 8.564819E-02 8.564265E-02
8.578075E-02 8.576699E-02 8.576342E-02 .0857374 8.572949E-02 8.572491E-02 8.571649E-02 8.570108E-02 .0856904 8.567983E-02 8.566963E-02 8.566066E-02 8.565092E-02 8.564296E-02 .0856374 .0856339 8.563077E-02 8.562405E-02 8.568746E-02 8.568362E-02 8.568022E-02 8.570058E-02 .0856986 8.568859E-02 8.568571E-02 .0856857 8.568776E-02 8.568579E-02 8.568432E-02 8.569585E-02 8.569086E-02 8.569029E-02 8.567372E-02 8.566772E-02 8.564003E-02 8.560518E-02 8.559538E-02 8.558641E-02 8.558238E-02 .0855751 8.556631E-02 8.556286E-02 8.555707E-02 8.555269E-02 8.554965E-02 .0855456 8.554269E-02 8.554024E-02 8.559445E-02 8.565732E-02 8.565681E-02 8.565157E-02 8.564316E-02
8.577642E-02 8.576477E-02 8.575357E-02 8.572442E-02 8.571815E-02 8.570974E-02 .0857062 8.569673E-02 8.568928E-02 .0856797 8.567125E-02 8.565978E-02 .0856481 8.563924E-02 8.563274E-02 8.562915E-02 8.562457E-02 8.562381E-02 8.568569E-02 8.568586E-02 8.567978E-02 8.567674E-02 8.569126E-02 8.568797E-02 8.568712E-02 8.568804E-02 8.568597E-02 8.567932E-02 8.567313E-02 8.567054E-02 8.568233E-02 8.568129E-02 .0856637 8.565333E-02 8.562557E-02 8.559172E-02 8.558492E-02 8.557762E-02 8.557009E-02 8.556665E-02 8.555924E-02 8.555421E-02 .0855533 8.555025E-02 8.554704E-02 .0855424 .0855398 8.559445E-02 8.559319E-02 8.565757E-02 8.566041E-02 8.565527E-02 8.564939E-02
8.576348E-02 8.574925E-02 8.574528E-02 8.572199E-02 8.571537E-02 8.570958E-02 8.570051E-02 8.569369E-02 8.568625E-02 8.567844E-02 8.566593E-02 8.565582E-02 8.564743E-02 8.563828E-02 8.563128E-02 8.563004E-02 8.562279E-02 8.562131E-02 8.568339E-02 8.568177E-02 8.568271E-02 8.568109E-02 8.567235E-02 .085691 8.569105E-02 8.569009E-02 8.568317E-02 8.567324E-02 8.566526E-02 8.565637E-02 8.566652E-02 .0856683 8.565302E-02 8.564637E-02 8.561955E-02 8.561251E-02 8.557513E-02 8.556977E-02 8.556312E-02 8.555527E-02 8.555283E-02 8.555058E-02 8.555065E-02 .0855472 8.554346E-02 8.554024E-02 8.559528E-02 8.559576E-02 8.559714E-02 8.566086E-02 8.566465E-02 .0856604 8.565508E-02
.0857524 .0857597 8.573784E-02 8.572032E-02 8.571415E-02 8.570716E-02 8.569639E-02 8.568628E-02 .0856768 8.567259E-02 8.566452E-02 8.565457E-02 8.564755E-02 8.564129E-02 .0856339 8.562803E-02 8.561995E-02 8.561731E-02 8.568241E-02 .0856814 8.568564E-02 8.568204E-02 8.567943E-02 .0856714 8.568481E-02 8.568392E-02 8.567545E-02 .0856682 8.566215E-02 8.565521E-02 .0856471 8.565742E-02 8.565355E-02 8.563989E-02 8.561111E-02 8.560579E-02 8.557364E-02 8.556452E-02 8.555689E-02 8.555502E-02 8.555102E-02 8.554894E-02 8.554698E-02 8.554714E-02 8.554466E-02 8.559863E-02 8.559697E-02 8.559708E-02 8.559541E-02 8.566229E-02 8.566449E-02 8.566159E-02 8.565944E-02
8.576819E-02 8.575489E-02 8.573072E-02 8.570661E-02 8.570249E-02 8.569635E-02 8.569336E-02 8.568447E-02 8.567215E-02 8.566719E-02 8.566469E-02 .0856563 8.565079E-02 8.564214E-02 8.563457E-02 8.562858E-02 .0856207 8.561849E-02 8.568542E-02 8.568224E-02 8.568174E-02 8.567623E-02 8.567548E-02 8.566731E-02 8.568498E-02 8.567932E-02 .0856732 8.566665E-02 8.566113E-02 8.565235E-02 8.564373E-02 8.565235E-02 8.564594E-02 8.563083E-02 8.560763E-02 8.560007E-02 8.559397E-02 8.556168E-02 8.555619E-02 8.555467E-02 8.555106E-02 .0855498 8.554868E-02 8.560614E-02 .0856049 8.560174E-02 8.559851E-02 8.559758E-02 8.559942E-02 8.566323E-02 8.566696E-02 8.566339E-02 8.566156E-02
8.576104E-02 8.574543E-02 8.572177E-02 8.569887E-02 8.569558E-02 8.569291E-02 8.568504E-02 8.567639E-02 8.566873E-02 8.565913E-02 8.566106E-02 8.565777E-02 8.565031E-02 8.564347E-02 8.563654E-02 8.562963E-02 8.562241E-02 8.561447E-02 8.568202E-02 8.568291E-02 8.567717E-02 8.567613E-02 .0856728 8.566502E-02 8.565848E-02 8.567593E-02 8.567105E-02 8.566352E-02 8.565705E-02 8.564744E-02 8.563947E-02 8.563147E-02 8.564171E-02 8.562411E-02 8.560193E-02 8.559377E-02 8.558808E-02 8.555924E-02 8.555895E-02 8.555627E-02 8.555352E-02 8.555055E-02 8.560809E-02 8.560771E-02 8.560789E-02 8.560429E-02 8.560117E-02 8.560035E-02 8.560394E-02 .085665 8.567045E-02 8.566868E-02 8.566736E-02
8.575704E-02 8.573964E-02 .0857356 8.569364E-02 8.568859E-02 8.568382E-02 8.568044E-02 8.567459E-02 8.566822E-02 8.565861E-02 8.565133E-02 8.564441E-02 8.564095E-02 8.563885E-02 8.563315E-02 8.563293E-02 8.562961E-02 8.568522E-02 8.568504E-02 8.568797E-02 8.568174E-02 8.567654E-02 8.567159E-02 8.566266E-02 8.565641E-02 8.565131E-02 8.566786E-02 8.565921E-02 8.565174E-02 8.564376E-02 8.563507E-02 8.562715E-02 8.563548E-02 8.561835E-02 8.559768E-02 8.559345E-02 8.558679E-02 .0855594 8.555909E-02 8.555887E-02 8.555619E-02 8.561237E-02 8.561056E-02 8.560915E-02 8.561004E-02 8.560743E-02 8.560536E-02 8.560473E-02 8.560842E-02 .0856763 8.567505E-02 8.566985E-02 8.566468E-02
8.575045E-02 8.573398E-02 8.573162E-02 8.568795E-02 8.568444E-02 8.568157E-02 .0856747 8.566804E-02 8.566155E-02 8.565575E-02 8.564731E-02 8.564255E-02 8.564053E-02 8.563933E-02 8.563539E-02 8.563378E-02 8.563371E-02 8.569305E-02 8.569401E-02 8.568554E-02 8.568065E-02 8.567575E-02 8.567034E-02 8.566311E-02 8.565689E-02 8.564872E-02 8.563729E-02 8.564791E-02 8.564352E-02 .0856355 .0856273 8.562121E-02 .0856176 8.562966E-02 8.559479E-02 8.559397E-02 8.559069E-02 8.558858E-02 8.556084E-02 8.555976E-02 8.561703E-02 .0856138 8.561307E-02 8.561144E-02 8.560935E-02 8.561107E-02 8.561135E-02 8.561022E-02 .0856114 8.567856E-02 8.567207E-02 8.566912E-02 8.566064E-02
8.574656E-02 8.573239E-02 8.572362E-02 .0856797 8.567509E-02 8.567312E-02 8.566914E-02 8.566459E-02 8.565797E-02 8.565439E-02 8.564737E-02 8.564343E-02 8.564179E-02 8.564305E-02 8.564074E-02 .0856382 8.563502E-02 8.569059E-02 8.568676E-02 8.567758E-02 8.568081E-02 8.567564E-02 8.566869E-02 8.565777E-02 8.564956E-02 8.563784E-02 8.562975E-02 .0856234 8.563664E-02 8.562949E-02 8.562561E-02 8.562164E-02 8.561897E-02 8.563271E-02 8.559698E-02 8.559783E-02 8.559599E-02 8.559241E-02 8.556241E-02 8.561787E-02 8.561887E-02 8.561658E-02 .0856139 8.561247E-02 8.561348E-02 8.561379E-02 8.561312E-02 8.561244E-02 8.561277E-02 8.567902E-02 8.567365E-02 .0856659 8.565756E-02
8.573318E-02 8.571988E-02 8.570045E-02 .085698 8.567568E-02 8.567474E-02 .0856716 8.566592E-02 8.565845E-02 8.565178E-02 .0856503 8.564531E-02 8.564221E-02 8.564287E-02 8.564159E-02 8.563986E-02 8.563287E-02 8.568651E-02 8.567674E-02 8.567257E-02 8.567482E-02 .0856683 8.565836E-02 8.565187E-02 8.564439E-02 8.563647E-02 8.562692E-02 8.561821E-02 8.561417E-02 8.562902E-02 8.562449E-02 8.562078E-02 8.562054E-02 8.561651E-02 8.560041E-02 8.559899E-02 8.559918E-02 8.565193E-02 8.562145E-02 8.562123E-02 8.562177E-02 8.562002E-02 8.561811E-02 8.561445E-02 8.561139E-02 .0856129 8.561338E-02 8.561232E-02 .0856118 8.567782E-02 8.567139E-02 8.566131E-02 8.565684E-02
8.572964E-02 8.572862E-02 8.569966E-02 8.570191E-02 8.567694E-02 8.567598E-02 8.567233E-02 8.566798E-02 8.566258E-02 8.565684E-02 8.565132E-02 8.564539E-02 8.564238E-02 8.564106E-02 8.563787E-02 8.563551E-02 8.562915E-02 8.568416E-02 8.567706E-02 8.567072E-02 8.566695E-02 8.565985E-02 8.565199E-02 8.564224E-02 8.563576E-02 8.562725E-02 8.562405E-02 8.561686E-02 8.561134E-02 8.563001E-02 8.562443E-02 8.562089E-02 8.561932E-02 8.561811E-02 8.560386E-02 8.560275E-02 8.566067E-02 8.565824E-02 8.565567E-02 8.562701E-02 .085623 8.562064E-02 8.561837E-02 8.561839E-02 .0856157 8.561241E-02 8.561186E-02 8.560873E-02 8.560783E-02 8.567517E-02 8.567055E-02 8.566187E-02 8.565564E-02
8.573043E-02 8.572943E-02 8.569761E-02 8.569916E-02 8.567383E-02 8.567268E-02 8.567129E-02 8.566893E-02 8.566543E-02 8.566265E-02 8.565824E-02 8.564977E-02 8.564372E-02 8.563843E-02 8.563361E-02 8.563134E-02 8.562712E-02 8.567841E-02 8.567179E-02 8.566536E-02 .0856583 8.565021E-02 .0856425 8.563229E-02 8.562817E-02 8.562205E-02 8.561702E-02 8.561204E-02 .0856051 8.560228E-02 .0856277 8.562322E-02 8.562476E-02 8.562376E-02 8.560453E-02 8.566727E-02 8.566621E-02 8.566341E-02 8.565699E-02 8.562701E-02 8.562407E-02 8.562347E-02 8.562204E-02 8.561986E-02 8.561571E-02 8.561116E-02 8.560609E-02 8.560503E-02 8.560302E-02 8.567218E-02 8.566824E-02 8.566067E-02 8.565216E-02
.0857316 8.572996E-02 8.569705E-02 8.569718E-02 8.567622E-02 8.567467E-02 8.567207E-02 8.567119E-02 8.567005E-02 8.566806E-02 8.566456E-02 8.565702E-02 8.564417E-02 8.563945E-02 8.563212E-02 .0856268 8.561704E-02 8.567068E-02 8.566247E-02 8.565352E-02 8.564878E-02 8.564271E-02 .0856365 8.562978E-02 8.562548E-02 8.562069E-02 8.561778E-02 8.561563E-02 8.561114E-02 8.560827E-02 .0856047 8.562622E-02 8.562991E-02 8.563445E-02 8.567312E-02 8.567186E-02 8.566722E-02 8.566625E-02 8.566134E-02 8.562929E-02 8.562612E-02 .0856263 8.562225E-02 8.561867E-02 8.561274E-02 8.560927E-02 8.560216E-02 8.559955E-02 8.560061E-02 8.567075E-02 8.566723E-02 8.565599E-02 .0856462
8.573642E-02 8.573595E-02 8.570628E-02 8.570381E-02 8.570269E-02 8.567774E-02 .085674 8.567256E-02 8.567176E-02 8.566771E-02 8.566417E-02 8.565722E-02 8.564524E-02 8.563645E-02 8.562524E-02 8.561552E-02 8.560418E-02 8.565851E-02 8.565304E-02 8.564772E-02 8.564328E-02 8.563833E-02 8.563678E-02 8.563131E-02 8.562908E-02 8.562602E-02 8.562112E-02 8.562231E-02 8.562098E-02 8.562092E-02 8.561804E-02 8.561646E-02 8.563874E-02 8.569279E-02 8.566888E-02 .0856525 8.566999E-02 8.566757E-02 8.566558E-02 8.565746E-02 8.562703E-02 8.562505E-02 .0856216 8.561713E-02 8.560991E-02 .0856043 8.560082E-02 8.559678E-02 8.559878E-02 8.566599E-02 8.565895E-02 8.565216E-02 8.564152E-02
8.574083E-02 8.574374E-02 8.571041E-02 .0857075 8.570509E-02 8.568046E-02 8.567856E-02 8.567125E-02 8.566689E-02 8.566281E-02 8.565811E-02 8.565096E-02 8.563989E-02 8.562844E-02 8.561718E-02 8.560957E-02 8.559408E-02 8.565174E-02 8.564625E-02 8.564653E-02 .0856456 8.563995E-02 .0856403 8.563666E-02 8.563487E-02 8.563259E-02 8.563114E-02 .0856308 .0856302 8.563194E-02 8.562762E-02 8.562195E-02 8.567967E-02 8.569715E-02 8.567259E-02 8.565842E-02 8.567212E-02 8.566865E-02 .0856655 8.565988E-02 .0856255 8.562183E-02 8.561803E-02 8.561246E-02 .0856078 .0856047 8.559873E-02 8.559424E-02 8.565538E-02 8.566198E-02 8.565783E-02 8.565388E-02 8.564209E-02
8.574329E-02 8.574057E-02 8.570914E-02 8.570992E-02 8.570901E-02 8.567987E-02 8.567849E-02 8.567259E-02 8.566242E-02 8.565485E-02 .0856484 8.564128E-02 8.563402E-02 8.562163E-02 8.561248E-02 8.559916E-02 8.565105E-02 8.564799E-02 .0856463 8.564615E-02 8.564934E-02 8.564557E-02 8.564273E-02 8.564591E-02 8.564547E-02 8.564436E-02 8.564086E-02 8.564207E-02 8.564033E-02 8.563662E-02 8.569016E-02 8.568501E-02 8.568269E-02 .0856801 8.567979E-02 .0856745 8.565679E-02 8.566803E-02 8.566304E-02 8.565862E-02 .0856496 8.561663E-02 8.561353E-02 8.561042E-02 8.560464E-02 8.559728E-02 8.559546E-02 8.559233E-02 8.565377E-02 8.566274E-02 .0856597 8.564999E-02 8.564193E-02
8.571486E-02 8.571523E-02 8.572135E-02 8.570988E-02 8.570763E-02 8.570354E-02 8.567341E-02 8.566716E-02 8.565812E-02 8.564791E-02 8.563853E-02 8.563237E-02 8.562239E-02 8.561205E-02 8.560299E-02 8.559144E-02 8.564966E-02 8.564927E-02 8.564767E-02 8.565034E-02 8.565089E-02 8.565515E-02 8.565605E-02 8.565544E-02 8.565424E-02 8.565126E-02 8.564899E-02 8.564711E-02 8.564419E-02 8.569928E-02 8.569124E-02 .0856865 8.568407E-02 8.568122E-02 .085681 8.567474E-02 8.565561E-02 8.566689E-02 8.566141E-02 8.565733E-02 8.565236E-02 8.561547E-02 8.560788E-02 8.560133E-02 8.560008E-02 8.559741E-02 8.559652E-02 8.559366E-02 8.565454E-02 8.566114E-02 8.565894E-02 8.564751E-02 8.563939E-02
8.571325E-02 8.571191E-02 .085694 8.568087E-02 8.570687E-02 8.570033E-02 8.566578E-02 8.565713E-02 8.565153E-02 8.564153E-02 8.562881E-02 8.561891E-02 8.561189E-02 8.560508E-02 8.559168E-02 8.559162E-02 8.565095E-02 8.565181E-02 8.565667E-02 8.565862E-02 8.566149E-02 8.566123E-02 8.566447E-02 8.566429E-02 8.565876E-02 8.565583E-02 8.565341E-02 8.564962E-02 8.570652E-02 8.570023E-02 8.569445E-02 8.568849E-02 8.568448E-02 8.567916E-02 8.565556E-02 8.567232E-02 8.565409E-02 8.564915E-02 8.566107E-02 8.565202E-02 8.564501E-02 8.561069E-02 8.560919E-02 8.560619E-02 8.560221E-02 .0855989 8.559495E-02 8.559049E-02 .0856517 8.565542E-02 8.565041E-02 8.560093E-02 8.559304E-02
8.571211E-02 8.570965E-02 8.569015E-02 8.567576E-02 8.566975E-02 8.566789E-02 .085659 8.565205E-02 8.564131E-02 8.563213E-02 8.562155E-02 8.561002E-02 8.560589E-02 8.560344E-02 8.559472E-02 8.559359E-02 8.565587E-02 8.565984E-02 8.566486E-02 8.566707E-02 8.567024E-02 8.566883E-02 8.566707E-02 8.566264E-02 8.565979E-02 .0856563 8.565283E-02 8.570865E-02 8.570446E-02 8.570221E-02 8.569627E-02 8.569067E-02 8.568676E-02 .0856768 8.565185E-02 8.564572E-02 8.565232E-02 8.564503E-02 8.565222E-02 8.564868E-02 8.564857E-02 8.564466E-02 8.561295E-02 8.560919E-02 8.560202E-02 8.559743E-02 8.559318E-02 8.558872E-02 8.565003E-02 8.560081E-02 .0856026 .0856003 8.559826E-02
8.571198E-02 8.570675E-02 8.568277E-02 8.566658E-02 8.566243E-02 8.565687E-02 8.564984E-02 .0856404 8.563206E-02 8.562081E-02 8.561491E-02 8.560818E-02 8.560421E-02 8.560122E-02 8.560092E-02 8.559868E-02 .0856602 8.566436E-02 8.566765E-02 8.566973E-02 8.567195E-02 8.567166E-02 8.566818E-02 8.566601E-02 8.566342E-02 8.565714E-02 8.571158E-02 8.570742E-02 8.570344E-02 8.570027E-02 8.569437E-02 8.568904E-02 8.568344E-02 .0856768 8.565097E-02 8.564062E-02 8.562094E-02 8.564101E-02 8.564006E-02 8.565296E-02 .0856486 8.564759E-02 8.561435E-02 8.560915E-02 8.560298E-02 8.559699E-02 8.559284E-02 8.554235E-02 8.560546E-02 8.560187E-02 8.560222E-02 8.560406E-02 8.560276E-02
8.570553E-02 8.569802E-02 8.567538E-02 8.565743E-02 8.565059E-02 .0856433 8.563967E-02 8.560368E-02 8.559478E-02 8.561411E-02 8.561316E-02 8.560943E-02 8.560613E-02 8.560099E-02 8.560164E-02 8.560263E-02 8.566415E-02 8.566666E-02 8.567128E-02 8.567094E-02 8.567084E-02 8.566973E-02 8.567054E-02 .085664 8.571944E-02 8.571444E-02 8.570547E-02 8.570161E-02 8.569863E-02 8.569824E-02 8.569112E-02 8.568549E-02 8.568078E-02 8.567347E-02 8.564793E-02 8.564238E-02 8.563706E-02 8.562189E-02 8.564084E-02 8.565277E-02 8.564907E-02 8.564734E-02 .085616 8.561026E-02 8.560532E-02 .0855535 8.554929E-02 8.554744E-02 8.560553E-02 8.560655E-02 8.560885E-02 8.560832E-02 8.560035E-02
8.567425E-02 8.568702E-02 8.566343E-02 8.565694E-02 8.563785E-02 8.563145E-02 8.562341E-02 8.559528E-02 8.559121E-02 8.558756E-02 8.558521E-02 8.561178E-02 8.560608E-02 8.560504E-02 8.560552E-02 8.560553E-02 8.566222E-02 8.566414E-02 8.566787E-02 8.566639E-02 8.566585E-02 8.566498E-02 8.566556E-02 8.572055E-02 8.571454E-02 8.571284E-02 8.570706E-02 .0857005 8.569448E-02 8.569272E-02 8.568744E-02 8.567993E-02 8.567915E-02 8.567479E-02 8.565137E-02 8.564641E-02 8.564004E-02 8.562269E-02 8.561867E-02 8.563617E-02 8.564725E-02 8.564221E-02 8.564114E-02 8.556686E-02 8.556376E-02 8.556046E-02 8.555701E-02 8.555426E-02 8.561232E-02 8.561162E-02 8.560807E-02 8.560313E-02 8.559814E-02
