inputs/Middelgrunden/Resource grid 1   Sector 3   Height 64m   Sector frequency.grd
DSAA
 111           201 
 728800        731000
 6176000       6180000
 4.211514E-02  4.319508E-02
[rows 46 to 68 of 201, columns 53 to 105 of 111]
.042434 4.243674E-02 4.243277E-02 4.243021E-02 4.241643E-02 4.241342E-02 4.240613E-02 4.240793E-02 4.240415E-02 .0424328 4.243077E-02 4.242401E-02 4.241784E-02 4.241258E-02 4.240833E-02 4.240412E-02 4.240062E-02 4.241083E-02 4.241053E-02 4.240755E-02 4.240544E-02 4.244039E-02 4.241743E-02 4.241595E-02 4.241623E-02 4.241173E-02 4.238544E-02 .0423813 4.237667E-02 4.236956E-02 4.236448E-02 4.236412E-02 4.236016E-02 4.235689E-02 4.234624E-02 4.234124E-02 4.233921E-02 4.233939E-02 4.233874E-02 4.233494E-02 4.233038E-02 4.232488E-02 4.232118E-02 .0423156 4.231512E-02 .0423166 4.231606E-02 4.231466E-02 4.231134E-02 4.230535E-02 4.229968E-02 .0423302 4.232402E-02
4.243521E-02 4.242691E-02 4.243227E-02 4.242835E-02 4.241584E-02 .0424124 4.240943E-02 .0424055 4.243435E-02 4.242643E-02 4.242273E-02 4.242213E-02 4.241876E-02 .0424146 .0424121 .0424084 4.240259E-02 4.239489E-02 4.240579E-02 4.240177E-02 .042376 .0424093 4.240972E-02 4.240949E-02 4.241013E-02 4.240806E-02 4.240566E-02 4.237898E-02 4.237338E-02 4.236957E-02 4.236588E-02 4.236085E-02 4.235724E-02 4.235812E-02 4.234409E-02 4.234575E-02 4.234289E-02 4.233924E-02 4.233854E-02 4.233633E-02 4.233186E-02 .0423273 .0423222 4.231651E-02 4.231065E-02 4.231098E-02 4.231011E-02 4.230769E-02 4.230507E-02 4.230147E-02 4.229781E-02 4.232882E-02 4.232391E-02
4.243454E-02 4.242755E-02 4.242314E-02 4.242829E-02 4.241269E-02 4.240948E-02 4.240484E-02 4.243014E-02 4.242487E-02 4.242268E-02 .042422 4.241866E-02 4.241903E-02 4.241722E-02 4.241325E-02 4.240956E-02 .042402 4.239612E-02 .0423786 4.237391E-02 4.236878E-02 4.239951E-02 4.240046E-02 4.240241E-02 4.240111E-02 4.240067E-02 4.239843E-02 4.237553E-02 4.237378E-02 4.237057E-02 4.236715E-02 4.236283E-02 4.235741E-02 4.235504E-02 4.234172E-02 4.234312E-02 4.234213E-02 4.233976E-02 4.233524E-02 .0423345 4.233163E-02 4.232737E-02 4.232225E-02 4.231782E-02 4.230925E-02 4.230333E-02 4.229978E-02 4.229715E-02 4.229425E-02 4.229416E-02 4.229335E-02 .0423256 .0423223
4.243265E-02 4.242957E-02 4.242519E-02 4.242733E-02 4.241013E-02 4.240606E-02 4.243508E-02 4.243227E-02 .0424275 4.242126E-02 4.241931E-02 4.241862E-02 4.241691E-02 4.241639E-02 4.241341E-02 4.240926E-02 4.240331E-02 4.237255E-02 4.236726E-02 4.237267E-02 4.236515E-02 4.239343E-02 4.239286E-02 4.239172E-02 4.239492E-02 .0423956 4.239592E-02 4.237444E-02 4.237336E-02 4.237267E-02 4.237061E-02 4.236516E-02 4.236145E-02 4.235535E-02 4.234191E-02 4.233954E-02 4.233866E-02 4.233831E-02 4.233599E-02 4.233244E-02 .0423285 4.232525E-02 4.232036E-02 .042315 4.230717E-02 4.229861E-02 4.229397E-02 4.228932E-02 4.228792E-02 4.228674E-02 4.232027E-02 4.232437E-02 .0423222
4.242779E-02 .042421 4.241876E-02 4.241715E-02 4.241453E-02 .042442 .042442 4.243678E-02 4.242793E-02 4.242517E-02 4.242083E-02 4.241706E-02 .042418 4.241452E-02 4.240935E-02 4.238145E-02 4.237765E-02 4.237099E-02 4.236523E-02 4.237062E-02 4.236485E-02 .0423933 4.239163E-02 4.238968E-02 4.238812E-02 4.239039E-02 .0423919 4.238455E-02 4.237098E-02 4.237165E-02 4.237153E-02 4.236724E-02 4.236339E-02 4.235771E-02 4.234333E-02 4.233943E-02 4.233594E-02 4.233463E-02 4.232996E-02 4.232782E-02 4.232474E-02 .0423179 4.231228E-02 4.230874E-02 4.230336E-02 4.229902E-02 4.229107E-02 4.228761E-02 4.228515E-02 4.228136E-02 4.231546E-02 4.231888E-02 4.232099E-02
4.241577E-02 4.241645E-02 4.241755E-02 4.241628E-02 4.243661E-02 4.244789E-02 4.244617E-02 4.244028E-02 .0424342 4.242863E-02 4.242393E-02 4.241834E-02 4.241306E-02 4.238594E-02 4.237809E-02 .0423766 4.237331E-02 4.236905E-02 4.236494E-02 4.235939E-02 .0424003 4.239576E-02 4.239049E-02 4.239192E-02 4.238762E-02 .0423848 4.238524E-02 .0423809 4.236751E-02 4.236858E-02 4.236964E-02 4.236783E-02 4.236274E-02 4.235826E-02 4.234541E-02 4.233982E-02 4.233472E-02 4.233012E-02 4.232318E-02 4.231817E-02 4.231304E-02 4.231384E-02 4.230739E-02 .0423025 4.229995E-02 4.229713E-02 4.229231E-02 4.228802E-02 .0422851 4.228193E-02 4.231242E-02 4.231457E-02 4.231634E-02
4.240872E-02 4.240968E-02 4.244692E-02 .0424481 4.243783E-02 4.243454E-02 4.244631E-02 4.244415E-02 4.243787E-02 4.243044E-02 4.242236E-02 4.239201E-02 4.238199E-02 4.237709E-02 4.237573E-02 4.237368E-02 4.237157E-02 .0423685 4.236516E-02 4.236148E-02 4.240072E-02 4.239677E-02 4.239244E-02 4.239016E-02 4.239339E-02 4.238756E-02 4.238237E-02 4.238115E-02 4.237651E-02 4.236366E-02 4.236463E-02 4.236441E-02 4.235844E-02 4.235469E-02 4.234298E-02 4.233741E-02 4.233056E-02 4.232371E-02 4.231754E-02 4.231317E-02 4.230847E-02 4.230686E-02 4.230282E-02 4.230008E-02 4.229679E-02 4.229628E-02 4.229422E-02 .0422887 4.228644E-02 4.228178E-02 4.231256E-02 4.231441E-02 .0423122
4.240853E-02 4.243929E-02 .0424412 4.244386E-02 4.243341E-02 4.243528E-02 4.243074E-02 4.243608E-02 4.243296E-02 4.242644E-02 4.239674E-02 4.238964E-02 4.238337E-02 4.237678E-02 4.237245E-02 4.237288E-02 4.237001E-02 4.236727E-02 4.236475E-02 4.235991E-02 4.238885E-02 4.239847E-02 4.239859E-02 4.239451E-02 4.239298E-02 4.239089E-02 4.238737E-02 4.238009E-02 .0423683 4.235621E-02 4.235717E-02 4.235347E-02 4.235222E-02 4.234843E-02 4.233678E-02 4.233429E-02 4.232806E-02 .0423229 4.231783E-02 4.231031E-02 4.230601E-02 4.230176E-02 4.230127E-02 4.229716E-02 4.229441E-02 4.229343E-02 4.229144E-02 4.228799E-02 4.228547E-02 4.228498E-02 4.231414E-02 4.231235E-02 4.231194E-02
4.244285E-02 .0424405 4.243639E-02 .0424345 4.242416E-02 4.242346E-02 4.242132E-02 4.241915E-02 4.240322E-02 4.239987E-02 4.239642E-02 4.239036E-02 4.238367E-02 4.237905E-02 4.237247E-02 .0423692 4.236719E-02 4.236288E-02 4.236116E-02 4.235927E-02 4.239009E-02 4.240008E-02 4.240048E-02 4.239584E-02 4.239217E-02 4.239161E-02 4.238713E-02 4.238247E-02 4.236986E-02 4.234888E-02 4.234937E-02 4.234595E-02 4.234518E-02 4.234167E-02 4.233233E-02 4.232934E-02 4.232617E-02 4.232187E-02 4.231538E-02 4.230857E-02 4.230275E-02 4.229939E-02 4.229827E-02 .0422959 4.229432E-02 4.229173E-02 4.228754E-02 4.228799E-02 4.228527E-02 4.228434E-02 4.231451E-02 4.231416E-02 4.231106E-02
4.243698E-02 4.243348E-02 4.243083E-02 4.242536E-02 4.241265E-02 .0424164 4.239162E-02 4.238919E-02 4.239734E-02 4.239529E-02 4.239073E-02 4.238807E-02 4.238372E-02 4.237933E-02 4.237391E-02 4.236797E-02 4.236342E-02 .0423612 4.235882E-02 4.235618E-02 4.238786E-02 4.238677E-02 4.239874E-02 4.239674E-02 4.239111E-02 4.239045E-02 4.238699E-02 4.238149E-02 4.237115E-02 4.236766E-02 .0423464 4.233956E-02 4.233929E-02 4.233651E-02 4.232451E-02 4.232331E-02 4.232103E-02 4.231736E-02 4.231393E-02 4.231073E-02 4.230339E-02 .0422987 4.229622E-02 .0422946 4.229311E-02 4.229014E-02 4.228779E-02 4.228376E-02 4.227908E-02 4.228058E-02 .0423139 4.231486E-02 4.231325E-02
4.243262E-02 4.243015E-02 4.242641E-02 4.242386E-02 4.241103E-02 4.238624E-02 4.238399E-02 4.238164E-02 4.238071E-02 4.238855E-02 4.238647E-02 .0423823 4.237875E-02 4.237612E-02 4.237239E-02 4.236829E-02 4.236199E-02 4.235856E-02 4.235683E-02 4.235397E-02 4.238544E-02 4.238546E-02 4.239629E-02 4.239413E-02 4.238867E-02 4.238636E-02 4.238501E-02 4.238436E-02 4.238139E-02 4.237076E-02 4.234993E-02 4.234222E-02 .0423346 .0423306 4.231695E-02 4.231626E-02 4.231373E-02 4.231262E-02 4.231049E-02 4.230807E-02 4.230472E-02 4.229998E-02 4.229786E-02 4.229657E-02 4.229219E-02 4.228933E-02 4.228653E-02 4.228251E-02 4.227955E-02 4.227385E-02 4.230833E-02 4.231315E-02 4.230928E-02
4.243129E-02 4.243052E-02 4.242672E-02 4.239663E-02 4.238397E-02 4.238142E-02 4.237894E-02 4.237635E-02 4.237235E-02 4.237095E-02 4.237914E-02 4.237593E-02 4.237356E-02 4.236989E-02 4.236729E-02 4.236592E-02 4.236315E-02 4.235929E-02 4.235586E-02 4.235311E-02 4.238348E-02 4.238208E-02 4.238231E-02 4.239217E-02 4.238936E-02 4.238545E-02 4.238614E-02 4.238364E-02 4.238135E-02 4.236822E-02 4.234946E-02 4.234344E-02 4.233551E-02 4.232949E-02 4.231348E-02 4.230978E-02 4.230819E-02 4.230756E-02 4.230594E-02 4.230508E-02 4.230531E-02 4.230224E-02 4.229825E-02 4.229477E-02 4.229219E-02 .0422892 4.228526E-02 4.228153E-02 4.227801E-02 .0422746 4.230086E-02 4.230326E-02 4.230285E-02
4.243321E-02 4.240188E-02 4.239857E-02 4.239526E-02 4.238503E-02 4.238011E-02 4.237328E-02 4.236924E-02 4.236615E-02 4.236105E-02 4.235793E-02 4.236601E-02 4.236462E-02 4.236437E-02 4.236423E-02 4.236272E-02 4.236036E-02 4.235907E-02 4.235607E-02 4.235049E-02 4.238198E-02 4.238075E-02 .0423792 4.239152E-02 4.238972E-02 4.238634E-02 4.238319E-02 .0423812 4.237898E-02 4.236381E-02 4.235953E-02 4.234227E-02 4.233633E-02 .0423276 4.231342E-02 4.230817E-02 4.230236E-02 4.230114E-02 4.230094E-02 4.230078E-02 4.230108E-02 .0423003 4.229831E-02 4.229465E-02 4.229113E-02 4.228939E-02 4.228335E-02 4.227874E-02 4.227531E-02 4.227194E-02 4.230159E-02 4.230024E-02 4.230009E-02
4.240406E-02 4.240044E-02 4.239749E-02 .042393 4.238208E-02 4.237793E-02 4.237334E-02 4.236673E-02 .0423607 4.235627E-02 4.235152E-02 4.234901E-02 4.235821E-02 .042358 4.235745E-02 4.235776E-02 4.235649E-02 .0423546 4.235316E-02 4.238528E-02 4.238094E-02 .042378 4.237806E-02 4.237669E-02 4.238687E-02 .0423842 4.237868E-02 4.237642E-02 4.236934E-02 4.235882E-02 4.235394E-02 4.233688E-02 4.233263E-02 4.232885E-02 4.231349E-02 4.230799E-02 4.230344E-02 4.229835E-02 4.229559E-02 4.229593E-02 4.229566E-02 4.229717E-02 4.229284E-02 4.229013E-02 4.228738E-02 4.228758E-02 4.228446E-02 4.228088E-02 4.227787E-02 4.227223E-02 4.230252E-02 4.229941E-02 4.229866E-02
4.239842E-02 4.239523E-02 .042393 4.239287E-02 4.238198E-02 4.237719E-02 4.237323E-02 4.236776E-02 4.236033E-02 4.235407E-02 4.235111E-02 4.234692E-02 4.233948E-02 4.234746E-02 4.235006E-02 4.235077E-02 4.235186E-02 4.235152E-02 4.235253E-02 4.238301E-02 4.238214E-02 4.237857E-02 4.237628E-02 4.237546E-02 4.238234E-02 4.237994E-02 4.237344E-02 4.237004E-02 4.236427E-02 4.235912E-02 4.235082E-02 4.233329E-02 4.232974E-02 4.232549E-02 4.231327E-02 4.230976E-02 4.230311E-02 4.229891E-02 4.229612E-02 4.228854E-02 4.228461E-02 4.228328E-02 4.228356E-02 4.228442E-02 4.228487E-02 4.228282E-02 4.228592E-02 4.228325E-02 4.227925E-02 4.227376E-02 4.230141E-02 4.229735E-02 .0422949
4.239535E-02 .0423924 4.239016E-02 4.239178E-02 4.238106E-02 4.237784E-02 4.237318E-02 4.236761E-02 4.236184E-02 4.235455E-02 4.234908E-02 4.234423E-02 4.233776E-02 4.234518E-02 4.234282E-02 4.234396E-02 4.234537E-02 4.234632E-02 4.234726E-02 4.237926E-02 .0423778 4.237719E-02 4.237436E-02 4.237095E-02 4.236907E-02 4.237729E-02 4.237446E-02 .0423643 .0423615 4.235647E-02 4.234703E-02 4.234521E-02 .042328 4.232449E-02 4.231235E-02 4.231064E-02 4.230596E-02 4.229672E-02 4.229151E-02 4.228723E-02 4.228074E-02 4.227767E-02 4.227906E-02 4.227796E-02 4.227971E-02 4.228102E-02 4.228315E-02 4.228216E-02 4.227841E-02 4.227316E-02 4.230265E-02 4.229791E-02 4.229207E-02
4.239281E-02 4.239168E-02 4.238907E-02 4.238221E-02 4.237979E-02 4.237485E-02 4.237008E-02 4.236602E-02 4.236061E-02 .0423548 4.234797E-02 4.234411E-02 4.234103E-02 4.233312E-02 4.234201E-02 4.234053E-02 4.233837E-02 4.233956E-02 4.234045E-02 4.237236E-02 4.237321E-02 .0423722 4.237049E-02 4.236751E-02 4.236618E-02 .0423755 4.237153E-02 4.236465E-02 4.235975E-02 .0423563 4.234592E-02 .0423456 .0423253 4.232107E-02 4.230788E-02 4.230511E-02 4.230328E-02 .0422975 .0422921 4.228638E-02 4.228325E-02 4.227967E-02 4.227618E-02 4.227379E-02 4.227526E-02 .0422749 4.227647E-02 4.227777E-02 4.227616E-02 4.227318E-02 4.230227E-02 4.229716E-02 4.229208E-02
4.239064E-02 .0423886 4.238744E-02 4.237713E-02 4.237577E-02 4.237128E-02 4.236609E-02 4.236187E-02 4.235737E-02 .0423542 4.234951E-02 4.234445E-02 4.233933E-02 4.233529E-02 4.233126E-02 4.233892E-02 4.233757E-02 4.233595E-02 4.233439E-02 4.236573E-02 .0423645 4.236367E-02 4.236553E-02 4.236487E-02 4.236151E-02 4.236048E-02 4.236963E-02 .0423661 4.236107E-02 4.235546E-02 4.234244E-02 4.233869E-02 .042337 4.231864E-02 4.230545E-02 4.230278E-02 4.230035E-02 4.229794E-02 4.229279E-02 4.228808E-02 4.228511E-02 4.228241E-02 4.227852E-02 4.227551E-02 4.227099E-02 4.226851E-02 4.226896E-02 4.226958E-02 .0422709 4.226817E-02 4.230073E-02 4.229702E-02 4.229162E-02
.042392 4.238379E-02 4.238293E-02 4.237261E-02 4.237158E-02 4.236799E-02 4.236405E-02 4.235996E-02 4.235622E-02 .0423521 4.234823E-02 4.234569E-02 4.234074E-02 4.233652E-02 4.233093E-02 4.233058E-02 4.233803E-02 4.233373E-02 4.233015E-02 4.235925E-02 4.235714E-02 4.235704E-02 4.235789E-02 4.235732E-02 4.235913E-02 4.235649E-02 4.236098E-02 4.235966E-02 4.235641E-02 4.235196E-02 4.234986E-02 4.234023E-02 4.233423E-02 4.231775E-02 .0423037 4.230196E-02 4.229866E-02 4.229595E-02 4.229067E-02 4.228888E-02 4.228659E-02 .0422824 4.227933E-02 4.227408E-02 4.226991E-02 4.226557E-02 4.226201E-02 4.226144E-02 4.226187E-02 .0422636 4.229637E-02 4.229401E-02 4.229123E-02
4.238923E-02 4.238172E-02 4.237975E-02 4.237097E-02 .0423679 4.236575E-02 4.236264E-02 4.235834E-02 4.235542E-02 4.235202E-02 4.234827E-02 4.234457E-02 4.234108E-02 4.233677E-02 4.233119E-02 4.232983E-02 .0423248 4.233211E-02 4.232974E-02 4.235704E-02 .0423528 4.235115E-02 4.234796E-02 4.234634E-02 4.234632E-02 .0423434 4.234238E-02 4.235426E-02 4.235433E-02 4.235169E-02 4.235026E-02 4.234012E-02 4.233539E-02 4.231687E-02 4.230319E-02 4.229975E-02 .0422969 4.229425E-02 .0422918 4.228799E-02 4.228517E-02 .0422812 4.227675E-02 4.227231E-02 4.227151E-02 4.226488E-02 4.225975E-02 4.225787E-02 4.225464E-02 4.225458E-02 4.228931E-02 4.228796E-02 .0422865
4.238394E-02 4.238473E-02 4.238188E-02 4.237052E-02 4.236846E-02 4.236609E-02 4.236173E-02 4.235765E-02 4.235457E-02 4.235085E-02 .0423465 4.234416E-02 4.234085E-02 .0423364 4.233122E-02 4.232739E-02 4.232292E-02 4.232001E-02 4.232664E-02 4.235215E-02 4.234809E-02 4.234399E-02 4.234108E-02 4.233836E-02 4.233882E-02 4.233738E-02 4.233889E-02 4.235008E-02 4.234814E-02 4.234569E-02 4.234504E-02 4.234053E-02 4.233672E-02 4.233226E-02 4.230456E-02 4.230019E-02 4.229568E-02 4.229367E-02 .042291 4.228499E-02 4.228258E-02 4.227941E-02 4.227582E-02 4.227123E-02 4.226802E-02 4.226556E-02 4.226031E-02 .0422557 .042251 4.224917E-02 4.228131E-02 4.228073E-02 4.228064E-02
4.238075E-02 4.238135E-02 4.238428E-02 4.237013E-02 4.236886E-02 4.236768E-02 4.236414E-02 4.235915E-02 4.235436E-02 4.234845E-02 4.234469E-02 4.234217E-02 .0423371 4.233197E-02 4.232833E-02 4.232303E-02 4.231535E-02 .0423118 4.230809E-02 4.234834E-02 4.234647E-02 4.234466E-02 4.234292E-02 4.233839E-02 .0423327 4.233202E-02 4.233529E-02 4.233466E-02 4.234348E-02 4.234278E-02 4.234182E-02 4.233725E-02 4.233558E-02 .0423335 4.230674E-02 4.230231E-02 4.229698E-02 .0422922 4.228822E-02 4.228508E-02 4.228042E-02 4.227688E-02 .0422745 4.227107E-02 4.226568E-02 4.226285E-02 4.225831E-02 .0422552 4.224956E-02 4.227602E-02 4.227764E-02 4.227431E-02 4.230159E-02
4.237572E-02 4.237797E-02 4.238081E-02 4.237068E-02 4.236611E-02 4.236385E-02 .0423663 4.236054E-02 4.235413E-02 4.234768E-02 4.234137E-02 4.233616E-02 4.232914E-02 4.232536E-02 4.232188E-02 4.231814E-02 4.231275E-02 4.230703E-02 4.233729E-02 4.234813E-02 4.234478E-02 4.234416E-02 4.234228E-02 .0423395 4.233435E-02 4.233103E-02 4.232937E-02 4.232806E-02 4.233963E-02 4.233822E-02 4.233526E-02 4.233227E-02 4.233297E-02 4.233166E-02 4.230626E-02 4.230265E-02 4.229842E-02 4.229227E-02 4.228818E-02 4.228313E-02 4.227785E-02 4.227465E-02 4.227209E-02 4.226748E-02 4.226196E-02 4.225496E-02 4.225198E-02 4.225095E-02 4.224915E-02 4.227647E-02 4.227782E-02 4.230093E-02 4.230127E-02
