inputs/Middelgrunden/Resource grid 1   Sector 2   Height 64m   Weibull-A.grd
DSAA
 111           201 
 728800        731000
 6176000       6180000
 6.732592      6.758048
[rows 28 to 55 of 201, columns 0 to 62 of 111]
6.755097 6.754904 6.754652 6.754262 6.754674 6.755411 6.755381 6.755535 6.755398 6.755307 6.755375 6.755207 6.754794 6.754954 6.755663 6.755991 6.755962 6.756003 6.755993 6.756186 6.756279 6.755608 6.75632 6.756847 6.756579 6.756636 6.756612 6.756639 6.756654 6.756384 6.755963 6.756188 6.756188 6.75629 6.756275 6.756299 6.756114 6.756115 6.75611 6.755828 6.756042 6.756361 6.756602 6.756473 6.756587 6.756606 6.756648 6.756619 6.756595 6.756367 6.756093 6.756069 6.756033 6.756033 6.756021 6.756035 6.756139 6.756147 6.756156 6.756359 6.75617 6.756526 6.756804
6.755145 6.755096 6.75494 6.755177 6.754775 6.754781 6.755449 6.755563 6.755411 6.755354 6.755394 6.755231 6.755517 6.755035 6.755787 6.755961 6.756004 6.756078 6.75605 6.756198 6.756291 6.755638 6.755723 6.756816 6.756635 6.756711 6.756672 6.756697 6.756667 6.756641 6.756346 6.755959 6.756245 6.756269 6.756294 6.756296 6.756309 6.756125 6.756157 6.756173 6.756057 6.75606 6.7563 6.756614 6.756615 6.756604 6.756621 6.756676 6.75659 6.756548 6.756368 6.756368 6.755794 6.756042 6.756051 6.756048 6.756124 6.756146 6.75619 6.756173 6.756204 6.756198 6.756754
6.755079 6.755245 6.755103 6.754957 6.755234 6.75485 6.755491 6.755626 6.755643 6.755434 6.755444 6.755503 6.755509 6.755122 6.755156 6.755754 6.756072 6.756071 6.756089 6.756291 6.75625 6.756332 6.755785 6.755842 6.756938 6.756713 6.756688 6.756703 6.756671 6.756648 6.756609 6.756022 6.756011 6.756255 6.756304 6.756321 6.75633 6.756351 6.756177 6.756161 6.756146 6.75607 6.75597 6.756593 6.75675 6.756639 6.756656 6.756662 6.75666 6.756585 6.75653 6.756398 6.756405 6.75581 6.755841 6.756084 6.756139 6.756155 6.756211 6.756195 6.756414 6.756211 6.756768
6.755007 6.755255 6.755181 6.75505 6.755327 6.754945 6.754919 6.755577 6.755342 6.755522 6.755486 6.755635 6.755744 6.755771 6.755209 6.755142 6.755821 6.756103 6.756156 6.756308 6.75635 6.756399 6.756468 6.755865 6.756315 6.756994 6.756707 6.75666 6.756679 6.756657 6.756664 6.756271 6.756034 6.756037 6.756289 6.756353 6.756364 6.756344 6.756374 6.756198 6.756203 6.756406 6.755978 6.756014 6.756741 6.756646 6.756645 6.756632 6.756598 6.756595 6.756568 6.756525 6.756384 6.756063 6.755829 6.755838 6.756169 6.756166 6.756155 6.756193 6.756183 6.756374 6.756435
6.75475 6.75526 6.755315 6.755126 6.75504 6.755732 6.75491 6.755003 6.755375 6.755708 6.755519 6.755642 6.755696 6.756281 6.755932 6.755185 6.755234 6.755908 6.756224 6.756392 6.756416 6.756379 6.756493 6.756485 6.756322 6.756412 6.756938 6.75667 6.756661 6.756687 6.756683 6.75661 6.75634 6.756106 6.756067 6.756383 6.756384 6.756397 6.756372 6.756407 6.756245 6.756403 6.756268 6.755962 6.756488 6.756764 6.756599 6.75663 6.756557 6.756586 6.756561 6.75654 6.756557 6.756073 6.756081 6.755946 6.755947 6.756173 6.756172 6.756198 6.756192 6.756191 6.756622
6.754798 6.755194 6.755396 6.755322 6.755153 6.755665 6.755652 6.754982 6.754688 6.755433 6.755682 6.75557 6.755712 6.755938 6.755958 6.755953 6.755289 6.755354 6.756218 6.756433 6.756425 6.756412 6.756497 6.756492 6.756518 6.756346 6.756425 6.756976 6.756707 6.756683 6.756658 6.75665 6.756319 6.756347 6.756088 6.75608 6.756386 6.75638 6.756391 6.756394 6.756413 6.756407 6.756299 6.756315 6.756485 6.756497 6.75675 6.756622 6.756546 6.75662 6.756588 6.756604 6.756573 6.756572 6.756093 6.756183 6.755948 6.755949 6.756192 6.75619 6.756181 6.756194 6.756227
6.754188 6.755251 6.755455 6.755453 6.755234 6.755109 6.755696 6.755627 6.755031 6.755429 6.755828 6.755628 6.755667 6.755847 6.75608 6.755972 6.755985 6.755334 6.755333 6.756419 6.756422 6.756434 6.756465 6.756526 6.756507 6.756917 6.75646 6.756442 6.756965 6.756714 6.75671 6.756677 6.756329 6.756377 6.756413 6.756134 6.756171 6.756417 6.756417 6.756397 6.756416 6.756603 6.75632 6.756359 6.756401 6.756507 6.756526 6.75664 6.756566 6.756555 6.756557 6.756586 6.756589 6.756577 6.756296 6.756227 6.756179 6.756194 6.756017 6.756236 6.756248 6.756227 6.756252
6.752778 6.75463 6.755535 6.75552 6.755386 6.755172 6.755743 6.755688 6.755054 6.754771 6.755472 6.755749 6.755692 6.755758 6.756011 6.756446 6.755933 6.755928 6.755382 6.756183 6.756481 6.756527 6.756552 6.756617 6.756572 6.75701 6.757014 6.756509 6.756484 6.756752 6.756748 6.756694 6.756696 6.756368 6.756438 6.756452 6.756141 6.756191 6.756439 6.756418 6.756419 6.756669 6.756539 6.756451 6.756396 6.756811 6.756811 6.756527 6.756586 6.75659 6.756518 6.756557 6.756604 6.756593 6.75662 6.7564 6.75626 6.75625 6.756246 6.756034 6.756048 6.756251 6.756253
6.751781 6.753781 6.755377 6.755482 6.755383 6.755255 6.755585 6.755765 6.755817 6.754832 6.754946 6.755823 6.755632 6.755734 6.75594 6.756213 6.756465 6.755991 6.755436 6.755618 6.756221 6.756536 6.756565 6.756574 6.756612 6.756619 6.756972 6.757051 6.756517 6.756525 6.756771 6.756712 6.756728 6.756383 6.756368 6.756415 6.75643 6.756196 6.756202 6.756402 6.756416 6.75664 6.756569 6.756599 6.756418 6.75649 6.756823 6.756836 6.756464 6.756578 6.756594 6.756598 6.756605 6.756632 6.756639 6.756407 6.756435 6.756309 6.756304 6.756279 6.756045 6.756082 6.756275
6.752218 6.753637 6.754941 6.756021 6.755438 6.755318 6.755633 6.755894 6.755851 6.755416 6.755061 6.755049 6.755822 6.755732 6.755869 6.756136 6.756234 6.756021 6.756032 6.755659 6.755709 6.756574 6.756559 6.756567 6.756625 6.756588 6.756975 6.757041 6.757084 6.756534 6.756578 6.756821 6.756741 6.756399 6.756374 6.756415 6.756428 6.756404 6.756193 6.756181 6.756435 6.756661 6.756567 6.756627 6.756648 6.756496 6.756853 6.756852 6.756761 6.756361 6.756365 6.756585 6.75663 6.756628 6.756636 6.756721 6.756463 6.756473 6.756363 6.756351 6.756294 6.756102 6.756099
6.753328 6.754385 6.755278 6.756064 6.755697 6.755416 6.755356 6.755667 6.755805 6.755906 6.755574 6.755153 6.755655 6.755922 6.755804 6.756064 6.756225 6.756477 6.756054 6.756238 6.755718 6.755836 6.756572 6.756577 6.756551 6.756624 6.756979 6.757031 6.757079 6.757077 6.75659 6.756788 6.756768 6.756724 6.75637 6.756407 6.756424 6.7564 6.756376 6.756196 6.756243 6.756682 6.756567 6.75668 6.756669 6.756717 6.756903 6.756896 6.75677 6.756758 6.756401 6.756335 6.756622 6.75666 6.756669 6.756799 6.756485 6.756498 6.756499 6.756347 6.756359 6.756367 6.756123
6.754174 6.755424 6.755596 6.755922 6.756104 6.755499 6.755457 6.755719 6.755978 6.755925 6.755673 6.755161 6.755178 6.755939 6.755812 6.756002 6.756237 6.756246 6.756527 6.756249 6.75628 6.755827 6.75585 6.756573 6.756561 6.756639 6.756648 6.757048 6.757064 6.757085 6.757057 6.756605 6.756751 6.756723 6.756405 6.756379 6.756416 6.756416 6.756456 6.756474 6.756258 6.756494 6.756595 6.756671 6.756702 6.756711 6.756597 6.756893 6.756786 6.756778 6.756747 6.756398 6.756429 6.756716 6.756729 6.756813 6.756495 6.756458 6.756443 6.756496 6.756388 6.756393 6.756425
6.754776 6.756207 6.755606 6.755606 6.756149 6.756003 6.755556 6.755837 6.755789 6.755989 6.7557 6.755653 6.755223 6.755113 6.755999 6.755957 6.756197 6.756265 6.756313 6.75672 6.756289 6.756302 6.755895 6.755907 6.75658 6.756563 6.756641 6.756981 6.757057 6.757107 6.757099 6.757092 6.756556 6.756979 6.7564 6.756409 6.756413 6.756437 6.756437 6.756452 6.756486 6.756474 6.756392 6.756698 6.756744 6.756739 6.756753 6.756915 6.756779 6.75683 6.75685 6.756677 6.756454 6.756449 6.756766 6.756818 6.756801 6.756463 6.756452 6.756464 6.756474 6.756421 6.756454
6.755246 6.756175 6.756169 6.7557 6.755563 6.756064 6.755723 6.755947 6.755889 6.756114 6.75576 6.75578 6.755758 6.755137 6.755459 6.755871 6.756132 6.756318 6.756333 6.756737 6.756344 6.75632 6.756398 6.755884 6.756559 6.75659 6.756657 6.757 6.75707 6.757098 6.757129 6.7571 6.756564 6.756567 6.756796 6.756453 6.756439 6.756464 6.756493 6.756483 6.756526 6.756684 6.75637 6.756504 6.756707 6.756746 6.756816 6.75682 6.756851 6.756852 6.75688 6.756837 6.756693 6.75648 6.756468 6.75682 6.756791 6.756461 6.756467 6.756506 6.756536 6.756546 6.756386
6.755848 6.756185 6.75637 6.756103 6.755645 6.756113 6.756077 6.755692 6.75598 6.755908 6.75617 6.75579 6.755881 6.755726 6.755207 6.756029 6.756097 6.756277 6.756326 6.75651 6.756788 6.756381 6.756392 6.755908 6.755943 6.756558 6.756608 6.756673 6.75713 6.757094 6.75709 6.757065 6.757017 6.75657 6.756599 6.756478 6.756492 6.756514 6.756525 6.756528 6.756489 6.75654 6.756612 6.756505 6.756512 6.756714 6.756791 6.756797 6.75706 6.756891 6.756902 6.756852 6.756808 6.75671 6.756467 6.756572 6.756771 6.756824 6.756533 6.756515 6.756518 6.756526 6.756543
6.755848 6.755931 6.756282 6.75618 6.755725 6.755776 6.75617 6.756199 6.756065 6.756012 6.756268 6.755831 6.755856 6.755756 6.75526 6.755349 6.756073 6.756295 6.756311 6.7565 6.756578 6.756834 6.75644 6.756468 6.755967 6.755964 6.756647 6.756682 6.757153 6.757112 6.757055 6.757088 6.757087 6.757036 6.756598 6.756291 6.756496 6.756535 6.756539 6.75652 6.756567 6.756569 6.756681 6.756746 6.756526 6.756514 6.756783 6.756704 6.756748 6.757052 6.756873 6.756825 6.756848 6.756714 6.756694 6.75656 6.756623 6.756855 6.756526 6.756548 6.756546 6.756532 6.75656
6.755702 6.755939 6.756186 6.756434 6.756113 6.755627 6.755805 6.756213 6.756233 6.756072 6.756 6.755928 6.755875 6.755888 6.755778 6.755391 6.755743 6.756257 6.756336 6.756526 6.75659 6.756818 6.756801 6.756435 6.756504 6.756005 6.756037 6.756624 6.757048 6.757092 6.757093 6.757115 6.757106 6.757044 6.757085 6.756646 6.75633 6.756575 6.756588 6.756587 6.75663 6.756601 6.756721 6.756782 6.7567 6.756511 6.756562 6.756714 6.756741 6.75703 6.757036 6.756827 6.756834 6.756817 6.756766 6.756832 6.756623 6.756628 6.756577 6.75658 6.756542 6.75658 6.75656
6.755709 6.755953 6.756076 6.756417 6.756309 6.75598 6.755827 6.756181 6.756558 6.756139 6.756054 6.755984 6.7559 6.75586 6.755871 6.755878 6.755501 6.755933 6.756389 6.756579 6.756628 6.75661 6.756843 6.756443 6.756444 6.756466 6.756042 6.756175 6.756661 6.757067 6.757078 6.757077 6.757144 6.7571 6.757113 6.757134 6.756391 6.756373 6.756565 6.756607 6.756608 6.756601 6.756712 6.756765 6.756712 6.756698 6.756527 6.756538 6.756723 6.75703 6.757023 6.756988 6.756866 6.756869 6.756936 6.756824 6.756817 6.756659 6.756639 6.756559 6.756571 6.756556 6.756543
6.756094 6.755965 6.756027 6.756316 6.756335 6.756028 6.75567 6.755828 6.756215 6.756598 6.756128 6.756159 6.755984 6.755929 6.755911 6.755879 6.755964 6.755908 6.756454 6.756579 6.756597 6.756644 6.756631 6.756824 6.756477 6.756458 6.756439 6.755971 6.756114 6.757088 6.75709 6.757111 6.75714 6.757073 6.757116 6.757123 6.756775 6.756397 6.756413 6.756623 6.756622 6.756619 6.756718 6.7568 6.756805 6.756748 6.756751 6.756521 6.756554 6.756685 6.757064 6.757057 6.757042 6.756914 6.756976 6.75682 6.75685 6.756838 6.75687 6.756359 6.756537 6.75651 6.756466
6.756012 6.755824 6.756044 6.756117 6.75629 6.756271 6.756017 6.755833 6.755865 6.756661 6.756317 6.756147 6.756038 6.755976 6.755949 6.755953 6.755964 6.755668 6.75609 6.756636 6.756631 6.756612 6.75663 6.756833 6.756824 6.756438 6.756446 6.756416 6.755993 6.757061 6.757083 6.757153 6.757128 6.75705 6.757055 6.757061 6.757092 6.756787 6.756437 6.756246 6.756615 6.756646 6.756804 6.756806 6.756811 6.756777 6.756762 6.756762 6.756569 6.756551 6.757133 6.757068 6.757065 6.757043 6.75695 6.756967 6.756845 6.756848 6.756838 6.756839 6.756317 6.756502 6.756489
6.756043 6.756103 6.756026 6.75613 6.756351 6.75635 6.756044 6.756224 6.755876 6.756708 6.756675 6.756215 6.755853 6.756077 6.756012 6.755982 6.756019 6.756059 6.756066 6.756203 6.756609 6.756589 6.756613 6.756664 6.756847 6.756893 6.756498 6.756438 6.756018 6.756021 6.757048 6.757071 6.757045 6.757059 6.757057 6.757044 6.757088 6.756761 6.756827 6.756435 6.756293 6.756623 6.756817 6.756828 6.756866 6.756849 6.756857 6.75683 6.756793 6.756645 6.756667 6.757125 6.757084 6.757035 6.757089 6.756968 6.756927 6.756796 6.75681 6.756834 6.756498 6.756295 6.756291
6.755967 6.756182 6.756007 6.756111 6.756206 6.75638 6.756286 6.756046 6.755912 6.75631 6.756653 6.756639 6.755922 6.756115 6.756059 6.755964 6.756039 6.756071 6.756226 6.756411 6.756203 6.756601 6.756676 6.756696 6.756698 6.756895 6.756488 6.756442 6.756447 6.756042 6.756674 6.757072 6.757056 6.757065 6.757015 6.757042 6.757087 6.756786 6.75678 6.756771 6.75646 6.756323 6.756837 6.756843 6.756841 6.756882 6.756879 6.756862 6.756853 6.756864 6.756634 6.75696 6.757057 6.757046 6.757135 6.757089 6.756929 6.756771 6.756769 6.756767 6.7568 6.756519 6.756302
6.755968 6.756073 6.75614 6.756117 6.756164 6.756389 6.756388 6.756167 6.756358 6.755972 6.75629 6.75666 6.756322 6.755976 6.75611 6.756018 6.756009 6.756089 6.756154 6.756601 6.756395 6.756639 6.756644 6.756662 6.756695 6.756854 6.756879 6.756472 6.756481 6.756485 6.756482 6.756673 6.757082 6.757085 6.757065 6.757027 6.757035 6.757024 6.756744 6.756769 6.756793 6.756433 6.756589 6.756853 6.756888 6.756896 6.756925 6.756874 6.756881 6.756888 6.756836 6.756963 6.756919 6.757069 6.757103 6.757071 6.75704 6.756896 6.756742 6.756788 6.756815 6.756546 6.756528
6.755879 6.75609 6.756193 6.756112 6.756104 6.756297 6.756464 6.756389 6.756207 6.756353 6.756338 6.756656 6.75658 6.755883 6.756133 6.756126 6.756021 6.756031 6.756115 6.756481 6.756416 6.756239 6.756619 6.75666 6.7567 6.756678 6.756867 6.756866 6.756481 6.756487 6.756554 6.756568 6.756701 6.757085 6.757008 6.757015 6.757024 6.757041 6.756717 6.756714 6.756694 6.756768 6.756631 6.75664 6.756924 6.75693 6.75695 6.756842 6.756878 6.756874 6.756826 6.756826 6.756935 6.756883 6.757103 6.757079 6.757066 6.75689 6.756906 6.756783 6.756804 6.756566 6.756556
6.755871 6.756037 6.756157 6.75634 6.756096 6.756281 6.756476 6.756404 6.75641 6.756283 6.756341 6.75625 6.756535 6.756258 6.75592 6.75609 6.755938 6.75605 6.756046 6.756452 6.756615 6.75642 6.756278 6.756672 6.756689 6.756689 6.756704 6.756885 6.756884 6.756527 6.756493 6.756914 6.756573 6.756701 6.757018 6.757058 6.75704 6.75703 6.756712 6.756702 6.75674 6.756754 6.756943 6.756655 6.756878 6.756889 6.756888 6.756883 6.756893 6.75688 6.756787 6.756793 6.75711 6.756926 6.756968 6.757118 6.757072 6.757055 6.756938 6.756793 6.756804 6.756812 6.75656
6.755891 6.755941 6.756148 6.756235 6.756055 6.756236 6.756345 6.756401 6.756368 6.756159 6.756729 6.756294 6.756239 6.75622 6.755967 6.756068 6.755949 6.755983 6.756162 6.756466 6.75664 6.756809 6.756306 6.75631 6.756725 6.756721 6.756717 6.756914 6.756889 6.756519 6.756515 6.756925 6.756958 6.756723 6.757048 6.75706 6.757073 6.757028 6.757035 6.756728 6.75674 6.756759 6.756955 6.756649 6.756514 6.756851 6.756876 6.756863 6.756884 6.756865 6.756822 6.75679 6.756796 6.757122 6.757004 6.757002 6.757153 6.757123 6.757119 6.75695 6.756788 6.756802 6.756541
6.756027 6.755982 6.756043 6.756174 6.756239 6.756137 6.756257 6.756452 6.756433 6.756408 6.756316 6.756647 6.756252 6.75656 6.75623 6.755921 6.756029 6.756016 6.756134 6.756426 6.756701 6.75676 6.756894 6.756345 6.756718 6.756733 6.756769 6.756781 6.756914 6.756882 6.75656 6.756592 6.756938 6.756619 6.75671 6.757063 6.757073 6.757096 6.757083 6.756758 6.756773 6.756807 6.756769 6.756976 6.756663 6.756525 6.756829 6.756696 6.756827 6.756806 6.756854 6.756832 6.756771 6.757097 6.757173 6.756987 6.757021 6.757192 6.757123 6.757095 6.756951 6.756832 6.756841
6.756581 6.755967 6.75596 6.756113 6.7563 6.756119 6.756286 6.756395 6.756484 6.756418 6.756332 6.756633 6.756279 6.756248 6.756321 6.756258 6.75609 6.756006 6.75611 6.756349 6.756609 6.75679 6.756755 6.756403 6.756395 6.756781 6.756783 6.756768 6.756739 6.756918 6.756905 6.756622 6.756944 6.75701 6.756653 6.756748 6.757084 6.757105 6.75709 6.756775 6.756796 6.756767 6.756796 6.757009 6.756982 6.756686 6.756433 6.756703 6.75675 6.756761 6.756825 6.756778 6.756787 6.756813 6.757172 6.757187 6.75703 6.757 6.757149 6.757163 6.75712 6.756862 6.756878
